82,0
3,0
116,0
104,0
14,0
35267,34341
76591,69691
202,0
27,0
318,0
76633,76581
1,0
13,0
142,0
764,1926
36,-29530
7256,0
3351,0
12,0
2014,0
114,0
3,0
3,0
71642,77519
2,0
14529,0
51061,53584
1,0
156,296
4,0
2384,0
59,0
146,0
233,0
1,0
16328,0
12,0
500,0
4530,0
1683,0
70660,63699
2,-5
48,-96
180,0
42680,41257
168,0
165,0
14342,0
5944,0
6,0
3125,0
11,0
109,0
11964,14736
330,320
17,0
82458,86775
162,0
34,0
99,0
69069,76547
63075,57037
1,9191
4,0
13346,15366
733,0
575,0
5582,0
56,0
4677,0
2,0
8,0
73975,49668
687,0
2851,3021
38,0
5620,0
1925,0
1,0
1017,0
49,0
2,0
11,0
15,0
135,0
123,0
53705,73657
1223,0
70549,74988
8313,8316
19802,41052
7561,-2995
8,0
26,0
2437,0
1,-72
1,0
8,0
1350,0
33,0
29220,25852
2963,0
143,0
1,0
2,0
216,0
15,0
15900,0
2,0
5,-18186
303,0
24,0
97,97
3345,0
1,0
19401,0
3088,0
4820,0
2629,0
61,2369
1366,3829
47016,0
7912,0
675,0
23619,23725
22,0
98630,66656
1620,7095
28193,18895
2545,0
16,0
418,0
1,0
2884,0
3482,0
1665,11025
1394,0
9,0
4,0
62750,95452
5,0
2,0
291,0
8081,0
15,0
462,1028
44,0
247,-119
13,1726
12561,0
20,0
27,0
287,0
12,0
2393,1939
62150,30430
37447,71444
21242,0
3,0
8939,0
219,0
907,18296
56396,56842
93,0
30435,-34861
72574,64702
17,0
3351,0
96073,100768
68,0
8,0
192,4001
629,0
4190,0
7,0
404,0
91,0
97913,77951
25,0
29,0
50073,32901
224,0
71,0
1,0
70,0
58981,58737
1,0
6424,0
1,0
5603,10714
4446,4237
6560,0
2,0
48,0
161,0
519,0
3,0
2,0
26552,13131
21,0
15,0
1311,19317
257,0
18809,23322
902,0
10605,22738
4338,0
6854,-23220
1,0
3,0
385,0
38245,30428
484,0
10533,0
17853,-26815
97372,97764
7,0
25127,0
1,0
51600,73124
49873,63712
263,0
2780,0
10,0
1525,-1246
119,0
64,0
7,0
15,0
1396,0
68,0
29,0
2,0
1,0
1,0
21,22
87368,75349
379,0
140,0
661,0
8,0
12,0
3738,-12788
20369,0
8,0
11625,0
8,0
16,0
269,269
166,0
41,0
13,0
1,0
51457,20330
43,0
5861,5861
47143,47136
15,0
7,0
4,0
93,-16743
331,67129
264,0
69,0
4923,0
8,0
10371,10872
417,0
5650,0
467,467
1,0
1884,0
101,0
112,0
3795,0
2349,0
7024,5889
13648,16102
1,0
13120,0
9,0
2,-44599
2728,0
8811,0
19,0
3,0
12,0
4,0
1534,0
18,200
46,0
3275,0
31,0
18,0
4,0
2303,0
4519,0
30,0
2,0
1,0
1,1
1826,0
282,0
57653,50755
149,0
2167,0
13249,0
1193,1129
8,0
1810,0
83443,135658
2,0
13,13
53,0
48354,51247
23,0
12153,0
2994,3003
2,0
976,0
62199,63470
1447,0
27166,10160
178,0
6,0
19,0
34,0
3,0
16,0
1,0
51982,73290
130,0
3298,3501
1,0
11705,10959
482,0
805,0
4731,0
33,0
886,0
21,0
1012,0
52860,38563
84752,49831
21,0
13,0
145,0
58245,88746
38,0
17490,0
18949,-4117
1,0
8,0
238,0
1,0
43,0
6721,0
1,0
5615,0
4,0
35,0
2419,0
43,0
5,0
3482,0
361,0
59,0
12,0
451,854
56,0
2850,14755
1,0
50,0
228,0
26,0
34,0
2738,0
32053,0
5,0
43763,42306
13201,14234
59,0
8062,8062
90,0
5,5
34433,0
9,0
8,0
62093,86692
151,0
7166,0
507,0
84265,87143
4,0
14,0
884,0
13,0
6426,0
14,0
5930,0
22404,3496
7,0
73,0
67664,66120
3,0
7377,0
1679,0
3704,0
5,0
2844,0
1588,0
20968,0
19115,21682
12830,0
33,0
59829,67079
30005,49151
47557,20015
94564,64557
10112,34218
23,0
4,0
19,0
2,0
787,0
3,0
2,0
7,0
9,0
2901,-47051
1,0
42603,70313
1317,0
79,0
1,0
1068,0
81462,81462
11915,18296
15,0
66,0
12,0
233,233
1,0
12,0
9515,0
34177,33870
2653,5700
4,0
12949,0
24,0
2945,0
28,0
6796,0
135,0
142,0
2964,0
36805,32887
24,0
48,0
1,0
2420,0
142,0
229,229
180,0
1098,0
3728,0
9,0
137,0
6568,0
3097,3097
73445,74490
1,0
1826,0
802,0
493,0
10075,0
3,0
1,0
18,0
2302,0
119,0
46411,0
51,0
38668,0
98513,99158
5195,0
4,0
5,0
55420,66740
37,0
2902,0
1881,0
139,184
13,0
2736,0
8082,0
1,0
466,0
1117,0
1,0
2147,0
11,0
56,0
2,0
32,0
1169,0
1533,0
5,0
27403,28907
1407,0
585,0
23928,0
1,0
2098,0
516,578
5215,0
2,0
591,0
182,0
21127,-9053
595,0
1,0
246,0
100,0
1,0
22,0
1021,0
77,0
29317,-1911
6102,0
9885,9801
610,0
77,0
7,0
1,0
6,0
464,-15045
12,0
678,0
47,0
2,0
73983,91366
20,0
22,0
6325,0
12127,0
1362,0
6602,-20906
2595,0
52460,87582
2900,0
97,0
1,0
5287,0
241,0
1314,0
4426,0
56341,59161
2,0
1,1
1,0
11,0
16,0
3,0
14239,0
95866,141879
174,0
11243,0
1957,0
47,0
6,0
12802,-15114
87220,80697
2,0
6236,0
804,804
4594,-993
6,0
1576,0
5,0
1610,0
15461,0
2951,0
55886,78243
1,0
57,0
239,0
1462,0
2863,0
46,0
138,0
824,0
3,0
464,0
41,0
16924,0
2560,0
4,0
155,0
6598,0
39,0
12113,-25689
2,0
31,0
4669,0
22652,28011
111,0
66242,67166
84789,114759
29973,6001
28596,0
397,0
20,0
44529,41440
51,613
4,0
381,0
29,-121
1,0
139,0
225,0
11883,0
2,0
24,0
34213,34213
766,0
2304,0
106,0
5245,0
36845,10323
31405,0
580,0
4031,0
23879,44441
12609,0
13290,-2122
4583,0
54,0
7,0
5,0
51668,46368
361,0
1725,0
9552,0
160,-294
34823,0
23,0
7,0
5,0
6,0
25,0
49,0
2,0
1,0
16,0
330,1986
3085,0
7902,0
90,0
3,0
6,0
1,0
7,0
1,0
95439,47239
28,0
9853,47543
84,0
2,-3227
383,0
91,0
4,0
2,0
22982,8038
270,0
62498,66403
4,0
23,0
14961,112615
98250,95639
19,0
185,0
12,0
529,-1551
829,0
356,0
156,0
3619,0
816,0
21,0
2,0
57995,50728
59770,29065
1,0
94492,63081
49135,13483
29,0
749,0
10009,0
3,0
2,0
27397,0
2,0
1334,0
6137,0
4,0
11,0
9,0
232,0
26,0
48,50
75,0
52816,54380
92,0
18338,0
2988,0
5095,45706
1342,50443
156,0
150,0
17687,0
2,0
10309,0
9235,0
89,0
157,0
7,0
1,0
24322,0
549,0
1229,0
516,0
231,0
2583,0
27799,83305
68,21134
52,0
869,0
8612,0
132,788
17,0
10,0
9,0
17,0
44860,71457
3224,3279
1,0
366,0
6,0
18,0
5,0
2128,0
3,0
37,0
18,-7260
1,0
1,0
21,0
8,0
22,0
53002,39925
5,0
37,0
42186,20405
2140,0
9272,-6151
32535,32285
11,0
330,0
151,0
32,0
3,0
15578,22258
1,0
5,0
1025,0
17426,22993
332,0
20587,0
2760,0
143,0
1816,-57254
20557,20512
769,0
57,0
57749,59036
107,-626
3,0
79,0
21411,0
26,0
1,0
58,0
220,0
249,0
2,0
26015,0
21,0
813,-1284
3,0
9910,0
5370,0
1,0
3978,-5117
55328,58101
1,0
13662,32188
2,0
4,0
1794,7792
4,0
449,0
104,0
305,0
15441,0
16,-445
25,0
4844,0
416,0
3706,0
49,0
5271,20900
14552,0
1539,0
3,0
13,0
5679,0
40,0
266,0
1,0
3938,-1406
471,0
40874,0
4255,27201
27846,0
2655,0
1634,0
3,0
1390,3133
35,0
2,0
26,0
79874,80102
4396,0
2874,0
5713,-3410
1310,0
19009,0
1423,0
9,0
7443,0
3,0
4999,-7559
21949,0
5600,0
1,0
36905,0
41,0
675,0
2356,2356
16,448
193,0
861,0
2,0
45560,80504
889,0
1098,0
2452,0
1095,0
3,0
1003,0
5,0
2,-11231
7,0
877,0
1,0
6599,0
2,0
53562,64646
58,0
1007,0
29876,5013
2799,0
17,0
19,0
733,733
9415,0
1,0
75991,69842
14811,0
7193,7192
23,0
430,0
59000,88046
1,1945
1232,0
3055,0
26523,82575
9650,0
2,0
3,3782
53421,51009
10,0
245,0
851,0
853,0
1,0
416,0
14,0
3038,0
16,0
11150,0
76,124
7,0
1,0
54,1851
6882,6628
28,0
8734,0
35,0
9442,0
590,0
3227,0
7395,0
45,0
25,0
1139,0
3,-13216
3,0
71156,47473
34,0
24881,0
19,19
16566,16663
11,0
1884,0
1721,0
6,0
2054,0
2269,0
476,0
13,0
7438,0
14,0
520,0
64513,72118
29903,65111
37,0
25205,0
2196,0
17904,0
62,-22051
2,0
155,0
19,0
495,0
9,0
132,0
3,0
19,0
74872,36730
26090,25198
74,0
20,0
50,0
64,0
325,0
457,0
58730,56746
70,0
3162,0
601,0
1347,0
2,0
7329,0
417,0
7927,0
129,0
8,-24575
70,0
83,0
17,0
13,-3175
144,-2614
2,0
54632,53460
8194,5905
12398,70373
484,0
2248,0
114,0
7,0
1,0
60,0
3031,0
1824,-28784
17233,12955
211,0
27887,28765
5,0
111,0
37,0
63,0
203,0
69432,64485
17,0
4603,11389
78898,79278
2120,0
4608,0
6250,-1155
7206,7239
9,0
4297,0
23053,289
2426,2445
1113,5427
51088,52689
5,0
92,0
785,0
2622,0
94427,127307
15,0
61289,65805
242,0
283,0
13,0
71,0
2,0
2421,0
21,0
463,0
1,0
63160,121263
1,0
27566,25501
6485,34629
208,0
13347,12919
7,0
10385,0
3,0
10499,6055
35961,33112
1579,1420
79154,77620
28,0
261,0
1,0
1,0
33731,-9335
24,0
170,0
579,0
4250,0
39,0
2,0
331,-1772
161,0
5908,59094
205,0
621,0
528,0
1,11376
167,0
9,0
5,0
6804,8513
10178,18876
8801,0
17168,0
138,0
37,0
8,0
7555,0
448,0
5,0
41,0
22,0
306,464
6,0
4826,0
57,0
1,0
7178,0
88168,86890
2,0
171,0
8,0
3267,0
6434,0
11,0
1,0
1,0
3245,0
9,0
622,0
5517,0
121,0
101,0
8439,0
408,0
2562,24810
8,0
5,0
137,0
64121,64520
12,0
7659,36957
5,0
4,0
5897,0
9,0
52633,51415
580,0
4256,0
6,0
215,0
15,0
189,0
3,-464
3085,0
458,1347
2,0
1,0
876,0
107,0
16,0
239,-18541
452,0
72006,73325
92,0
33678,0
21489,16847
3625,3585
1403,0
1,0
4,0
25693,26074
29,0
1,0
12453,0
2229,0
1,0
424,2709
1,0
1,0
1,0
219,0
76239,89945
1,0
2,0
208,0
64081,96699
18,0
2,0
89123,82832
822,0
6,0
611,-14661
1,0
2184,0
5130,0
10,0
7,0
4728,0
17509,17217
40,0
8,16784
41325,13729
2259,6640
1,0
837,0
50683,49006
137,0
26,-528
1,0
292,0
413,0
1,0
680,0
44,0
7533,7533
314,0
294,0
24888,86736
43993,-26354
52555,21373
681,0
1325,0
1574,0
129,0
68990,60121
24,0
23,0
35,0
1,0
132,0
11901,-32725
8966,0
3,0
1824,26115
16892,38679
530,0
19,0
1,0
194,0
411,0
262,0
68739,68739
1,0
171,2352
1,0
5,0
89976,126622
1653,0
28994,0
9,0
3230,0
30,-31256
10746,9197
33316,0
5832,9656
615,0
15,0
10,0
1,0
20,477
1244,0
2,0
11,0
591,0
2455,0
4603,0
20119,0
37265,27641
258,258
8,0
9,0
292,0
72,0
60,0
113,0
990,0
671,0
5,0
65,0
8335,78914
26,0
1384,0
122,0
14860,14860
4073,0
225,0
83435,121283
10,0
31270,9157
15,0
20,0
1,0
45777,0
5,0
33011,25447
67,0
3633,3633
188,0
6978,892
24,0
23,0
1,0
4,0
2038,0
98602,88061
6,0
41239,35965
100,0
166,0
3,0
91723,85962
2,0
15271,0
15,0
76010,89623
89877,86941
1791,0
71,-11275
14505,0
6,0
5516,0
1076,0
1,0
9,0
39600,37447
5,0
637,0
7,0
182,0
1,0
27252,27377
2,0
74,0
1,0
203,0
11,0
216,0
5981,0
15071,14635
368,0
545,0
467,0
6331,5310
5309,0
17,0
7,0
7,0
1731,0
7,0
36729,35591
3757,0
29,0
1295,0
639,0
441,0
2148,23869
1,0
38290,0
5147,16729
11437,0
975,0
3128,0
55026,63755
99,0
12,0
25687,0
2171,0
5749,0
7330,0
3930,0
234,0
29943,0
474,10345
22,0
1123,0
7,0
16990,0
13,0
55898,55286
3151,0
68497,76917
36833,0
1,0
496,0
25,0
536,0
155,0
11562,11412
338,0
9434,0
5,0
564,0
1,0
1,0
37733,60300
17434,0
849,-4680
36,0
246,-53872
65,0
325,0
123,0
23611,12202
183,0
88,0
12548,21419
6017,0
33,0
56914,50186
37,37
12640,0
9026,0
68499,62480
1,0
16698,13722
2647,0
3039,0
62,0
2,0
2263,0
93,0
18773,0
10,0
77700,110993
412,0
41433,42591
25769,4018
360,0
59,29
6444,0
781,0
266,0
5131,0
480,-6536
5,0
313,0
1,0
316,0
3,0
200,0
8910,-17391
3,0
20316,0
5,0
74634,66808
59,0
823,0
71129,83060
4,0
8,0
3,0
8,0
9,0
10853,0
70255,70174
1732,0
7,0
30388,0
44440,87445
213,-46876
48693,53470
9,0
55976,72613
5,0
4777,0
27,0
1,0
80,6921
16855,0
30,0
1697,0
5,0
11,0
1113,0
25402,2706
20,0
92406,92293
1,0
1,0
4,0
28,0
36229,0
46,0
4,0
1123,-6786
57,0
16,0
47277,42393
683,0
314,0
24,0
3,0
711,0
1482,0
410,0
533,0
5,0
2300,0
107,0
1569,0
34,0
6,0
2,0
14788,35189
472,1909
59635,59527
69136,76950
816,0
42724,35367
1997,0
1874,0
4,0
29189,48923
6410,6347
4,0
1,0
20577,0
7636,0
441,0
47,-5777
1,0
2,0
11747,143519
30,0
1,-13
331,0
760,0
747,0
1,0
27,0
2,0
23,0
986,0
37,0
11532,-8783
3,0
8585,0
308,0
873,0
1884,0
83,0
2014,0
1,48770
34191,0
16769,27770
4,0
10,0
11090,0
197,0
305,0
2590,-25939
62,0
3,0
1,0
965,0
9,0
49,0
7869,7869
11984,10877
1,0
44,0
52,0
301,0
896,0
478,0
47,0
392,4140
440,0
55587,54656
1,0
9,0
37,0
5,5
23438,34862
56512,134247
45,0
2,10109
34357,34218
180,0
19633,0
19,0
6851,-9466
2,0
500,0
1033,0
3787,0
4,0
433,0
3859,0
714,0
5607,0
1,0
2574,0
612,0
24,0
1,0
4,0
69,0
40,0
202,0
901,0
2245,0
19951,0
128,0
19,0
39,0
7,0
12,0
2,0
12,0
3,0
143,0
25,0
61039,52899
4262,0
643,0
14,0
60146,32960
86777,82790
12620,-8073
6,0
90387,95135
11398,0
44,0
15,36726
8,0
1455,0
803,0
548,0
35437,0
7,0
2724,0
480,-21195
88970,96963
12,0
837,0
34336,0
1669,1670
14,0
15,0
300,0
34687,56666
108,0
181,0
149,0
22,0
2490,0
4217,0
14352,0
3730,3696
6548,6482
6,0
80,0
318,0
19,0
997,-30931
19694,0
256,0
5,0
1,0
2668,0
881,0
2276,0
6,0
1,0
99,0
29742,29712
28,0
2801,2740
3,0
1874,0
819,0
2344,0
3261,-28879
24,0
17,0
472,0
35,0
29437,0
69873,70423
324,0
34514,0
5596,0
14701,0
3,0
1,0
19,0
1,0
2667,0
1227,0
4252,0
75,89
201,0
6,0
560,0
34087,0
9,0
9,0
102,-878
1,-946
74,0
51,0
1,0
2819,0
1,0
4,0
267,0
2449,0
8,0
1,0
1,0
313,0
870,0
7,0
419,0
7730,1602
15748,31374
15482,0
1,-126
1,0
3,0
19710,17371
1037,0
1,0
67,0
14,0
2,0
221,0
3,1335
69,0
1,0
28,0
34462,0
19624,0
529,0
4,0
22930,21413
1,0
7384,0
67699,103841
228,0
782,0
11183,27519
2483,-3695
581,0
8,0
8648,0
17,0
1421,-30102
7244,0
1,0
55,0
4,0
63,0
29010,47633
376,0
4875,5097
65932,39744
24,0
7997,0
1,0
1,0
420,0
10949,34156
52695,68109
4236,0
908,0
4435,0
1260,0
66,0
33712,68497
7934,0
1,0
2,0
403,0
371,0
1,0
41764,0
221,0
5,0
162,0
13508,0
15531,15622
45,0
32,29
2071,0
3,0
308,0
67648,63529
1,0
74,0
34778,0
4733,0
92329,111100
34498,0
188,0
1,0
1,0
4712,-10917
13711,54043
839,-3212
1,0
1344,0
12,0
21488,0
15,0
26,0
1,0
15582,15460
44,0
213,0
11673,0
168,0
3,0
28,0
8,0
4,0
5,0
192,0
14,0
681,0
2,0
6555,-20898
895,0
88876,83242
96934,116712
1,0
1,0
5,0
1,0
200,0
1,0
5,0
1610,0
590,0
83,80
6,0
716,0
210,-40224
1,0
44,0
1,0
1979,0
866,0
371,0
632,-847
116,31996
995,907
1866,0
2375,-23263
24,0
19971,0
298,0
185,0
11,0
285,0
17,0
1,0
14,0
22168,59133
9,0
12,0
28734,0
7291,5425
21981,0
124,0
1317,0
10421,14922
453,0
33513,33511
1,0
610,0
2489,38183
92,0
32394,30996
283,0
84,0
4,0
1,0
79,0
468,0
95,0
68,0
213,0
4956,0
999,0
325,0
2688,0
80,0
1,0
3,0
4,0
29,0
948,0
12822,68393
2,0
5,0
27143,112836
3938,0
2,0
47952,48337
1117,0
1,0
5568,5756
1643,0
3968,0
4,0
2,0
572,0
3991,0
2,0
2,0
62170,61763
17344,29352
27,0
9657,0
16985,17010
76,0
1,1
12,0
38053,34729
49002,58365
73,0
219,0
6753,0
21590,21381
12,0
1,0
719,0
8524,0
34,0
308,0
108,0
80597,111632
165,2874
41852,0
43,0
1227,0
12943,0
1,0
125,0
100,0
3,0
2004,25475
60687,60601
1,0
6,0
169,0
20,0
1,0
13,0
6197,0
18450,0
179,0
4,0
97857,99308
9,0
563,0
82456,83122
7611,-10397
191,0
2,0
253,0
6706,0
66,-7827
622,0
2043,2025
77137,68290
59,0
64,0
126,0
8,0
586,0
1,0
9914,-13965
213,212
10421,10421
3652,0
361,0
5346,0
2005,0
6905,9239
7378,0
541,0
381,0
546,0
1669,0
60285,57642
10234,8523
168,0
2741,0
7655,0
1488,0
1,0
368,0
41,0
39711,0
39,0
17,0
55,0
35,0
8,0
2,0
31421,0
593,0
1,0
6,0
15663,15858
1806,26165
2078,-42231
5,0
235,0
1,0
9,0
2,0
2763,0
23,0
46710,66758
10,0
12146,0
37249,0
3390,0
4,0
35097,41853
2321,0
1643,0
522,0
345,0
180,0
137,0
536,0
149,0
121,0
4,0
86,0
144,0
2412,2389
23480,23480
91330,88201
236,0
52,0
10656,-33162
19,-9396
3,0
18,0
7,0
4906,0
96,0
44808,43666
13305,0
1,0
85016,65431
2,0
140,0
147,-977
1024,1021
1,0
5,0
8,0
36065,43539
174,0
1723,0
49,0
7,0
2,0
3548,0
1,0
23703,0
10012,-23300
1483,0
1,0
99,0
51144,55697
4195,1439
132,0
2,0
102,0
1,0
1099,0
199,18213
33493,33744
3,0
769,0
1352,0
78,0
630,0
37,0
86439,86697
2512,0
8446,-1128
78,0
296,0
1734,-19138
1,23392
1,0
2996,0
122,0
1,0
1,0
505,0
3,0
20699,26585
964,2088
17,0
11618,31570
994,0
1,0
53,0
1,0
42,0
6,0
1,0
417,0
3826,0
1,-29651
32,0
1,0
3614,0
9540,1890
345,0
53,0
1,0
5,0
1,0
11,0
217,0
5710,-38622
20196,0
3094,3330
4411,0
1603,0
40,0
1,0
1,2446
33,0
1,0
315,0
25,0
11639,0
7830,0
379,0
69962,75670
81732,83892
34,0
838,0
64,0
70998,72126
45321,0
1,1
2370,0
1338,0
3387,5549
15,0
207,0
5,0
1,0
2194,0
813,0
1,553
30,0
17413,-10445
5,0
1723,0
13,0
2625,0
14066,59824
1,-398
192,0
65,68
66545,60213
10186,-8726
4938,0
31054,0
1,0
91073,154615
76,0
2,0
15812,0
79,229
16749,0
306,0
12600,11783
8587,8206
1,0
2,0
47346,150386
1,-33
328,0
22977,0
12,9178
41,0
38777,20166
16,0
218,0
44969,43100
46,0
23,0
3409,0
1276,0
5955,0
64,29
208,0
392,-15710
2,0
23272,0
27086,26403
10906,15634
12,0
227,0
6961,6513
97210,83632
13873,0
6,0
5,0
9802,0
1,0
54,0
1320,0
4,0
5545,-16168
5190,0
172,0
834,0
3,0
902,0
26267,20448
172,0
80,0
1,0
1110,0
2,0
45,0
7,0
1334,0
147,0
1,0
18,0
2430,0
3,0
7,0
2,0
12485,0
1,0
2,0
13,0
299,0
3789,0
2,0
2222,0
32540,0
85614,66331
1726,0
469,0
23019,26326
1,0
37084,0
24947,24603
75,0
220,0
88596,88639
88,0
76,0
4,0
20431,0
2079,0
1205,0
1120,0
431,0
3594,0
6660,0
4295,-38032
2215,0
235,0
59720,63036
1277,0
41566,0
119,0
253,-98
23194,0
2,0
4,0
56,0
3604,0
5,0
1296,0
109,0
9663,46655
30,0
1163,0
397,0
3,0
24241,0
6,0
4,0
7731,0
3187,16840
1558,0
4,0
89,0
1056,1051
26657,0
5,0
48,0
33357,0
4,0
22,0
4,0
785,0
10,0
2,0
175,0
55,0
321,0
73,0
12780,0
1,1
2122,0
96236,96438
9,0
11,0
12469,0
21,0
37047,0
5,0
1129,-23703
17719,17845
201,0
37,0
4,0
40070,0
15,0
17,0
2,0
12,0
6,0
78797,75428
1,0
10804,40114
1,0
34,0
15,0
7,0
2,0
421,0
1,-3553
5974,0
42,0
8520,8517
28,0
4939,0
1,0
1619,0
44866,84692
5,0
8468,0
719,0
13,0
5,0
17,0
24,0
10824,0
11068,64059
102,0
25,0
10349,0
6,0
20,0
15,0
6,0
16219,0
1,0
19641,-27892
87564,55073
26386,55933
72091,67413
1013,1090
7,0
49,0
2,2
18899,-6085
235,0
2353,0
1,0
88,0
26677,14652
925,0
38,0
34048,0
146,0
885,0
3318,0
12686,11885
366,0
2570,34198
310,322
134,0
6800,7729
6638,0
4069,0
21922,0
171,0
2,0
745,1538
171,0
3747,0
4,0
1849,0
1,0
6,0
5,0
58,0
26993,0
1,0
88,0
10221,11617
3,0
8277,0
1,0
95,0
6,0
15503,0
57,0
10042,56190
726,726
3,0
6,0
30,0
19,0
48,0
301,0
14898,0
105,0
1214,0
10,0
62,27854
81,0
2,0
438,0
2343,0
3488,0
50025,63015
22,0
2949,0
17,0
9,0
12293,14383
5393,0
2,0
25149,0
67,0
1622,0
5876,0
39,-2641
364,0
1,0
2,0
16,20344
1,0
35,0
361,0
14240,0
54,0
1997,46742
2150,0
32,0
55199,46373
12,0
12957,54265
1,0
71,0
1,0
11,0
28,0
2714,-8077
13,0
394,0
1948,-569
324,0
48,0
22,0
108,0
7,0
76,0
70979,62322
18586,79285
1,0
1,0
2,0
7,6
21,0
3,0
2,0
7,0
4,0
24497,28532
517,0
1106,1075
1,0
55316,55343
16,0
553,540
41619,52479
2,0
200,0
46,0
86,0
119,0
1451,0
16,0
201,0
86,0
5005,5001
1213,0
1,0
2,0
1105,0
71375,65999
2813,3764
11568,8609
12,0
20700,15752
4,0
1009,0
3838,0
14,0
47314,0
1,0
4,0
11079,0
2427,0
35624,58334
1420,0
585,0
2,0
4038,0
260,0
2,0
38111,33233
861,0
122,0
1197,4616
103,0
11527,0
3579,0
24128,25539
56,0
142,0
4,0
1,0
12,0
725,723
39326,0
7,0
2500,0
75,0
83,0
23,0
43,0
8,0
98,-28523
57,0
16,0
13093,0
670,0
565,0
6053,6014
5,0
396,0
22,0
720,0
252,0
1,0
2,0
53,0
1038,6248
113,0
32,0
28199,0
15907,1911
25141,0
187,0
19068,33988
2,0
500,0
2,0
90587,107566
120,0
23398,0
2289,0
27,0
6,0
5730,5835
2698,0
5,0
1,0
43,0
788,0
10,0
4,0
2,0
7,0
35925,0
20414,20549
152,0
4943,0
387,0
12041,10317
12465,0
1,0
66636,72235
1,0
82,0
270,258
32,0
52435,54033
297,-1071
4,0
15,0
200,0
624,0
28,28
21,0
17320,0
79974,64170
64,0
4396,0
39,0
37085,47372
25,0
14,0
14285,-1113
2,0
4456,0
3991,0
2149,0
519,0
93404,111154
1443,0
10107,10103
486,0
4,0
961,0
9718,1806
3435,0
11,0
7674,0
12,0
48,-34753
9,0
406,0
6,0
30,0
4826,0
569,0
7888,7888
31990,0
1,0
25526,34969
1,0
1,0
6,0
32468,0
281,0
9956,9950
3,0
76173,56661
1843,23814
6772,7068
1468,0
57,65138
318,0
278,0
146,35967
41220,41220
83,0
2952,0
211,0
3,0
4205,9846
836,0
207,4209
81157,81175
2208,3547
6135,0
1,0
267,671
39,0
4,0
50591,76052
6719,0
250,28547
2,0
610,0
8987,0
49,0
13,0
2,0
97602,99247
736,0
14,0
2,0
176,0
3272,0
16630,-24845
1,0
2163,0
20667,0
11709,-22238
4,0
1,0
85,0
41140,51851
3,0
159,0
305,0
7,0
8,75
4584,52207
4407,0
982,0
1095,0
235,0
13386,0
21846,0
22656,22570
87,0
45555,59378
1620,0
473,0
4,0
864,0
216,0
384,0
168,0
201,0
1,0
14,0
13277,16501
4812,0
59,0
1290,0
334,0
1,0
18935,0
44,-3012
608,0
60284,19325
2,0
17,0
4,0
1,0
42,0
12,0
74965,85793
1281,0
993,0
1313,0
14977,16837
73400,71193
823,0
4747,0
7,0
14,0
1,0
174,0
39272,0
60,0
2023,0
79045,72430
258,0
49340,48353
62,0
95257,156942
42,0
76155,72959
2,0
206,0
70695,70598
276,0
21,0
144,0
11856,0
55,0
67,67
2,0
12,0
10,0
513,0
13153,-29536
20226,23097
50,0
93,0
18089,0
3,0
1235,1541
101,0
13,0
1,0
61,17740
113,-4676
6,0
17,0
3,0
6416,0
8,0
1423,1423
44,12654
29472,29785
98438,99254
390,0
3,0
1858,5240
30,0
1971,0
3,0
40041,5242
13053,0
20866,54561
26573,27962
8,0
2256,0
11720,11384
15382,0
2,0
3,0
298,0
344,0
16300,16312
3415,0
423,0
13648,0
194,0
648,0
1,0
2,0
5,0
2439,0
855,0
5,0
160,0
26375,0
33,0
521,0
19,0
4201,-16213
2715,0
2,0
5,0
1,0
3085,0
774,0
65,0
2,0
4,0
5009,0
49,0
109,0
1,0
1253,0
2717,0
2,0
270,0
5,-12173
131,0
2861,0
1391,0
2,0
12,0
536,0
66233,63907
9,0
9,0
2538,0
93,13774
32,0
38,0
13,0
457,88
52,0
106,0
97,0
37,0
15925,721
1,0
54612,38934
119,0
49,0
89,0
27,0
4258,0
4450,0
1961,753
68265,57250
170,0
39,0
55,0
4,0
2,0
661,0
2,0
948,0
13804,0
962,0
1,0
188,0
51,-22025
2547,0
2400,0
12811,-6958
74,0
2,0
23818,0
1337,0
7,0
16,0
6204,0
1693,0
4,0
239,0
14,0
16,0
1806,0
45340,42049
12586,9664
8,0
470,0
13,0
8,0
1,-6050
58066,71098
6,0
3,0
69061,119302
17,46
11176,0
706,0
3895,0
10305,0
331,0
604,0
4652,0
2028,28147
695,0
37243,0
1109,0
18685,0
1,0
5769,-21040
6,0
622,0
3245,0
87795,85050
935,985
27,0
10575,49886
52471,61680
30446,0
7640,0
10384,0
39989,-10505
2,0
170,0
992,0
22062,22059
7,0
68027,80609
34489,48450
43,0
59,-1510
2218,0
1,0
16428,0
1324,0
39606,16907
291,0
791,0
1,-14509
1,0
6,0
45,0
320,0
218,0
1,0
218,0
10,0
6,35168
339,0
1416,0
163,0
21300,0
2319,0
50987,54446
99236,101658
827,0
149,0
15,0
1,0
3152,0
2822,0
1630,23195
54177,57872
1897,0
54,0
275,0
391,0
19752,0
37,0
2362,3357
9400,0
8,0
20206,11953
25009,0
673,0
130,0
70,0
1044,0
124,0
3,0
1233,0
1,0
113,0
14,0
26557,0
279,0
95645,111123
2,0
16555,25878
1,0
149,0
11,0
387,0
46,0
24,0
391,0
83,0
16895,22168
2,0
282,0
55935,73259
51,0
17067,0
14346,56428
15062,0
12,0
1,0
9272,9287
43,0
427,0
7,0
14315,0
12386,0
45051,84377
1,0
2420,30019
8,0
2224,0
7142,0
19522,0
287,0
125,0
1,0
23,0
9,0
494,0
1942,0
245,0
580,0
1,0
1,0
415,0
261,0
43919,50099
5,0
14,0
4,0
786,0
91,42783
1220,0
265,0
6,0
4124,0
22,0
13565,0
1040,0
86,0
858,0
18,0
1001,1365
27,0
3712,0
1,0
11,0
98105,88103
251,0
43,0
412,0
904,0
17,0
630,0
241,730
9,0
25,0
271,0
1598,0
31,0
28202,0
5551,0
10548,-19454
354,0
1033,0
14,0
3,0
41,0
28,0
3032,0
3080,0
171,0
857,0
3,1852
1,0
8,0
57914,57779
3576,0
24,0
175,0
13,0
44768,0
1814,0
31921,29904
931,0
86904,87179
3,-598
1,0
1,0
64492,42997
94,0
8037,0
5,0
19,41683
306,0
15463,0
172,0
2,0
2617,0
152,0
40396,0
27741,0
1979,1974
8283,0
1384,0
1,0
1,0
3,0
278,-1242
18,0
16,0
691,0
6,0
5,0
1,0
62996,64361
2,0
33045,0
38040,36251
1189,3239
3,0
2,0
38,0
43,0
18,0
38324,0
20,0
25,511
1053,7356
8,0
4437,0
20493,0
1,1514
15763,0
434,0
46,0
13,0
21903,0
13,0
388,0
82335,8257
99902,82847
391,0
3460,0
2335,0
13568,65565
710,0
93157,83397
8,23
485,0
5054,0
519,0
4,0
1,0
33,0
13359,0
413,0
26,0
256,0
3612,0
6681,18193
2339,0
283,0
19,0
401,0
76,0
506,0
40,0
1179,0
2933,0
2785,0
8,0
1433,0
55,0
1444,0
3,0
435,-5554
1091,0
1848,0
134,0
30,0
22,0
2,0
1,0
163,0
5,0
2759,0
62072,40777
269,0
3249,0
11160,0
49342,29893
48,0
359,0
5800,0
20,0
198,0
12,0
5,6
17,0
15,0
10,0
44,0
269,0
17425,17711
362,0
36225,76583
7568,0
86,0
7,0
17,0
37852,37852
1393,0
1,0
67,88163
173,0
729,0
130,0
11712,37799
47,49
2743,0
815,0
14976,0
36296,0
26282,0
5644,0
16331,0
2,0
950,0
41,0
1309,0
21,0
126,-563
60,0
5,0
2,0
48871,-8679
670,0
7,0
44925,0
13,0
36451,0
407,0
21,0
106,0
29482,26474
20,0
25,25
3,0
19,0
2712,0
1,0
98,0
10316,0
632,0
1850,0
66,0
122,0
1024,0
2,0
2215,0
9064,0
4,0
1,0
543,0
81426,96442
168,0
13,0
21529,0
22,0
354,0
1,0
10,0
26071,0
2,0
7525,14134
1,0
395,0
193,0
89146,75226
159,-17388
365,0
74553,92042
28,0
1513,0
862,0
21542,20043
1226,1500
9482,9483
270,0
2615,0
225,201
65462,38181
2,0
11,0
146,0
4577,0
195,0
3913,0
130,0
98,0
1,224
117,0
13822,13628
5316,0
2494,30048
8142,8841
377,0
2912,0
8394,0
925,0
16675,0
63404,24563
1148,0
1088,0
3,0
12157,0
15775,24469
77,0
63013,61017
2,0
13711,0
138,0
45,0
833,0
1,0
1,0
3,0
1286,0
1361,0
1,0
576,0
10104,0
1,0
508,0
105,0
2,0
3,0
533,0
60649,81645
10591,-30863
32,0
42094,-1926
1,0
29163,0
15680,-17371
354,-9183
32,0
208,0
2,34513
1202,0
29014,43898
1,0
6211,7305
34,0
718,0
621,645
1,0
9,0
3371,0
1502,0
1762,0
29347,32157
1,0
5105,0
1,0
1,0
42709,14504
1,0
6,0
1,0
2254,0
17,0
128,0
3,433
6620,0
32572,0
122,0
154,0
5312,0
250,0
2914,0
1246,0
385,0
1,0
3,0
228,0
1,0
2427,0
70741,71410
16833,56780
1,0
32502,0
15819,0
23,0
3,0
109,0
19668,18054
12,0
18152,0
9501,19728
829,-26620
14,0
20,0
1,0
53348,35636
981,0
1108,0
1044,0
519,0
2206,0
3,0
950,848
175,0
8,64802
51535,46562
1,0
43,0
1,0
901,902
395,0
1,0
10,0
2,0
35,0
1,0
6935,0
105,0
3,0
98995,99295
34,0
1,0
6,0
847,0
55906,49930
30158,0
115,0
35,0
223,0
1,0
324,0
20609,-8267
88,0
3,0
18,-6998
3303,0
71,0
104,0
1173,0
44,0
2,21824
1,0
10399,0
1379,0
26,0
9367,0
47,0
4,-1776
57632,53702
1,0
4,0
5,0
197,0
1054,0
9,0
1332,0
51925,66629
1,0
314,0
25,0
251,-39514
2270,0
19221,0
89166,104164
2,0
1917,0
651,0
2,0
9959,4192
1051,0
1272,0
37,0
8948,0
7184,0
23290,0
13,0
9,0
400,0
18,0
3,0
359,0
15,0
61,0
208,0
27573,25744
35,0
59,0
8300,11138
30656,0
1352,0
6362,23708
63,0
33154,38825
26,0
17563,0
105,105
7,0
11663,8743
497,497
1346,0
8,0
13,0
45,0
31,0
47,5582
11540,11540
59,0
2740,55650
4527,0
64185,62006
84,929
73,0
3420,0
53,0
6982,6643
10,0
21,0
52,0
2,0
4489,2920
18,0
7840,5680
7,6
4,0
16517,0
11,0
113,0
191,0
40904,0
124,0
1,0
77,0
80462,74916
1369,0
41466,34903
16,0
32825,0
1,0
2,0
1,45556
59258,139910
2146,0
1,0
47762,84025
9,0
49,0
1851,0
354,0
376,0
1025,1025
3,0
14365,0
3607,0
11063,0
41,0
103,0
1,0
6,0
186,0
2,0
57,0
30626,25633
6698,0
20,0
35828,0
1,0
91,-6054
1,0
127,0
243,0
29,0
11,0
12,0
1,0
7575,-26631
853,0
4276,0
14,0
45550,48732
189,0
609,96044
31885,0
50904,17931
22,0
25,0
7,0
2126,12221
4,0
19,0
226,0
9,0
3048,3048
593,0
1,0
2337,2243
1,0
32036,39674
5038,0
1,0
8,0
53988,17325
741,741
2,0
1,0
20,0
26357,-5367
685,0
2665,2661
1,0
4841,0
2410,0
7062,0
13,0
98418,100855
386,240
180,0
60164,56275
168,0
82193,72084
2873,4194
29,0
12,0
7541,0
56134,32464
15,0
962,22710
1796,0
11,-4572
33,0
3915,0
2663,0
84883,72282
11,0
3073,2253
351,0
82271,83073
11417,64820
32913,0
1,0
94,0
1022,0
79772,71150
3,0
384,0
9370,0
126,0
129,0
603,0
153,724
7,0
2,0
107,1100
6129,0
26,0
28878,16021
2431,0
9823,0
3,0
5652,0
2040,0
8,0
34,0
46,0
21,0
1,0
2840,0
366,0
432,0
157,0
469,0
1577,0
1,0
147,0
489,0
2,0
36,-556
2,0
11,0
3,0
12214,9309
4,0
2,0
7320,0
2,0
1217,0
14,0
8,0
41559,44963
10643,0
14432,14432
5,0
2295,0
3,0
31,0
6,0
17,0
973,0
13351,2241
211,0
2,0
34353,0
29837,0
2,45069
32608,32682
462,0
1,0
72965,84567
7,0
9,0
449,0
545,0
501,0
83048,98347
46274,45081
273,0
3,0
469,0
10,0
1721,0
7320,0
205,0
881,0
4059,0
1091,0
56,-36839
68698,67064
31389,0
3,3
43,0
9449,0
3711,0
19,0
5212,0
1,0
35554,5009
14,0
77794,81400
22450,24109
541,571
692,0
19,0
1,0
2518,0
13,0
15,-4902
939,0
2763,0
7,0
11501,31281
1,0
3559,-2593
53,-49695
4,0
2888,0
903,0
22,0
4,0
197,0
327,0
673,0
3,0
15613,-10547
16459,22516
98,0
12094,-4499
16,0
9605,0
45745,63760
1,0
11,0
4,0
2090,0
1906,0
1,0
215,0
186,0
34999,-10031
171,0
41,0
5962,0
14,0
2494,0
23,0
18,0
1,846
39,0
2,0
1,0
113,0
912,22534
2,0
222,0
39,0
80423,73716
123,0
122,0
4,-5048
14,0
110,0
91023,89634
9780,0
6041,10397
5,0
591,0
36704,0
1,0
2778,0
2,0
8,0
3,0
63,0
2411,-35697
3,0
5483,0
27,0
126,16571
384,39831
503,0
37,0
173,0
4,-40970
5322,0
228,-216
80,0
3,0
1604,0
30,0
2370,0
1131,0
1,0
28,0
1364,0
1,0
45,0
60967,66320
231,0
258,73
3860,0
50,0
1,0
1416,0
1,0
13437,13316
23,6876
8,0
79,0
46,0
703,0
1668,0
97830,96836
31864,0
750,0
39001,0
63788,66168
13473,0
1,0
15,0
6775,8348
103,3935
13,0
3141,0
1,0
155,0
4,0
9901,10706
4587,0
1550,11406
5923,0
8993,0
11720,57389
48917,16558
9953,0
6,0
24,0
12182,11078
3,0
39608,0
6,0
5,0
4052,0
19,0
4328,23703
1,0
1156,0
3,0
3681,0
3496,3505
1,0
336,0
33180,0
9,0
3807,4067
21,0
2,0
28,0
1209,19865
500,0
1757,0
234,0
178,0
5112,5247
783,0
7821,0
14228,15484
1,0
2,0
75,0
924,0
3,0
2751,2797
3,0
1,0
692,0
2550,0
66226,43071
72572,88693
82459,78355
13397,0
1,0
1,0
1,0
636,0
10,0
27103,0
756,186
7,0
266,0
1,0
85030,50591
6,0
550,10857
13,0
2359,0
3080,0
79273,63418
2477,0
55337,83897
6,0
578,0
1,0
28,0
2,0
46563,48162
12224,0
7152,40403
3,0
3,0
822,0
3,0
38,0
1466,0
3732,0
1266,0
87,0
136,0
5,0
44,0
28856,0
11,0
15566,26810
675,0
29,0
1087,1671
51945,60944
3,0
20580,0
64,0
22476,0
3217,0
15,0
1,0
8254,0
13,0
80594,67263
5465,0
34670,34684
1366,0
81,0
2,0
132,0
1,0
32392,0
43715,29251
1243,3257
386,0
14740,14630
999,0
15,0
13,0
9861,0
31,0
1,0
53057,66786
3714,0
143,0
95073,87828
196,4203
89641,137116
2445,0
34752,34727
5018,0
14,0
25567,0
22017,0
29,0
17756,0
161,0
1571,0
1592,0
392,0
331,0
54956,55733
7614,41693
8036,0
6664,0
2083,0
66,0
87417,85368
76,54615
19,0
12,0
2,0
993,0
32623,26387
47998,39787
68387,76636
15557,9569
350,0
316,5907
5748,11803
100,-5604
1523,0
3310,0
6,0
2621,0
9544,8606
1,0
1,0
24,0
2175,0
51,0
63611,81965
956,0
3239,0
17,0
57,0
14,0
4,0
55733,32049
6879,7582
803,0
224,0
666,1503
72,0
1688,0
1189,0
1384,0
78371,79689
45871,54234
43,0
1,0
45965,0
3,3
27697,73171
2,0
21697,14841
9,0
698,0
2,0
69824,60472
1644,0
33,0
2059,0
3473,0
37057,0
18,0
248,0
30652,33186
1093,0
474,-919
2715,0
2356,0
629,0
4591,0
4,0
44515,0
1,0
26,54
363,0
1,0
4,0
1,0
2,0
55655,17342
1905,0
112,0
12786,0
3453,0
822,0
77,0
3,0
2025,0
1,0
79819,65535
2,0
13,0
10860,10917
19189,0
194,194
52,0
3,0
4515,0
40,0
54,0
1577,0
27,183
41,0
61,0
3869,-23779
5,0
9491,0
36149,40023
1,0
1,0
10126,-17989
1017,0
8,0
3700,0
1,0
186,0
142,0
7180,0
21,0
8,0
78,0
1,0
1094,0
788,0
1097,1034
29864,0
2,0
7,0
13260,-5537
4,0
45992,55087
86,94
2256,0
4468,0
20,26
39,0
2,0
118,0
89247,63596
93,0
813,0
9,0
1052,0
1,0
4,0
231,0
1,0
2,0
10529,0
1,0
36678,0
37,0
121,0
3,0
70117,73252
1176,0
2485,0
5213,0
5544,0
12954,14427
1,0
797,0
2,0
27659,0
2,0
66,0
45083,49281
173,0
105,0
2601,0
68,0
1,10829
8045,0
22555,17769
978,0
5,0
72,0
706,0
100,256
3,0
17165,0
1,0
64,0
12687,12687
11,0
689,0
70822,58786
446,0
6373,0
1684,0
1583,0
29,0
2128,0
4,0
43,0
1,0
3,0
3804,0
51247,64670
6676,30213
512,0
564,1039
1572,2641
2,0
859,5498
30448,9927
466,0
537,0
291,0
8571,-17046
9,0
2,0
29,0
1167,0
75468,83831
1,0
7,0
12,0
1458,0
246,0
94,24322
57,0
2717,0
6225,8773
1,0
1,0
32,0
1168,0
295,0
957,0
1,1769
1881,0
1378,0
1497,253
520,0
17,0
50,0
16,102
8,0
35,0
1,0
74,0
1,0
74349,54034
102,0
450,0
1,0
1,0
5,0
28,0
8142,-1684
28829,0
1,0
117,0
40,0
5,0
20766,55178
25249,0
1,0
369,0
538,0
39913,0
1,1537
30355,99087
6491,0
491,0
143,0
1958,8507
1,0
2481,0
1741,0
44858,44835
1,0
23,40
167,0
1,0
37,0
3654,5021
34,0
205,0
1,0
17,28535
128,0
6,0
11759,0
3,0
721,0
7,0
21,0
58,0
82,0
198,0
6,0
2249,3938
6503,475
2,5931
41,0
3,0
6,0
20870,0
2,0
29,0
81268,69169
207,0
1596,0
18152,0
19818,0
6262,0
70007,33105
32,0
13685,13614
3,1051
416,0
675,0
159,0
17,0
175,0
17183,0
1,0
1417,0
68121,97192
12,0
52,0
2184,2737
17,0
5,0
3953,0
36,0
360,0
45,0
1745,1695
7,0
319,0
163,0
65,0
4548,0
21,0
61903,57613
373,0
64781,66812
13,0
11509,11451
9,0
66250,56420
421,0
14,0
47549,0
945,6475
8,0
211,0
1186,0
237,0
1,0
454,0
30637,29515
14526,0
54838,59606
21,0
7,0
181,0
3,0
306,0
10,-991
873,0
1815,0
1049,11505
1000,0
1,0
6,0
3486,0
80791,94365
283,0
26,0
2,255
61,0
3,0
1,0
79,0
3,0
1,0
10,0
2,0
3,0
1,0
3797,0
4,0
4,0
70296,45237
534,296
450,0
8294,0
1,0
5072,16021
1,0
14107,9782
4236,0
661,0
1085,1171
20,0
40185,0
1447,0
18703,18714
91,0
229,0
261,0
2,0
5,0
49115,48172
4,0
5176,0
11332,21207
390,0
4,0
6,0
10,0
1,0
67,0
6,0
22980,23671
246,0
157,0
1423,0
268,0
1290,0
42029,0
78681,48102
5580,0
13,0
16,0
1447,0
503,0
66,0
2,0
7,0
45,0
56,0
2569,0
1120,0
368,0
906,0
80631,84372
8,0
9496,18646
10308,0
3967,0
12,0
14308,0
486,0
11809,14321
12853,14671
35,0
65,0
4722,0
8324,-13808
143,0
1,0
39,0
7089,-8787
544,0
331,0
42,0
40839,40837
1739,1886
287,0
6,0
96,0
101,0
55627,38524
12912,12994
17590,17588
24,0
5999,0
1557,0
14,0
305,0
12,0
14983,36249
2596,-35190
32522,0
1974,0
3,0
6,0
106,0
123,0
23,0
4,0
1404,0
26,0
5048,5048
45,0
1,0
36239,0
1,0
1,34
12,0
1,0
438,0
19,0
1001,0
23,0
11840,0
25722,0
3765,0
67133,64348
301,-11405
590,0
4168,0
186,0
15,1679
7,0
4,0
1512,0
21796,42643
27547,0
60,0
4,0
215,0
8,29
7,7
1,0
6832,0
2,0
6,0
163,0
12414,0
66,0
2912,0
1404,0
1,0
155,0
2641,0
453,453
1,0
787,0
16671,15771
12,0
171,0
159,0
41022,100076
3893,-40201
104,0
4,0
1,323
407,0
7,0
53,0
1,0
4,0
1033,0
2,0
515,0
31,0
1,0
753,0
340,0
3052,-6274
2334,0
13,0
3,0
3,0
20255,0
2,0
157,0
9900,-2370
263,0
841,0
583,0
16,0
1,0
3,0
2146,0
1,-10201
19,0
180,0
716,0
905,0
1,0
1518,0
14,0
132,0
40,0
389,0
1,0
36025,35941
30037,35562
48,0
171,0
194,0
1,0
3,0
514,0
7,0
29,0
9027,-42
19221,0
35,0
2690,0
10,0
1,0
781,0
9023,0
6000,28713
3,0
206,0
86,0
379,0
1,0
823,0
1,0
37528,51477
1337,0
1,0
93636,101990
2292,0
6409,-11108
29,0
1,0
437,0
32959,66424
3,0
3,0
2,0
7,0
30247,105408
548,0
163,0
2598,0
214,0
938,0
11,0
33663,0
13293,12161
981,1322
1779,0
1468,0
664,0
86,-2409
371,0
236,0
44,0
30,0
20805,23300
184,0
3,0
229,0
334,0
8,0
1280,-9556
1,0
370,-1627
16,0
3,0
29,29
28001,32499
159,0
2994,2982
501,0
8,0
37512,44081
52636,52636
14594,0
424,0
87759,88083
5162,-4206
1,0
10058,0
88,0
30,0
1,0
5,0
33941,0
331,60429
1,0
416,0
10508,0
13,0
919,0
1,-37464
74,0
1,0
12,0
1,0
152,0
1,0
71118,58784
5471,0
255,0
3504,1288
6,-650
49041,53302
1,0
6,0
989,0
448,0
305,0
6961,60890
23707,-14593
3565,0
3,32958
2281,0
2,0
26711,25306
820,0
14584,0
1089,0
4864,0
2,0
7030,0
1,0
7,0
2,0
258,0
11349,0
22882,0
2548,0
7188,0
2,0
34565,0
7258,10381
11,0
22,0
2510,-11699
3,0
2,0
4,0
3314,0
33434,56721
233,0
1,0
1,0
56,0
25783,0
35083,0
3245,0
43118,110358
43,0
139,0
1040,0
131,0
8,0
1649,0
3630,0
1315,0
93332,65625
15056,0
288,281
51,0
4322,32233
17572,0
4239,0
2489,0
68586,80264
49124,57968
27154,8368
58,0
85,0
5680,0
258,0
2000,0
32854,37207
14547,56270
801,0
5148,0
1,0
12041,0
7,0
736,0
2,2
53068,41866
33,0
29,0
151,0
148,0
496,0
694,0
610,0
1,0
3,0
12,0
1422,1444
37,86455
4,0
1324,0
18,0
34,0
82,0
52486,52879
1,0
31,0
285,0
764,0
53937,54579
52014,61879
399,0
56,0
1,0
70511,79079
745,0
4,0
1192,0
39130,0
14,0
8145,22613
299,0
82,0
9,0
260,0
56,0
22,0
9489,0
45,0
1127,0
12,0
1,0
502,0
1880,0
60499,56308
160,0
2910,2897
83,0
14,0
570,11894
6235,6808
105,0
4311,0
54,0
290,0
37195,0
5,36
337,0
865,0
144,0
65009,62742
996,0
3634,0
1,0
53,0
2,0
22068,20025
2,0
31381,-27113
530,0
3300,0
332,0
4,0
67817,99302
2484,0
36993,0
79341,65837
3001,0
2,0
248,3561
25601,-4259
5248,-4577
50,0
39,0
232,0
44,0
6944,0
1,0
3189,0
698,0
6,0
6529,0
6,0
30966,0
1734,0
1224,0
22,0
198,0
20,0
13684,0
724,0
791,0
264,0
2548,3894
17261,18992
11,0
16,0
6357,-17530
2167,0
785,0
46880,0
165,0
99,0
2,0
562,0
7,0
11,0
53,0
612,0
1,0
36,0
14495,0
65,0
25,0
47,0
50545,40012
30,0
12,0
22,39728
1,0
956,0
225,22221
85,0
14,0
34216,0
18,0
11,0
1943,0
223,0
12,0
1,0
1,0
39,0
2,0
1490,0
3841,0
37,0
2,0
31,142791
140,0
61,92687
41059,21146
32363,32019
16,0
215,301
4995,0
7,0
6,0
30,0
34150,34621
34879,0
1,0
163,0
1068,0
82060,82053
117,0
1,0
4,0
6,0
17,0
62379,66757
581,0
23676,60297
28,0
45738,86120
33,0
206,57737
16,0
1693,0
1227,0
766,0
10,0
37451,76682
15690,30392
1871,-66934
2329,0
695,0
3,0
6501,0
4,0
1,0
1,0
36,0
654,0
35,8
1,0
377,0
3692,0
3,0
7,0
1987,0
5,0
30816,28300
1,0
224,0
10475,0
1,0
654,48675
35,0
4,0
14,-41793
43018,54538
347,0
2474,0
25,0
2036,0
2,0
1036,0
57092,77214
20,0
16858,0
36843,0
61,0
1,0
7,30
32906,32848
9,0
20,0
78369,78518
24222,59700
8673,0
5589,0
3,0
133,0
61755,99140
82,0
31,0
21015,21015
39,0
17863,17944
1343,0
1,0
8305,0
990,0
28294,65008
3,0
306,0
1452,0
15,0
1742,0
50043,71112
36426,45415
6466,6482
14055,-57860
42,0
5393,0
8566,-93
20690,12777
15274,36927
682,0
648,0
4793,0
834,0
146,0
43,0
243,0
7505,0
1,0
4007,5281
30510,0
37,0
10,0
15,0
2,0
1473,0
15867,57345
2,0
6176,0
3,0
1,0
60,0
625,0
1,0
25,0
48403,17929
23811,23818
86438,10787
23,-1141
2,0
6,0
958,0
151,0
1,0
5757,0
15,0
28016,0
72,0
32,0
13,-91
65,0
46,0
117,0
36241,43437
48,0
27,0
2787,0
1380,0
2023,0
5,0
267,0
1216,0
1,0
3930,0
8065,-28229
6,0
1,0
3461,9947
19,0
303,0
179,0
281,0
184,0
83143,83143
350,36176
18,0
24261,0
7,0
257,-18569
11589,0
5259,0
125,0
7823,0
265,0
4524,0
2307,0
51383,59517
1726,0
1617,0
94508,37597
10,0
10,0
24,0
2,114715
660,659
529,0
691,0
3839,0
10,20274
509,20388
15,0
5,0
2,0
10525,0
7324,0
23221,19918
25044,42046
141,0
58,0
1,0
110,3128
214,0
3,0
17459,0
102,0
1,0
15540,0
294,0
86874,74160
2,0
12,0
34,0
1,0
20,0
17,0
10,0
7,0
43,0
71,0
66159,62704
2588,0
4,0
76491,75707
50543,0
435,0
650,39874
32,0
74323,74365
3621,0
19484,0
9212,0
204,0
17,0
601,8005
482,0
4566,0
2,0
137,0
2356,0
308,0
3404,0
1,0
4419,0
3,0
23,0
44370,45184
2,6087
11031,15702
339,0
397,0
1980,0
327,327
1,0
88,0
58,0
17,0
279,0
6,0
23,0
15677,0
3725,0
20908,0
8110,30174
2,0
21,0
6046,21307
1,41
200,0
4073,4116
382,382
3,0
4793,0
1827,0
22963,24430
11,0
1100,0
80,0
15672,2160
1227,1266
981,0
172,0
293,0
123,0
5,0
6,0
16,0
102,0
18956,0
6,0
16,55
9,0
30292,0
3,0
15032,0
8268,0
16279,0
16,12625
991,0
12862,22403
383,0
21937,18858
1062,0
1,0
88908,73255
69,0
41308,0
17877,0
5,0
5,0
5306,12588
21707,15820
1782,0
486,0
2297,0
51,0
7,0
95,0
890,0
45306,118261
1,0
33,0
6,0
19,19
147,0
23,0
11,0
786,15150
12154,0
2,0
67,0
38,0
8101,-983
1,0
2,0
4471,0
16172,14822
108,0
138,0
7386,0
13,0
89,0
12,0
2354,4755
109,0
71,0
515,0
35,0
149,14246
165,0
650,0
96,0
1830,0
2188,0
9560,0
6,0
2056,0
31,0
1032,0
2139,2925
4,0
30,3504
1,0
2,0
6745,0
79,0
1,0
1462,0
152,0
51372,48704
317,3739
6599,5341
68975,75406
12048,0
1902,0
853,11313
2,0
255,0
17799,0
1,0
4528,0
30355,43545
3,0
41,0
240,0
70004,118332
2072,2896
2,0
7,0
27772,45173
1,0
295,0
10485,0
6468,0
1133,0
45322,48240
60,0
4,0
34897,0
1,0
27,0
35245,45149
23103,56405
290,0
51997,62959
9855,0
139,0
15192,0
1,0
6,0
2,0
5,0
173,0
501,0
47239,61723
12,0
6,0
1993,2018
733,0
9635,0
3792,0
72363,90671
115,0
546,-9157
23624,25949
1,0
62936,56714
6,0
6,0
4196,0
8,8
41979,57211
729,0
12829,0
4338,0
12849,9638
1,0
1019,0
80,0
2433,0
283,0
13638,-29649
2,0
1,-49917
6770,0
26922,0
1,0
12,0
13692,16122
53,0
4544,0
3021,0
514,0
2,0
21,0
37,905
173,0
24,0
1229,0
48482,48679
15659,0
13,0
1429,0
15,0
79177,84020
5,0
622,0
1346,0
11539,0
2,0
9,0
549,0
14,0
30119,0
19,0
27804,27799
22480,22451
101,0
8060,0
87751,90898
62707,45881
3004,3004
44,523
11320,0
92346,60802
263,0
46,0
201,0
351,0
66,0
42,42
3103,0
82979,60782
164,0
15539,10102
12,0
5,0
11741,0
1,0
693,0
24,0
71,0
102,0
3724,0
3,0
5,0
121,0
1705,0
10642,0
74,23327
164,0
1,0
295,-12819
1400,0
77315,71562
3,0
29772,26902
12620,0
17,0
169,0
11955,0
2,0
2,0
98,0
4936,0
296,0
662,27990
8549,0
1,0
1,0
2912,0
1,0
70,29794
7,0
2027,0
494,47205
17,0
1174,0
1970,0
11164,0
1,0
2691,0
1892,-3888
3,0
40274,32601
24,0
6,38343
33,0
213,0
2981,0
41,0
42,-35578
395,-205
477,0
5796,27900
8,0
19,0
1,0
75440,46040
1091,1042
702,0
1412,0
880,0
6797,57904
2537,0
86,0
1367,0
25,0
69087,71208
88,0
17686,0
14,0
4,0
149,0
78,0
2,0
92,0
80926,75370
244,0
113,0
28,0
11,0
23,0
37,0
2144,0
38,0
272,-1817
14721,0
113,0
145,0
15,0
16,0
1557,0
1,0
9,0
87,0
2,0
27840,27329
105,0
264,0
1789,0
23297,72576
48,0
1,0
16857,0
2,-1654
7,0
1,0
3,0
1305,1324
8595,0
23,0
240,0
374,0
22,1537
35,0
35,0
14,0
2,0
37,0
31517,0
9283,0
22502,0
268,0
3,0
624,0
914,0
2,0
9,0
89476,102269
1,510
329,0
433,0
92259,87210
6334,73851
121,0
23192,23516
9,0
217,0
744,0
3,0
103,0
2391,0
8637,0
1681,0
64990,81956
6643,0
2,0
4650,0
25341,0
1,0
12695,0
8781,0
2,0
838,0
19276,25647
1,0
17944,0
40997,0
15,0
177,0
2,0
15851,0
4,0
899,0
15,0
5305,0
260,11342
5900,0
18065,17859
152,0
2,0
6248,12471
239,0
6,0
172,0
2,0
1,0
15964,15939
5,0
9389,0
220,-1137
43,-2686
37,172
36271,30153
6,0
3748,19005
152,0
62,9072
32859,38232
117,0
1,0
23,0
8,-227
2,0
1,0
647,101
347,0
5,0
64,0
7,0
14,0
40,0
25741,46839
94,0
65628,71697
1,0
21,0
25008,40908
3,0
4965,0
39738,18422
1,0
4520,0
162,0
80563,88474
4358,0
240,0
11,0
79,0
391,0
20,0
2,0
17956,15668
87,0
118,0
9260,0
438,0
57,0
4,0
26636,110002
627,0
27110,34217
139,0
74044,118486
367,0
3,0
166,0
39564,35900
55268,62119
3,0
102,0
610,0
13,0
4,4
293,0
1,0
504,0
4958,0
3,0
22,0
1,0
18,0
6868,0
16449,0
35212,0
3,0
221,0
166,0
79552,80213
4,0
261,0
36269,-10071
3847,0
10,0
4,0
1,0
453,0
6104,0
44027,63951
14547,33805
15,0
608,-517
19,0
14,0
2,0
3204,0
18516,0
2713,0
29683,-1381
102,0
10,0
8830,24625
11,0
16228,0
9891,27636
19,0
2,0
846,0
1,0
60,0
1409,1407
1,0
49733,14306
7799,0
1213,0
281,30897
15848,0
1,0
83645,66273
200,0
142,0
8261,0
11261,11949
20,0
1,0
249,0
95034,74751
276,0
4291,0
6,0
18,0
8137,7867
559,648
437,0
38591,38582
2951,0
1872,1546
23707,0
104,0
23100,69367
37135,0
53546,55817
2903,0
410,0
6,0
15,0
1222,0
247,0
1151,0
765,0
20216,0
14886,0
3243,2876
83,0
71831,68859
125,0
78413,75696
53960,43318
10606,0
22,0
20,0
802,0
19729,0
19134,0
2,0
17311,0
101,0
64,128
20208,0
41114,0
15036,0
66852,66860
675,0
2,0
539,0
266,0
2,0
15,180508
2,0
5860,2865
20370,20441
216,0
24013,0
3,0
31,0
124,0
1,0
4,0
608,0
174,177
3763,0
3469,0
1,0
3,0
641,27583
26,0
1,0
15171,71835
126,0
33,0
14568,14603
11,0
1223,3428
2798,0
5087,0
30240,21081
12,0
896,0
15463,0
152,0
44,0
2856,0
15517,16450
1,0
110,0
9374,0
3341,0
3517,0
352,0
1477,0
6900,0
15,-196
10523,-10841
65,0
6,0
2,0
29907,0
145,0
317,0
12,0
98,0
11,0
12269,8942
5829,0
40227,81581
1066,0
17655,0
5,0
62,0
101,0
6,0
157,0
24,0
2,0
2,0
1,0
22354,16634
1,0
2378,0
6837,0
778,0
43,0
24,0
8507,6347
485,0
546,0
102,0
11,0
256,0
1173,0
1,0
8517,0
2,0
746,0
1,0
2,0
23275,11498
1,0
3,0
10272,0
53094,53104
389,0
32,0
2,0
147,0
25,0
61469,89665
2625,0
17,0
5,0
11,0
24215,14860
6117,6117
4640,10679
1496,0
1,-15
43524,0
1,0
7,0
41,0
6,0
944,0
1881,0
5277,0
100,-1110
66,0
56,0
3268,1761
1,0
95073,103787
3,0
8397,8378
27452,0
23149,0
12877,12818
1,0
1,0
7,0
32,0
11,0
888,13911
3882,0
63623,64845
31,0
61,0
2,0
1,0
34,0
49873,59363
68397,71788
5,0
16139,13391
22171,0
6104,0
982,1610
32,0
20697,0
604,0
1961,0
1,0
44230,26768
11,0
1013,0
17,0
1,0
130,0
88211,97174
26425,0
36031,0
749,0
1,0
3521,0
2500,0
60928,43263
4661,0
151,0
1483,0
34,0
49,0
24,0
47,0
1,0
6553,6472
2,0
9939,9938
20,0
37874,0
3,0
13,0
229,0
5,0
126,0
354,0
14,0
25,0
47,31745
2,0
2057,0
21,0
46675,54871
3,0
3,0
95,0
37,0
41089,125990
153,205
4,0
36390,41828
1,0
4,0
2130,0
340,0
7,0
46,0
2645,0
27135,0
161,0
267,0
175,0
4175,0
342,0
19614,0
1120,0
88,0
78,0
740,3541
6,0
97,0
1367,0
55,24689
40,-357
72105,72402
1,0
105,0
5,6448
9,0
965,0
98,0
5,0
37,0
3,0
1,0
2,0
2,0
10743,0
1595,1461
10,0
4,0
548,0
92,0
29292,0
804,-1566
7,0
505,0
77,0
14,123
264,3554
1,0
48255,59309
31,0
15,10250
3743,0
15,8000
1326,0
9218,0
2954,0
210,0
6606,0
5,0
165,0
16,0
1,0
29,0
3,0
768,0
329,0
5711,0
308,0
823,4494
4860,-579
41,0
1,0
17668,26551
8,0
189,0
4911,22382
6126,0
180,0
1,0
37272,0
3408,3775
900,0
204,0
16610,0
1,0
82,0
3911,0
145,145
22,0
2,0
4,0
155,0
84256,45763
2,0
3,0
17877,0
16,0
1,0
65766,83560
23274,0
237,0
85703,72588
73,0
6,10830
76720,57915
12,0
21185,0
1,0
4,0
1,0
48226,66240
1,0
4820,2937
14,0
4844,0
1755,0
451,0
175,0
1,0
5,0
8410,0
22,13006
8,0
226,0
639,0
26229,27708
1,0
5322,0
1,0
1059,21631
177,0
2486,0
274,0
3,0
88,0
3976,0
7,0
21,0
21650,-81074
11313,23517
385,0
2180,2180
21,0
12,0
4,18984
4,0
3213,0
3444,0
38,0
187,0
22,0
8916,0
1,0
6979,0
2,0
6,0
6162,5824
32350,31305
872,0
2,0
8,0
2,0
70647,96709
372,0
595,0
11,0
239,0
819,857
15577,15797
1,0
143,0
12,3687
807,-3375
10,0
1375,0
2,0
1,0
66177,57626
30,0
98,0
5,0
25,0
78,0
763,-29306
27,0
1986,-378
2020,0
3925,0
1,0
8,17875
64533,120842
21,0
2353,0
7402,0
824,-12047
97,0
3085,0
5586,0
1983,0
38874,0
1538,0
2,0
22107,14263
32,0
1,0
1,0
6,0
6953,0
3,0
71723,70486
6,0
9311,0
605,-46406
5,0
35829,0
30751,31549
2879,0
52,0
8,0
29966,0
539,0
6078,0
385,0
1067,0
1,0
4,0
525,0
10898,36074
1206,0
8,0
70,0
11,0
19,0
77,0
6354,6349
1,0
113,0
1,0
583,5562
15,0
180,180
29058,0
773,0
2,0
1,0
4,0
3524,0
264,0
20659,0
2681,0
3357,0
33,0
402,0
6617,2147
40,0
25311,-16932
573,0
12,0
17,0
19542,0
193,0
57,0
3,0
35678,27858
574,0
53261,80777
279,0
4,0
79,0
17223,62829
152,0
1171,0
8910,0
52595,82716
94,0
1855,0
4,0
130,0
741,0
27236,0
107,0
1,26752
52750,33806
44971,42749
238,0
1,0
2657,0
283,0
1,0
25104,23351
204,0
5,0
8246,0
2985,0
7697,8467
2,0
5038,2525
2168,0
290,52305
1,0
1395,1699
449,0
2,0
1,0
10,10
2,0
374,0
764,0
40,0
2183,2183
3221,0
2,0
1570,0
61,0
103,0
97,0
108,0
7,0
84,0
272,0
11,0
98518,112143
2,-33585
314,0
47,0
16,0
14208,7807
2,0
4,0
30,0
36819,36812
204,0
44673,81893
274,0
11,0
23735,0
59542,59015
43978,0
2556,0
83,0
316,0
2,0
4,0
49,0
4,0
46,0
349,0
75,0
16,0
45,45734
1641,0
393,0
14,0
1,0
13498,0
1416,1417
109,0
597,0
1421,0
63216,36519
11,0
125,0
112,0
1,0
5929,0
9,0
6,0
3,0
3,0
433,-47793
163,0
245,0
282,0
1,-954
86117,69937
3,0
13804,0
4709,0
40,0
1,0
4485,0
106,0
10284,0
8600,0
1809,0
53,0
8,0
41883,0
2028,0
774,0
122,0
56,0
17,0
4043,10682
4,0
1,0
1747,0
3,0
827,3040
49271,47765
5,0
61,0
13,0
3760,0
27420,0
4,0
1,0
14,0
1,0
2342,0
10258,0
2321,0
8,0
1385,0
8,0
10697,11758
1219,31627
1300,0
41,0
63,0
1,0
13,0
159,0
406,0
2,0
2,0
8,0
6970,0
13834,0
34142,32136
185,0
2586,0
3,0
82,0
12309,0
41,0
4,0
2,0
31366,-7382
271,0
38,0
55480,65132
33815,18987
86593,86251
7548,0
5255,5252
4,0
1255,13575
287,49000
38,0
116,0
1,0
7224,9064
7,0
43863,20415
35323,48647
38284,38104
3308,0
1058,0
9432,7290
47319,12863
11,0
103,0
2,9561
7,0
2,0
408,0
10171,19323
11253,30189
19100,0
1358,0
446,-14444
4145,0
15331,0
1,0
1,0
39,0
183,0
5384,0
38,0
43216,46868
632,604
14,0
202,202
165,49372
138,-23992
35793,0
43545,0
186,0
34847,65937
108,0
134,0
145,0
2,0
572,0
2,0
302,0
9321,16211
6848,0
1903,11932
7,0
37,0
11151,0
1501,0
2833,0
26073,-1774
18,0
47118,72256
4,0
21664,0
506,0
117,0
61430,58672
16,0
21826,0
42,0
82287,82704
51040,63318
1235,2277
5149,0
6,0
936,0
31,0
32292,-42552
99,0
6,0
2,0
1246,0
15,0
49847,60764
376,0
420,0
2677,0
2,0
3,0
653,-8288
5667,-25947
909,0
7126,0
633,0
4,0
75965,76587
5580,0
861,0
39,0
92303,96284
218,0
5,0
9,0
8,0
2,0
592,0
4,0
1,0
172,0
773,0
1,0
34532,107847
9,0
279,0
8489,0
1460,0
1758,1758
9,0
32,0
1,0
4380,787
21707,21975
3,0
19,0
742,742
51,0
4,0
1,0
680,0
8,0
16774,0
3557,0
469,469
107,0
2622,0
33124,36077
82,0
1,0
12201,12201
63473,57330
56,4122
2013,1894
926,0
381,0
539,0
16412,0
60,0
14,0
7454,0
291,290
24,24
356,0
15,0
32,32
12,0
1003,0
1,0
45616,53871
1030,0
4512,450
83,0
2,0
110,0
12,0
4610,0
19,0
41,0
7925,7909
10636,0
25628,0
10,0
892,0
72,0
51,0
1216,0
1,0
13,0
783,23299
3480,0
4520,0
84757,79282
28028,56661
15,0
1,0
33764,35572
26,0
134,0
8,9
5,0
1,0
18977,12912
179,0
107,0
1,0
431,0
14,0
10,0
44,0
8263,0
16,522
223,0
757,757
135,0
29085,43057
16,0
2719,0
3,0
29313,37101
2638,0
5,0
43,0
125,0
7,0
22788,0
5324,-22298
295,0
14780,14541
47,0
35,0
98,0
14319,18155
3,0
874,0
4067,6927
1,4
5587,0
5,0
27,0
11827,12592
47,0
11879,-1030
29808,67070
9477,0
124,0
11,0
63,0
117,0
51,0
8020,3677
7,0
5,0
456,0
312,0
93691,185625
3434,3525
85,0
14,0
471,0
29,0
1,0
97,0
21830,21825
1,0
47,0
110,0
44,0
86635,49463
3317,2693
21537,21559
292,0
327,0
10430,0
1,0
31,0
46,0
143,0
1321,0
5955,0
1124,0
48,0
1,0
164,0
587,99
3,0
10,0
18,0
906,4850
932,0
1,0
891,0
229,0
990,990
93411,89891
8098,-7679
48745,47919
54414,73137
23514,-13096
112,0
1,0
25658,0
73,0
3516,0
235,0
15,15
2130,0
51,-1768
184,0
6,0
1149,0
13,0
6447,6447
230,0
41914,0
59996,50780
57734,65531
59275,52511
21,0
25363,0
3,0
4,0
4893,0
52,110253
2801,0
14,0
1,0
33060,0
11166,5611
17,0
64,0
84,0
610,28967
7,0
5320,0
4382,0
65488,12779
40,0
69984,51520
21,0
132,0
20133,20097
9581,9580
91,0
81129,83771
4945,16187
13815,-15912
99802,99335
2362,0
1,0
14027,0
82235,79869
1464,0
92713,80387
24,0
17876,0
3,0
1,0
1,0
10,0
12,0
6444,0
458,0
6,0
8751,11087
8,-58
2205,0
549,28027
4318,0
5,0
91614,85815
802,0
84698,72933
97461,91788
108,0
13,0
37,0
30,0
64,0
56643,51642
98,0
1,10
8,0
7172,6917
123,0
78,0
5745,5745
658,0
26989,27437
29761,25308
836,0
47072,44205
32,0
4050,0
1,0
2044,0
25,0
895,45534
1038,0
5939,0
1,0
14,0
13,0
247,0
1,0
10,0
97093,95603
1502,0
482,1362
1,0
273,0
9732,0
1215,0
1,0
9872,9865
9,0
460,0
6391,0
4908,5673
63,0
134,163
2,0
2032,0
14510,1149
643,0
1,0
14,0
12,0
55030,44132
5289,0
51964,51614
4101,0
2915,-50185
1083,0
25252,19681
4,0
5526,0
3183,0
4220,0
7,-11
80,0
2,0
1,0
14146,-14041
61,0
8588,0
22,0
15,0
41023,77943
10507,0
2,0
386,0
18233,0
9,0
25,0
66934,78002
696,0
89,0
38431,38648
87319,72014
70100,54688
4642,0
2730,54001
9105,0
2,0
6668,0
2,0
1,0
5,0
1420,0
171,0
14463,14645
1,0
393,0
78676,77462
35,0
1,0
14367,0
133,0
7482,7575
5022,0
96416,82065
29,0
3,0
1191,0
76,0
22494,22552
177,-4946
24,-1156
37727,14578
561,2597
35,0
8282,2375
4833,0
10,289
1728,0
79,0
8,0
3853,0
916,0
2573,10631
19,0
2,0
16,0
34,0
17,0
255,0
26,0
12,0
71521,147371
27286,0
4843,25974
67074,57820
3,0
10,0
72706,81884
91,0
521,-22044
4,0
2727,-40751
29645,56472
1057,0
2587,0
13,0
1,-10600
3,0
1,0
18,0
22,0
26,0
44408,48083
16348,22492
2,0
14553,14569
2,0
145,0
32717,59247
1,0
8537,16052
39,0
29669,59748
485,0
8,0
34,0
1,0
11580,0
52,0
1612,0
278,0
14,0
11,0
15084,17291
1,0
1,0
3091,0
1,0
750,0
12668,12668
6,0
7,0
10,0
8,0
1,0
45903,45650
1,0
1,0
1299,0
3,0
1,-9843
6714,7582
1,0
52,0
6106,0
11065,0
9190,0
34,0
70,0
43,0
9,0
12,0
5358,0
61,0
6329,48439
1,0
1,0
2,0
8329,9088
1,0
3,0
1,0
19390,1604
1,0
15481,92526
687,0
2,0
2048,0
411,0
18,0
21,0
82838,83674
5,0
11,0
913,0
4140,2414
6,0
20649,11205
1,1
10,0
9,0
51,0
1951,0
10,0
753,0
52133,54245
130,0
16235,0
128,0
73438,72399
19122,19088
54706,37499
11,0
492,0
97887,96006
1,0
34629,44849
86047,126093
333,0
5,0
2816,45832
3,0
8342,-3133
2,0
1,0
11,0
1,0
268,0
6661,93385
1,0
14570,0
7,0
1,0
470,0
17165,0
5228,0
34,0
1103,0
193,0
29695,36029
3,0
14,0
9,0
560,0
97,0
39,0
4134,0
1017,0
11,0
618,0
11956,31187
7,0
35,0
27787,50957
354,0
2,0
606,0
514,0
5,0
37,0
21250,0
48582,113153
1,0
84,0
3,0
1645,0
45902,48023
2396,7031
2867,0
11,0
2411,0
18,0
251,0
1122,23706
1,0
116,0
28144,0
8,0
2204,0
2934,0
276,0
135,0
13,0
6,0
7,0
1138,47885
18760,0
2,0
1,0
5009,0
5,0
6688,0
127,0
3,0
1,0
6,0
6,0
10648,15838
111,0
5872,18089
84,0
1,0
35474,101137
1,0
25632,31999
381,0
2867,0
3101,0
16486,11681
2,0
7,0
41,0
23346,0
167,0
13439,31374
88,0
2078,11996
22613,60857
7,26640
249,0
8768,17222
10702,0
1805,0
57242,58012
1,0
36043,37575
13897,0
48,0
803,-3812
15526,0
12,0
1,0
7524,-32315
37528,0
20,0
160,0
382,0
12,0
24,0
1884,0
39685,30340
3,0
15,0
43675,46203
411,0
11894,73880
28649,0
76122,84583
22,0
891,0
293,0
25,26518
909,0
44671,49519
66971,66484
786,0
54,187
61972,73264
50222,65016
71116,68168
2742,0
33,0
2,0
1,0
14568,0
3,0
541,0
62210,69571
5,0
47,0
23077,83502
97,0
538,0
349,0
627,-15909
1449,0
411,0
4132,0
78,0
10,0
1,-65
18256,0
1,0
90172,95720
30,0
47520,28964
163,0
16844,0
56037,76360
2488,1739
2,0
616,0
24,41764
33,0
68734,83073
669,0
1,0
14,0
2,0
89,0
12,0
46052,0
8944,0
45995,45994
3859,4699
2,0
4585,4535
1,0
40,30
26,0
1,11764
1299,0
445,0
2751,32442
56526,70895
15018,0
15,0
2,0
2006,0
30656,27112
1585,0
3212,0
1,0
192,8209
16,0
21,0
2,0
9,4600
508,0
93766,90152
925,0
17,0
1378,2273
87490,87496
83030,90920
2,0
1,0
3,0
13,0
10,0
6,0
63,0
236,0
1213,0
1301,0
129,0
1,0
871,0
59,0
3,0
25,0
36597,36596
686,0
5,0
5633,13387
384,0
41482,0
26,0
1630,0
103,0
74892,94678
283,0
288,0
43,0
2806,0
6394,-19434
94244,120192
509,0
3313,13902
20691,0
7358,0
3,0
18325,0
115,0
2958,0
14,0
8,0
51,0
14755,0
12300,11844
15,0
260,258
15481,0
111,0
2101,0
2527,0
2448,3017
141,0
9,0
121,0
4,0
4382,0
167,0
12735,0
13,0
2055,0
21702,79468
3,20579
43222,40822
20353,79387
137,0
153,153
26298,25225
284,0
35,0
5,0
1,0
3,0
186,0
222,0
28,25079
453,0
177,-10492
13255,0
4,0
161,0
1829,0
1,0
2031,0
1,0
1,0
375,0
33,-2472
15,0
3142,0
1,0
1859,0
1,0
5,0
1,13
66,0
1,0
119,0
72499,90647
51,0
9968,0
990,0
31,0
2,0
260,0
1265,1265
410,0
75919,83271
3921,1339
2,0
816,0
14,-1045
1257,0
1880,0
8118,0
1,0
8345,40697
153,0
38931,8220
7793,0
36393,29735
3,0
963,0
9036,0
21,0
245,0
1,0
68208,66993
129,0
2,0
12,0
2,0
244,0
147,0
38,0
16298,15906
34,24595
81908,81921
4,0
49,26899
358,0
495,0
836,0
4,0
2,0
6791,0
1,0
43,0
61,0
1,0
785,785
899,0
305,0
5,0
139,0
2142,2478
1,0
339,-3854
8571,48001
1,0
912,0
601,0
330,0
1155,0
20869,0
214,0
5678,0
5,0
28,0
49812,66296
1882,0
10188,-19960
20,0
444,0
12,0
41,0
313,-929
151,0
2347,0
306,-1675
165,0
1813,0
632,822
101,0
243,0
1283,0
700,0
26,0
1,0
1782,0
15840,16003
9896,29631
5,0
4,0
5403,0
59535,68267
1,-203
72379,70938
17,0
1009,0
1,0
17326,0
1,0
122,0
38,0
7708,0
26,26
68847,64121
42704,42742
2,0
4,0
382,0
14437,0
16,0
360,14908
50284,25064
95045,105998
2,0
3,0
9,0
30587,32417
121,0
5,0
1552,0
2,0
19013,-23897
1066,1066
3,0
8212,0
21,0
28,28
432,0
5,0
1,0
256,0
954,0
1167,0
3,0
1,0
3149,0
28,0
1017,12233
62,0
31543,81617
260,0
23,0
68548,102234
34150,39177
1148,0
10746,19709
62639,39389
45601,117208
15208,0
1,0
3299,0
553,0
2152,0
56,0
39,-21065
201,0
4,0
5,0
5,0
1167,-53236
6836,0
891,0
43,36887
6207,0
6135,6134
37776,102878
24,0
18280,0
1,0
85,0
32743,69313
17,0
1,0
14,0
3,0
7593,65800
27736,25738
3122,0
231,0
76421,85246
33,0
61,0
2840,0
3,0
40,0
46270,51762
44334,-12940
12,0
7549,10574
736,0
435,0
3,0
121,0
5273,5759
3,3
29198,0
53581,56682
6,0
3,0
3040,0
249,0
2,0
36618,35366
101,18495
3,3
110,11168
281,0
84,55071
9,-243
509,0
725,0
130,0
2362,0
6,0
20,0
63,0
31365,0
9,0
88,0
13260,13269
85207,83995
1,0
1,13945
95,0
19488,-10288
6406,0
13917,0
21,0
3,0
11,0
14170,5617
2512,0
561,0
7605,0
172,-22274
10,0
165,0
16,0
81934,79139
36081,39273
93,0
295,0
1,0
8,0
1,0
2,0
122,0
11,0
148,0
4087,0
93092,26548
3255,0
7043,0
24,0
3567,0
120,0
1,0
216,0
516,0
50,-313
788,0
8,0
15,9975
82027,100657
3594,0
28856,99455
23186,23767
31057,0
3580,-21080
1,0
38341,38386
1111,1215
11,0
244,0
80,18508
162,-2983
1,0
16335,18095
94,0
5819,0
30,0
707,0
14167,11498
76,0
12,0
2,0
35661,108839
13,0
1,-46
1,0
7,0
76395,90267
3070,0
916,0
26,0
7,0
11,-24767
1,0
232,0
2,0
8,0
391,0
309,-21
71,0
10659,0
47,0
162,0
16,0
29293,-43758
12,0
72,8
5,0
1,0
8871,0
1,0
1,0
53,65283
20069,20068
3735,0
825,0
80919,96119
974,0
14569,0
2500,0
17325,0
50189,68291
36197,0
1232,0
5,0
7,0
8,0
1,0
40,0
27,0
403,0
7565,0
1,0
112,1176
713,0
26213,42053
1509,0
1236,38512
46,9800
9686,0
1121,0
1,0
33014,-9016
34604,-8341
540,0
23,0
13059,0
54,0
23,0
28054,28030
2,0
832,0
2686,0
12355,0
410,0
21238,0
130,0
13151,0
2,0
2520,0
1,0
65,0
12282,16768
4889,0
12,0
13,0
48783,34274
47300,44434
16,0
14250,0
54707,54651
37,0
12,0
1,0
1,0
12458,29768
1,0
1,0
1,0
23150,0
50,0
15470,24584
2747,0
141,0
6,0
48404,156622
2,0
10,0
27341,0
3357,0
113,0
11474,107726
406,0
1810,4455
6566,0
10,0
6,0
4,0
1572,-10621
24,-23503
47,0
27609,0
2,0
159,0
51281,43030
6641,0
39,0
1786,0
5539,8714
3289,5721
13970,0
124,0
5761,0
7,0
28,27
5,5
2352,0
49,0
449,0
26,0
4,0
2635,-24011
1,0
471,0
71,0
3,0
9046,9045
662,32966
13,0
12854,0
1100,1145
22514,0
37,0
5328,33624
275,0
181,0
4516,0
10,0
275,0
92,0
697,0
89,0
188,0
5,0
24028,0
91169,118480
1,0
31,0
36,0
689,0
414,0
13015,0
844,0
35,0
3,0
1792,0
15959,32487
408,0
1,0
10755,0
73416,68308
5883,-15397
78,0
43096,0
2,0
62052,67124
2,0
1,0
2678,0
15634,0
119,0
136,0
17744,0
3,0
3663,0
5048,0
8,0
20814,-25206
1960,2939
77,32547
1,0
164,0
10,0
1868,0
17,0
8454,22737
15,0
1,0
990,0
15367,0
1134,0
6,0
4,0
2560,0
125,0
11853,0
1,0
435,0
2,0
38723,38517
27426,0
1,0
1156,1157
230,0
3,0
2,0
73347,123026
173,0
943,0
60,0
128,0
76673,76137
20842,0
1633,1622
4492,25676
251,0
319,0
4173,-9481
1389,0
20,0
2326,0
2,0
61,0
17425,0
8,0
11,0
18,0
4,0
2189,0
30899,0
4442,0
1811,1811
7487,9720
5061,0
283,0
1,0
14190,13424
4509,0
322,0
6,0
11526,11526
8672,0
64,0
9,0
68,-2394
1480,0
30,30
263,13418
56977,62705
49872,44964
21,0
15,0
31353,28323
7861,0
9,0
8924,3295
1687,0
6635,0
17,0
30424,0
9567,9677
10580,17757
7893,19294
3053,0
1347,789
7045,0
6,0
2,0
3,0
3456,0
1771,0
7073,0
7,0
136,0
172,0
26817,0
2680,0
4,0
145,0
523,-16526
35985,0
6777,0
7,0
4389,0
831,0
163,0
5776,0
95240,109489
304,0
3166,-14640
43,0
1,0
152,0
1057,0
60,0
1,0
1,0
2109,0
690,0
960,0
144,0
7,0
45,0
9,8
16,0
295,0
1,0
130,0
26,49060
35,0
2,0
256,0
26,0
3187,6154
84546,90472
1,0
870,0
1,0
2,0
5,5
1,0
6,0
761,0
103,0
45,0
828,-11673
26,0
690,0
1,0
158,0
24407,0
1,0
537,0
15069,-19326
2,0
2793,0
84,0
73796,77605
156,0
2,0
78,0
25,0
2087,0
5,0
951,0
16924,13667
4662,20529
4767,0
1250,0
42,76634
70,0
61092,62899
574,583
84,0
787,0
13,0
951,0
44373,44784
20646,26301
1910,9397
6,0
171,0
57,56
16200,0
143,0
1,0
47627,73563
171,0
880,0
17,0
948,-1782
1178,0
648,0
1,0
5962,7234
2735,0
289,0
87,0
10785,0
265,0
17759,17759
548,0
55162,53787
2996,0
1,0
39951,0
124,0
4,0
11,0
15126,0
2,0
188,0
2,0
8158,10003
24970,60902
45519,78051
43818,55280
12885,0
3427,0
363,0
35534,0
15,0
3,0
41,0
4483,0
5970,0
53,0
441,0
1401,0
28780,84149
4645,0
6,0
2,0
44,0
10755,35865
1155,0
310,0
1908,1908
7206,-15462
358,0
1184,0
7412,0
9,0
5820,0
6,6
3,0
330,0
7944,19396
3,0
13099,8972
6242,6449
2245,0
2547,0
17,0
746,0
651,0
101,745
750,0
66822,66736
21,0
424,0
28187,0
257,257
37,0
2,0
26959,36261
46,0
4587,3769
75855,69720
12,0
83,0
13,0
1,0
5,0
30631,0
3,0
1,0
52,0
4,0
892,0
10,0
666,0
84,0
10698,9216
3,-761
1,0
240,0
13841,14527
5869,-12528
9,0
6,0
41293,34617
2855,0
191,216
84367,85245
4202,0
16,0
23902,40160
1787,0
21,0
6161,0
7188,0
10473,74394
24145,24145
89,0
272,0
1255,0
266,0
54,0
156,0
379,0
1,128684
105,0
42,0
1,0
63609,61929
187,0
2406,-43697
8,0
1,0
63,0
331,0
78155,55552
4591,0
1,0
200,0
452,0
525,0
6,0
4,0
16651,5760
4,0
2922,0
18673,0
14473,9444
141,0
6362,38459
350,0
67,0
953,0
93,0
90419,76150
143,0
21,0
2445,2449
3,0
221,75696
38,0
92,0
1,0
13,0
672,0
1657,0
1136,0
34064,33925
10,0
9197,0
1,0
12740,0
44590,46941
60148,56457
1,0
23,0
7,0
934,-26299
53,0
37,0
563,0
291,0
825,0
6,0
53578,33341
20,0
850,0
955,0
70,0
1,1
2071,0
1,-27779
32232,31998
90576,120809
7,0
3,0
5,0
32513,33930
14,0
243,0
1,0
54819,73699
778,-18795
1538,0
2789,0
2745,-17067
151,0
1584,0
39,0
2171,0
11,0
2268,0
26,0
8858,46920
39214,59095
13105,-17321
11145,59861
13266,4764
23,0
19,0
1,0
1,0
274,274
4,0
2,0
1,0
39528,39543
49229,36691
5072,1163
41942,47935
3,0
23,0
38,0
21725,0
14,44879
1026,13779
37390,38125
53668,63521
201,0
11,0
13261,0
53668,17273
14,0
3210,0
12164,0
91309,111273
4059,0
2,0
1,0
51,0
29,0
36,0
777,0
73976,85826
125,0
1,0
112,0
97,97
346,0
2296,0
6945,0
307,0
31230,22893
92,0
446,0
46601,37482
34,0
120,0
343,0
21,0
35050,29267
20766,17105
37,0
1,0
142,0
2,0
4819,0
8550,0
37,0
3,0
17,0
10864,0
21313,0
56,0
819,41945
7533,0
2959,0
51,0
98,0
7,0
5,0
217,0
87,0
8765,0
158,0
24,0
1,0
15028,10157
4,0
26102,47228
1517,352
19,114
595,0
6046,0
145,0
138,0
97958,106360
362,600
293,0
34,0
25,0
1312,0
1,0
71,0
77,0
63933,53517
1441,0
313,0
11254,0
5924,39715
9,0
66365,63114
1,0
29,2
2,0
91,0
134,0
422,-477
763,0
3,0
1,0
32065,3869
1189,0
142,0
180,0
88138,96960
10,0
2,0
38673,0
3,0
7690,0
5,0
17398,17355
2,0
26577,0
392,0
83,31250
1,0
64,0
247,0
1683,0
308,0
1,0
68,0
1657,11246
2285,0
16,0
12,0
1449,0
1,0
1,0
130,2331
47474,41583
50,0
16,0
79,0
1,0
1036,0
39572,0
87,0
3502,0
409,0
809,809
1901,0
77040,73607
1,0
2,2
43046,37953
108,0
598,0
1,0
110,0
4,0
2,0
195,1906
385,-861
24012,35188
10,0
8558,5259
7877,0
3177,0
88312,87123
137,0
24245,0
3,0
33,-14110
10,0
195,13340
9811,9550
190,0
355,0
7980,5322
2,0
73662,60178
7047,0
2,0
38134,0
39,0
88,0
860,0
599,0
36,0
10718,0
1,0
1,0
528,-35943
20,0
15351,15342
25631,16321
4229,0
327,0
6328,0
12111,13157
3,0
2741,0
3965,3991
2,0
3336,0
331,0
1305,0
11208,0
1097,0
2,0
57038,51946
1,0
8,0
36,0
5,0
25,0
47,0
1009,2430
342,-2510
11063,0
6,0
7,452
49,0
5,0
56,0
16701,15738
610,25355
1,0
63,0
762,0
1,0
58010,81931
5612,0
65888,37692
61423,61273
15,0
1,0
1,0
6,0
11904,0
6781,10727
7670,7557
54620,80474
8,0
18792,0
1,0
10543,0
8,0
2,0
350,0
304,0
2,0
95771,97433
57205,63156
1216,0
38211,0
31,0
481,0
2978,8123
19976,0
54343,47241
779,486
100,0
1,0
1,0
98324,112608
17,-7575
12,0
58,66410
33254,0
14,0
34,0
88,17332
2871,0
1,0
73,0
14,0
3,0
25,0
39,0
1,-236
41,0
42469,46678
17989,0
1,0
55339,54826
60572,96256
9810,-24210
30,65
1,0
48321,68281
207,-16416
26,0
32,0
21906,27874
5,0
43,0
37931,0
4,0
19112,27348
4796,0
505,427
14389,0
7,-90
14,0
5,0
2667,0
19,0
35062,31859
9,0
1587,0
5,0
11,0
43,0
12610,0
743,0
1835,0
556,0
57392,2610
2,0
1,1
172,0
38582,34778
36,36
68819,71522
6687,1678
1,0
2,0
13106,0
18750,0
1,0
36,0
76900,79256
129,0
817,0
176,0
285,0
3581,0
713,0
28455,0
12,0
1816,0
27980,41599
2,0
57,0
5190,0
11,0
60865,65334
255,0
17,0
266,0
7746,39497
66092,180423
1,0
11774,13389
16,0
1308,0
224,0
10,0
212,0
4,0
971,0
143,0
1,-928
6,-113
25,0
7,0
8522,0
5218,-43262
40,0
1,0
51236,87764
77972,98222
1,0
16472,0
50,0
614,0
11889,0
63377,58433
7,0
354,0
1,0
605,0
444,0
40,0
12,0
54,0
33826,43215
1094,61611
29,0
13481,0
1,0
208,0
2,0
4280,0
1200,0
7,0
14963,32664
32912,0
1,26309
429,0
124,0
7,0
4,0
6,0
520,0
9934,0
32768,30355
8,0
132,0
2555,0
10999,34932
354,0
1,-38
59836,46950
2,0
1,0
32164,0
2656,15359
45125,58441
46403,46131
20,63361
4,0
100,1167
298,0
1,0
138,0
23166,0
26,0
8,0
4,0
4101,0
36122,0
27886,0
1736,1601
2,0
18681,0
95,0
39,0
7606,7810
124,0
165,0
2451,44083
5,35
1146,1127
1,0
202,0
160,0
3,0
1403,0
748,0
22,0
3,0
72936,79674
3,0
12,11
16,0
6544,23775
1196,0
3,0
2,0
42883,60639
695,0
1,0
19,0
62296,72464
30450,0
1269,0
42,0
21035,-32282
9,9
944,0
461,0
34917,31507
205,0
158,0
820,0
93767,116688
8737,0
243,0
568,0
86594,105627
4118,0
1886,0
1031,0
17814,52209
728,0
49527,101136
5694,0
81,0
9996,0
2,0
7982,0
7,0
2026,0
288,0
23661,23654
2438,0
24921,26168
1839,0
2,0
15927,3719
2,0
15,0
86,0
79213,51102
4813,0
9,0
200,0
1736,0
1461,21748
17,-30
74897,65137
3,0
549,0
2,0
6,0
36867,119814
55,0
105,0
48,0
61482,60617
22282,0
51642,63977
1,0
3,0
11826,1437
37,0
10,705
71230,65680
669,16242
33626,1971
2,0
3,0
60,31516
3564,0
22764,0
154,0
12,0
1302,0
2,0
45,0
139,0
2,0
5570,34664
329,280
2,0
1623,0
1287,0
467,0
28,0
64179,104618
25,0
133,0
21,-2191
4,0
71479,102938
4,0
7,0
15,0
4,0
74,206
93620,80281
280,0
1,0
4345,9921
5,0
15764,58051
4574,0
15399,16166
11,0
3796,3796
1679,0
4205,0
28,0
1,0
248,0
6796,0
5,0
359,-43194
1,0
4,0
2848,0
2071,0
1446,0
1043,1835
755,26485
1586,0
12413,0
9,0
4987,0
3090,0
12,0
82095,139674
194,0
2818,0
48,0
49708,77905
1,0
1,0
41,0
14,0
35479,37932
8355,12604
25,0
729,0
21,0
595,0
3,0
20,-14
1483,0
6,7303
79457,23702
1989,0
10,0
91903,79514
2590,2059
25,0
19382,0
140,0
3,0
285,-1149
1,0
278,0
2,0
346,0
176,0
2045,0
12,12
1007,0
1240,25975
499,0
5377,0
4,0
5,0
6207,10685
12,-77
34082,0
47,0
1,0
27,0
1,0
338,0
345,-9198
622,0
474,0
3889,0
609,0
4607,0
211,0
1,0
1,0
1,-201
508,11637
22270,2013
14302,12587
11,0
72,0
2706,0
7091,0
2,0
1049,0
27,2453
262,0
1627,0
2,0
110,0
10988,10238
226,0
161,0
4474,0
7599,0
53579,70859
9767,0
3,0
3,0
84447,96046
206,0
44786,46675
366,0
8897,-2570
28859,0
44398,10980
5744,0
926,0
653,0
194,0
6,0
18,0
34,0
326,0
16121,0
7,0
668,10211
47890,48072
2601,0
2590,0
1,0
21226,0
209,0
2,0
35397,65132
1,0
16,0
4727,2712
8,0
2,0
15,0
99,0
4908,0
16937,0
5178,0
160,0
4,0
79707,80023
8,0
2363,0
479,0
28247,0
1,0
860,860
10,0
338,0
4,0
49450,55992
27752,36298
603,0
45,0
20396,0
111,0
98,0
65323,87865
973,0
120,3026
85,0
25134,2574
10722,0
1553,0
1,0
65,-1481
184,0
7,0
5988,16005
371,0
204,0
6295,141630
57,0
1,0
838,0
3336,0
1,15276
3,0
3,0
8524,-43020
24307,0
23354,27058
59,0
41003,124550
32,0
17032,44776
1333,0
4419,0
72,0
89792,115208
28,0
25928,0
3,0
1,78626
4903,20718
2,0
75,-2938
1,0
394,0
245,0
758,0
65,0
173,-30301
91094,87514
1810,0
4,0
275,148589
354,30
5371,0
3,0
100,0
18,0
14273,38063
11412,0
495,0
363,10487
240,0
26149,0
27,0
4,0
4853,0
4173,0
10242,0
6669,0
7,0
785,0
1183,0
43,0
19,0
264,0
25,0
72336,64496
771,0
1048,0
6,0
209,0
76,0
64,0
13,0
4,0
35,0
2,0
82274,82366
12,0
502,0
1,0
1,0
26,0
151,0
8,0
741,0
288,0
3178,6799
55,0
5054,7294
18173,0
637,0
2599,0
6870,6828
1,0
373,0
4,18138
10,0
11,0
13783,-20211
139,0
2357,0
8,0
1015,0
1,3403
3,0
2,0
1154,0
4,0
11520,0
1290,0
5072,0
486,0
7,0
5,0
432,0
25,0
28365,0
1,0
35671,115109
8663,-9392
13,0
8,0
20731,3418
35,0
32888,0
2911,2907
939,0
6,0
1108,0
5,0
20698,0
4049,0
86,81
2,0
37,0
13334,0
2580,0
64,63
2,0
199,0
24909,0
488,0
479,19725
2,122098
2,0
1,0
196,42062
798,0
299,0
8,0
13,0
4,0
32,-24025
1,0
6,0
169,0
37,0
16,0
4,0
92,0
223,0
117,0
330,0
1198,0
6234,0
1,0
3,0
2,0
13161,0
3243,-12747
983,0
250,0
91203,91105
101,0
34780,-58557
2617,0
1636,20160
5293,0
10,0
25133,68530
8,0
1,0
1844,2131
75,0
42338,0
2928,0
71,0
54,0
33276,76262
21753,0
203,0
88,40196
9,0
1711,0
89181,80507
119,0
1,0
40002,0
35,0
2,0
23073,24649
53,0
6066,0
9229,10262
841,0
5094,4082
4,0
31753,0
3,0
233,0
10312,16707
697,0
1,0
16,0
6,0
190,0
6366,53553
2,-8898
2830,0
1,0
989,0
5907,0
6,0
60502,61494
9,11830
6,0
16,0
30,0
113,0
164,0
1767,0
4091,4406
84,35905
3,0
1,0
15702,0
11,0
19985,0
8957,0
5,0
378,0
224,0
12,0
80,0
1,0
29106,29817
52,23225
55064,62886
155,22036
264,0
1871,0
33811,0
8,24029
17,0
162,0
2,-5431
5,24623
10027,0
578,0
76,3335
180,0
14542,0
158,0
1567,0
13190,0
1,0
5,0
28064,39785
15,-27734
40,-16
10,0
31855,31801
27,0
341,0
317,0
2,0
281,0
7737,0
28679,0
31,0
11992,0
29,0
19358,14986
42783,0
8762,0
5226,24601
289,0
3,0
2087,0
27886,0
1829,0
109,0
19,0
67,67
2591,0
2597,2595
1,0
752,67756
608,0
83699,85526
3517,0
186,0
2096,0
2,0
15,0
5874,0
691,969
2331,0
5233,0
37,37
779,0
62,-1344
34962,43029
11,0
630,0
3,0
75125,27652
369,0
17879,7134
1,0
489,-4707
1,0
8,0
53,0
2163,30447
9020,8670
921,0
41221,-663
13141,13952
12190,0
2,0
37399,0
7,0
34265,0
877,0
36,0
1376,0
4954,38909
1586,-43320
1,51
4,0
12417,0
55,0
32,0
20,0
16,0
310,0
1,0
10578,0
415,0
3457,0
216,0
4208,0
241,0
96,0
2160,0
14,0
22,4720
101,0
168,0
4,0
1677,0
17737,-15079
42934,49766
12,0
2084,0
5,0
1,0
1200,0
10,0
255,40546
9,19151
23260,23260
11985,0
33389,33379
3938,3938
1676,1676
23674,0
1,0
74,0
16,-47428
498,0
2,0
18,0
2,0
811,0
5,0
2969,0
200,0
40573,72315
1,-5
35,0
27,0
5,0
23379,0
253,0
70005,63705
127,0
1,0
964,0
2,0
304,0
86,0
609,0
1,0
228,0
928,0
35111,0
721,0
2440,0
1,0
58,0
8,0
1,0
6,0
719,0
430,0
560,-32487
12176,21490
1454,1454
235,0
165,6773
286,0
2957,0
4,0
4,0
31045,0
2462,0
51266,43315
74,0
5626,0
7,0
8749,7437
153,0
22,0
5364,7088
3,0
359,0
11,0
868,0
87375,126100
14,-121
2,0
8203,0
31465,0
2526,2524
2,1
20,0
91800,79763
18,0
58775,35022
70,0
1043,0
104,0
2,0
1148,-4902
1,0
2922,2643
92,0
22231,22272
734,592
37685,59463
68488,106292
5,0
43381,0
9778,0
667,5076
5507,0
3539,0
108,-10
125,0
1,0
29,0
8,0
1664,0
9,0
40,0
3489,0
9399,-13213
147,0
1,0
875,0
2682,0
1576,20229
126,0
45,0
710,3567
47,0
37,0
1903,0
5046,0
111,0
2,0
49,0
1,0
1,0
21,0
42297,170620
18909,22765
2,0
2,0
42,0
563,50637
478,0
14648,98918
49054,0
1,0
74,0
6280,6300
24907,113
16,0
17,0
31092,-45647
62602,60884
12465,9945
83883,83992
8,0
24,0
4334,0
541,0
8,0
8,0
83,6424
1,0
2135,0
1,0
30700,30700
58800,47218
7,0
718,-8494
44646,0
95,-8934
18451,18464
2921,0
39,0
2389,0
1,0
3,0
10761,0
257,0
19,-4
5,0
749,0
150,0
66,-361
166,1686
356,0
3,15589
394,0
1,0
16502,3531
85065,131264
5,0
20,0
23355,0
26712,-816
50591,51622
302,0
22411,-27519
13018,0
1,0
2,0
6,0
5,0
55789,64042
17013,0
93,0
6,0
906,890
3,0
53908,-42014
1,706
227,0
9,0
16,0
1,0
1064,18628
55281,58723
1575,0
7,0
177,0
4924,4210
84,0
5,0
4349,0
52485,39924
10,0
528,3962
12506,0
145,0
4723,0
289,0
14,0
82666,82881
161,0
4,0
85244,87998
86,0
269,0
390,35134
1,0
33,0
386,3764
75,12
1,0
6584,0
211,0
57862,55067
1,0
16159,24008
14,0
91517,145646
19207,-1006
1739,0
41,0
18,0
2768,0
1,0
113,0
1,0
985,0
17563,46966
48,13499
3,0
62,0
105,0
10021,69018
274,0
5887,0
2,0
1,0
7,110466
116,0
2,40991
4,0
3,0
7,0
1,0
2,0
66062,95423
140,0
17,-5648
441,0
77394,83149
6,0
5160,0
1504,0
808,0
1126,0
5,-1073
162,634
64079,61893
75751,80161
253,0
39593,102835
6,0
70037,69063
62,0
1,0
1402,0
65702,65479
76828,72745
6,0
32621,0
9530,0
1,0
445,0
4756,0
241,0
8,0
1,0
2490,0
41387,28914
171,0
427,0
33,0
22,0
62,0
60488,58645
1202,0
6966,0
7,0
24356,25581
667,0
1273,0
1,0
9,0
45723,47235
6,0
70947,46083
4,0
11538,0
91431,90855
129,0
1,0
182,0
2,0
1353,0
5,0
3,0
7,0
31623,41189
2,0
81,0
2,0
6493,6470
1,0
249,58459
59225,56363
674,0
25561,0
637,0
102,0
57,0
20122,-14258
5296,0
2,0
827,0
14,0
3602,0
12302,12295
973,0
466,28958
340,0
1,0
12,0
2723,0
180,310
170,0
1,0
11,0
1651,-17430
8,0
11852,68110
104,0
22028,9432
2,0
168,0
192,0
19611,29175
1,0
3705,0
77202,108751
850,0
2,0
667,0
63,0
904,757
640,0
11,0
58,0
206,0
53,0
127,0
23,0
670,0
38,0
554,0
44,0
15702,4609
1,0
482,1558
1,0
25269,8387
35,0
9,0
47,0
865,-20775
54850,108468
91350,93599
1431,0
1052,0
2,0
73,0
2107,0
2,0
1260,2693
54887,50917
122,0
154,0
19610,0
2,0
28205,50240
9,3760
2280,0
5267,0
18,0
6006,0
286,0
15462,0
325,0
375,104157
2,0
1225,1044
8224,0
199,0
2533,0
2,0
14,0
17929,17297
8,5248
7308,40582
1647,1699
700,0
745,0
5486,0
48,0
72017,95298
6007,5989
7,0
53174,47872
69,0
3,0
28729,0
80072,93118
79130,82176
1708,42536
9170,9022
6,0
662,0
49523,45685
783,788
2,0
2,121
158,0
2,4
277,0
197,0
892,0
6,0
74,0
412,0
2252,0
682,-15531
11,0
1,611
103,0
23,0
1203,0
41565,51420
62,0
24,0
99982,99873
23,0
29079,0
3,0
83,0
7,0
1530,-15292
10393,10395
11665,16326
27618,14934
27568,0
2068,0
36204,18582
1017,0
2414,2267
464,-3353
2,0
195,0
11,0
24323,0
45,0
568,0
9530,0
72,0
3081,0
373,0
1483,0
29841,95660
433,0
42,0
4,0
15,0
6,0
1141,0
783,150
7434,0
7,32
34,0
2592,0
21,0
12877,0
8581,0
51,24560
267,0
1496,0
1,0
1885,0
1069,0
62,0
22117,0
5,0
3,0
2099,0
254,0
53754,0
99,0
240,0
225,0
85,0
22196,33336
501,0
5128,0
13,0
154,0
3622,0
1034,0
193,0
18,0
1,0
32473,32430
38,0
7388,0
7524,0
53049,55713
1,0
528,-25792
6,0
20,0
4841,0
2830,0
19774,8328
1,0
268,0
1956,-8960
5,0
1,0
713,0
2374,0
2122,2122
4,0
17,0
3037,0
39500,0
11676,-5978
4187,0
1,40153
357,0
32977,0
7358,-3713
1,0
317,11673
59,12364
823,0
192,0
326,323
69,0
46,0
3957,0
134,0
57,0
9,0
7,0
4658,0
3016,0
1,0
361,87998
11,0
690,0
19,0
2930,0
1,0
8124,0
839,0
16405,0
1048,0
1253,0
18705,60755
64442,71149
7,0
75230,73120
1,0
19,0
273,0
3346,5175
5,0
187,11317
95,89
1,0
3,-405
6776,93726
1508,18532
18024,85953
10,0
21,-3070
50167,50148
1,0
65203,75289
7,0
10402,0
7,0
13145,46326
51780,45035
998,0
1,0
99789,98678
3901,3852
7076,-13329
5017,12194
18337,17004
26029,0
369,0
71,0
312,0
179,405
39,0
46686,46609
2460,0
1,0
338,0
337,0
2,0
8,0
115,0
274,0
1,0
5,0
460,0
23,-161
32701,53807
404,-900
1922,0
1428,0
3,0
1,0
3,-10285
2,3
1902,0
109,0
3353,0
129,9250
2641,99720
1886,0
4,0
13,35376
10,0
12,0
32,0
5560,0
54024,32553
1,0
59,0
46833,20786
2177,0
17,0
2,0
961,0
253,0
2,0
1,0
12406,0
5,0
176,15128
15341,0
25,0
8,28
25818,14442
12,0
286,0
31,0
14,0
14,19211
13,0
23,0
1,0
12766,13687
114,0
1,0
5,0
15,0
9201,0
13938,0
8266,8244
42,0
30432,0
4,0
4104,-11944
65605,75403
20083,20618
35935,0
334,0
635,0
522,0
84,0
27028,25458
15,0
8,0
12292,0
16796,0
1,0
40,0
1,0
11332,41950
100,15756
2244,0
4379,0
3,0
1128,0
828,0
136,0
1502,0
536,4967
28,0
13739,7727
8,0
89013,98237
58,0
2,0
50411,52710
4,0
185,0
39353,29906
57,57
796,0
9331,10596
2129,-9891
2640,0
15127,10586
86,0
9749,2830
850,846
924,0
6,0
3,0
37278,0
8946,11980
1,0
46,0
1864,0
4,0
1,0
2,0
44,0
83,0
13,-9111
62404,50176
13,0
3798,5731
6,0
30364,0
26258,34528
2,0
24383,0
2530,6380
516,516
102,0
1006,0
8,0
1073,0
1,0
1,0
17,0
7,0
8495,10954
15962,0
1,42
50,0
5,8
36856,104807
88,0
72375,78947
1,160
127,0
7253,0
3,0
51,0
497,0
69069,81179
33,0
14953,0
95,0
69517,75952
1420,0
284,0
37127,0
238,0
3791,3791
237,0
570,466
206,0
5,-241
8635,4292
4324,0
1768,0
2,0
4770,0
27825,33763
524,103900
521,0
8,0
699,702
1,0
10306,0
6785,6765
41954,44345
21121,70418
1583,0
2,0
559,0
6,0
20442,41497
1456,0
24042,0
7173,0
621,0
1,0
1217,1219
2585,9812
22882,20994
38,0
24,0
21133,0
953,0
100,0
10,0
5,0
16,0
7166,32536
1731,0
53,13060
183,0
94895,94026
74,0
2,0
12,0
41,0
4,0
20923,-12569
677,-2694
1,0
15037,-46487
1128,52940
42420,19006
56,0
1008,0
343,0
35918,40586
60285,51496
2,0
1,-2185
2,0
6,0
2288,0
8,0
34348,-10420
3308,0
136,0
58,0
384,0
5006,0
735,0
22086,0
109,13185
6,0
3107,3107
21542,0
11,0
5975,0
335,0
8,6769
35366,57665
5817,0
2,110137
13018,39203
250,0
2134,0
49818,47063
10,0
9959,0
2892,0
13,0
27,0
2517,0
985,0
14,0
17,17
23,0
5,0
7,0
363,0
30294,0
6572,0
31,0
13527,6602
134,0
68086,76294
6,0
4040,0
1811,5221
4680,0
18,0
3,0
101,0
18898,57491
3,0
38,0
2,0
17576,22592
3100,0
9,0
6640,2754
8,0
579,0
13286,-14596
215,0
15,0
5,0
11068,0
43385,-2342
103,13
519,-2528
1,0
510,0
92343,83872
28,0
3,0
107,0
16,209
54,0
368,0
206,0
7,7
525,0
1,0
93,0
2,0
26527,0
13320,0
198,0
35918,35639
6,0
132,129
174,0
72774,66531
5469,0
2118,0
6,0
230,0
35,0
5,0
7760,0
52,0
9312,-1884
10,0
5,0
9,0
662,0
109,0
380,0
92307,96027
35417,50820
9995,0
181,0
5,0
4381,14831
538,0
1529,0
272,0
81,0
55,0
58,0
37,0
31,0
1,14
10,0
2,0
659,0
701,0
9,0
1318,6042
47381,52876
46420,48369
44754,49110
6,0
4740,0
2,3345
74,48686
30,0
23617,0
6,0
329,0
136,0
20,0
215,-327
1,0
60,0
73045,60391
21,0
9,0
6,0
1,0
2345,2341
2,0
64061,24571
8434,0
118,0
1,0
7709,0
1,0
1,0
1306,0
94409,94409
6,0
28826,41842
1,0
76296,76159
22332,79375
16,0
100,0
1114,0
4,0
29,0
1151,0
7,0
16778,0
42620,59638
1,0
14581,41746
1,0
15861,19732
3,0
18,0
42,-1036
1,0
952,0
11,-61033
16247,7608
69863,70803
74,0
23,0
1,304
964,0
29,0
10274,0
463,0
349,0
12,0
68,0
110,0
1,0
270,0
2511,0
20644,0
837,0
1,0
2699,0
1,0
21451,35152
2,0
19790,0
63,0
6,0
6473,0
4,7
42835,34221
41,0
1256,1291
4,0
17,0
9643,0
3,0
31966,57909
22084,-6793
2,0
474,0
422,0
1,0
11206,10654
1615,0
27,-21957
2025,0
1546,21904
74,690
89604,40951
33,0
120,0
87,0
5039,18497
1,0
35259,33156
6,0
75740,117844
18298,14507
374,0
36049,46794
20447,0
14899,37885
4,0
23985,19366
6,0
27769,-18204
2,0
2,0
1144,26948
28306,34572
845,24770
11373,-317
4671,0
1,0
187,0
2694,0
10,0
7,0
7939,8566
5,0
4054,4046
8687,12010
7224,0
11116,0
200,27780
46998,82720
24934,24960
3,0
48,0
972,0
3,0
1,0
33,0
7,0
2320,0
2830,0
12775,46104
46722,72759
142,0
97,0
667,0
385,0
6490,0
2,0
3905,3906
1055,0
1861,0
2855,0
357,15276
7,0
54567,48194
5701,7698
1,0
38,58
5,0
1,0
1,-3334
40,0
67,0
14,0
1,6814
51895,50993
4673,0
1,0
4565,0
483,-13022
192,966
381,0
43,0
6596,0
21085,0
22,0
5238,0
46,0
822,0
6,0
1,0
2282,0
2,0
19003,0
14,0
5,0
921,921
4,0
1782,0
61,0
75797,60531
86777,82637
1,0
986,0
1372,0
181,0
390,0
6,0
87,0
1286,0
8241,0
5516,0
39,0
5,0
3,0
3,0
38,0
5407,10128
35,0
1403,0
1,0
2823,0
4651,4641
84452,80936
1,0
51,0
14,0
354,0
95512,97940
12752,0
32,0
712,25950
37,0
42,-12448
638,0
222,0
276,0
4333,50459
3,0
65,0
5594,0
498,10393
52507,57047
63929,56855
72,0
14,0
33,0
35245,106136
3466,0
3,0
13066,13266
17028,0
10572,93241
1,0
56,0
15,0
10,0
1,-2106
561,0
15,0
7,0
1,0
6,0
685,12341
23,0
6,0
84,0
92741,75088
711,0
1388,0
992,0
866,0
1125,0
53305,62652
25076,0
123,0
5376,0
7276,0
661,0
7245,0
1,0
39,0
10199,0
18467,18468
97602,90909
186,0
6735,0
29,0
74820,85970
24,0
12,0
169,0
4,0
17771,0
5,0
5064,0
45,0
43,0
1573,0
6,0
16307,0
35,0
28,0
1,0
293,538
8,0
8,0
19833,22527
3,0
45739,45739
280,0
144,0
139,0
7739,5627
10,0
18496,0
6,0
33,0
701,701
12276,12276
96,0
2,0
1,0
17,0
66,0
3,0
112,-191
6330,0
5954,-668
3,0
1,0
70,0
3,0
60,0
44429,0
2439,0
1,369
4084,0
35,0
6470,0
12,0
33961,0
6,0
1,0
8471,0
8256,0
1,0
56,0
1013,0
27,0
468,0
1,0
6139,0
12816,5003
6425,0
5695,65916
29,0
1,0
2139,0
50,0
7557,0
134,0
2,0
1,0
16874,0
2,0
31,0
1,0
17419,0
404,0
13037,0
149,0
94480,79818
10841,10309
561,0
284,0
27909,31162
75773,59625
198,0
794,0
3,0
1,0
3,3
123,0
595,-313
1,0
1142,22766
20,0
932,0
4,0
48,0
85635,83352
1,0
70947,72703
85624,63685
9146,0
10195,0
6,0
5,0
2118,0
149,0
52697,64832
322,0
1,0
208,0
2,0
1,15
56623,56614
13,0
13,0
20407,0
38,0
469,0
1,0
10,0
3780,8550
21,0
1520,8192
97,21392
8417,0
197,0
1,0
140,0
2233,0
5,0
15225,27943
78,0
1,7247
12662,17693
6137,7490
2786,0
2783,0
7816,0
9367,0
3,0
5,0
349,0
1,0
59006,58684
189,0
1,0
2017,-18328
1,0
41,0
21,21
1,0
103,0
70906,76119
3831,0
13,0
239,0
4,0
5829,77298
65,0
6,355
97,0
212,0
14415,8066
29729,0
1369,0
2260,0
1,0
2,0
209,0
456,0
4,0
483,1186
5007,0
50498,14937
1,0
6,0
9,0
2577,0
51001,31000
6009,5295
9753,0
97231,111763
2,0
58,0
4,0
83,22
110,0
20,0
559,0
14,0
416,0
47747,47067
68,0
870,0
3090,2866
2413,0
2419,0
5,0
24,0
8379,0
1,0
451,265
425,0
9042,0
3,0
147,0
2048,0
1,0
1885,0
1,0
16,0
146,0
11429,12751
1076,0
62,0
100,0
63,0
139,0
4459,0
9,0
12,0
3092,3236
449,0
8,0
1,0
9,0
4,0
3,0
9,0
47,0
252,7104
1,0
60,0
3,0
4610,0
12,0
129,0
21,0
11,3459
2546,0
4071,0
78,0
1035,23011
268,0
92716,90160
2,0
2,0
6307,0
8,0
17,0
22,0
10,0
105,0
1,0
408,0
24,0
1,31466
29,0
8245,0
33944,37697
21,0
356,0
8592,0
22,0
466,0
8,0
1,0
1878,11725
23343,0
3,0
77555,121435
2,0
7,0
1,0
226,0
14732,0
2,0
1,0
9,0
38560,82710
2,0
63,0
40988,0
52716,80545
1,0
14,0
977,0
23,0
838,0
109,0
12,0
2,0
255,0
33,0
69,0
6,0
912,0
26,0
57364,57657
6141,0
1,42911
125,0
27019,0
2,0
22,0
7,0
1,0
60,0
651,0
2767,0
8,0
59793,25761
2,0
21382,60208
9234,81395
32555,-8512
868,0
16298,0
10,0
18,-61
868,0
6020,0
1,0
120,-13061
23692,0
17697,0
656,23303
21028,44309
1420,0
20,0
9,0
6460,31278
2,0
143,0
33126,106546
1652,0
235,0
14900,62894
1319,-44371
16880,89167
10,0
9,0
3503,3469
30291,4465
8,0
20,0
1,0
1193,0
358,0
213,0
740,0
5594,0
1,0
1772,0
4,0
11,0
56,0
127,0
7,0
127,0
1108,0
4,49511
4240,4063
18,0
171,0
123,0
20427,-38584
1314,14992
64549,57181
3,166
78,0
5827,8670
7,0
61,0
1,0
54,0
1,0
4,0
9,0
658,-22241
13497,0
54965,77717
33,0
4,0
2675,81953
162,0
2551,0
93,26658
20,0
1713,0
17,0
1,0
1283,0
6,0
9,0
1,0
215,0
107,0
99,1487
6314,1530
99,0
56,0
1848,0
64,0
2,0
12698,74703
453,0
2342,0
995,0
7425,85687
6,0
8,0
8,0
991,0
940,0
2017,0
11418,46636
635,0
690,690
1,0
4810,0
124,0
37,0
21,0
18870,0
42,0
3,0
1,-32566
4,0
65817,63795
24910,0
905,0
4180,0
138,0
4,0
135,0
17,0
51630,70359
1,0
21069,75608
35837,86087
1,0
9317,0
272,0
152,0
1,0
12730,-22176
1,0
621,0
424,-12533
13,0
33834,0
15456,0
94,0
1,0
80063,80879
1,0
49,0
339,0
3651,0
2796,0
381,0
330,-23684
1512,0
29807,31984
698,0
180,0
5943,0
149,0
4,0
68,24858
22115,3495
260,0
3273,-31908
2,0
4418,0
1328,0
13438,14888
13892,13966
8559,100551
330,0
2,0
107,0
940,0
2777,10071
73624,89025
5857,0
25,0
105,0
5,0
88,0
34056,67171
86,0
38,0
4,-22072
53,0
185,40994
3,0
912,0
21822,21822
686,0
1,0
487,0
89,0
3,0
60,0
73,0
3,0
32,32
17,0
34,0
6,0
353,0
3961,-17983
6,0
797,-30593
2,0
35083,0
54447,91293
40485,132994
11914,0
4,0
32,0
18,0
4423,0
199,0
145,0
4,0
434,0
3131,0
13,0
215,0
8,26147
63664,66302
7,0
154,0
405,0
1,0
150,36991
26,0
565,78720
1240,0
78159,78488
4,0
13754,13898
8,0
54,0
2159,0
3,0
531,0
15,0
528,0
6,0
2253,0
1,0
95,92
3778,0
15,0
2022,-24876
1764,0
41438,42884
11,0
610,0
1020,0
1,0
15715,0
77460,79967
555,0
318,0
4033,0
1,0
2,0
131,0
1179,0
40,0
5,110846
5,0
5,0
131,0
321,0
2,80713
6724,0
1,58266
81871,69782
118,0
2534,0
19,0
367,0
34760,33041
7381,-30435
4077,6221
15,0
33,0
8526,0
63,0
30,0
1,0
43,0
3,0
87522,103723
10,0
9768,0
4,0
84,0
269,0
5,-20
2,0
539,0
31,0
19068,0
10,0
419,0
11607,0
4,0
480,0
3,0
9,0
745,0
5,0
28,0
463,0
118,0
1595,0
4302,0
98923,96116
7397,41568
4970,0
1536,0
11,0
1,0
3,0
12071,12972
1,0
150,148
18,0
21,39794
989,0
760,0
171,0
13,0
628,0
3535,0
7,0
1,0
404,0
5,0
129,0
5,0
10,0
10,0
2,0
153,0
5,0
10255,-22402
106,0
8422,0
3,0
89,0
85,0
3641,0
102,0
147,0
29,0
23,0
4036,0
85,0
234,0
44,0
19542,101240
13,0
350,0
1222,0
2,0
37022,23812
4394,4948
13109,0
10,0
875,0
6,0
10164,0
32,0
527,343
86,0
1,0
41700,6961
1732,-11857
1362,0
10,0
1,0
215,0
3,0
6,0
5,0
4687,0
12908,0
2,0
69,0
28016,0
25,0
3,0
2333,3780
2,0
27,0
78215,54645
2900,0
148,8
35,0
13,0
1,0
809,0
466,0
393,-3570
8,0
838,0
63,0
19297,0
1,658
27,0
56,37712
1,0
6238,2300
13,0
31,0
51,0
2,0
31,0
137,0
52,0
2,0
1030,0
106,106
36,-3
19,319
1,0
2,0
11,80493
11,76951
111,0
20,0
158,158
28,0
57,0
4,47831
98,0
46067,-11571
878,0
74995,82620
598,0
41,0
66892,78023
1,0
1,0
280,0
11,0
43,-24202
98,0
5369,0
53057,53929
21157,-45089
52,0
1,0
67049,76542
5,0
127,0
4,0
7,0
11,0
4,0
192,0
3,0
994,0
865,0
1,0
35485,29965
4717,0
62,0
2,0
31594,33299
111,0
236,44310
42,0
22906,0
1,0
2,0
412,0
42,0
12920,45373
1,0
2937,2937
2509,0
203,0
21,0
523,0
38980,0
146,-3410
41,0
7,0
3298,0
13,0
3581,37035
43,0
11306,33367
2,0
7,0
38,1154
162,0
1,-1
790,-29731
231,0
69525,54596
30,0
16992,17110
268,0
50,0
1,0
3,0
53189,42174
1,0
30907,24852
10268,4937
56,56
6,0
127,0
7666,11017
1608,1608
27,0
1,0
2,0
136,0
64,0
5,0
55,0
1384,0
3099,0
3,0
371,0
7369,15932
9923,506
6371,0
1,0
22,0
9,0
433,0
4224,-31277
46,0
1195,0
7652,4388
6,0
31522,0
31,0
78,0
3,0
10670,0
125,0
36,13922
4,0
50,50
23,0
444,0
1,0
98,0
53814,87499
3,0
2,0
7699,0
55850,26289
7,0
8665,5259
9,0
187,0
36,0
3,12668
17,0
12195,34563
258,0
3,0
1477,1395
3002,0
93,0
1,0
355,0
15923,39969
6,0
2,2736
82343,81625
1,0
511,0
6,0
48,0
80650,80144
4,0
182,0
13,0
4579,0
1451,0
41,0
2,0
120,-15473
54871,65630
83,0
97,0
88315,59152
63425,70025
94,0
86153,86281
15,0
20412,23286
87492,105558
48303,58163
6,0
257,0
1668,2068
24469,0
330,0
220,0
616,0
4877,0
1,0
2,0
5317,0
61,0
1,0
101,0
11,0
25,25
19789,0
23961,0
375,0
5,0
3,0
1,0
7,0
5471,0
1,-1309
776,0
402,0
25105,-8991
6557,10423
3,0
3187,0
4,0
584,4745
13,0
5,0
176,0
249,249
743,772
3810,0
12,0
1,0
850,-2038
1,0
27,0
6,0
1,0
88,0
493,0
3120,0
2,-33440
2,0
61,0
31,0
10408,0
7749,0
3,0
21,0
30481,0
21785,0
42482,44594
54751,86490
2454,2500
74382,73758
25846,58442
77,77
750,0
10507,0
4822,0
12,0
6485,0
10150,0
15,0
4,0
18,0
2,0
412,0
1,0
25139,75811
530,0
83212,101668
5,0
81492,79870
5,0
1756,0
1,52604
30,0
13020,34136
5612,0
166,0
1,1
5,19018
818,0
3409,0
8970,0
21,0
54,-3963
1143,0
5,9613
35609,33291
773,0
7,0
1824,0
23,0
48108,51521
21,0
16341,23528
10,0
1,0
2916,2871
11,0
3,0
83,63266
32,0
26180,0
4815,0
67187,97027
305,0
24,0
22049,0
1,0
5757,0
1,0
16,0
7,0
771,0
7,0
439,1613
39,0
84358,65586
3719,-22122
36035,118660
12211,0
70596,83371
68588,42499
6477,0
272,0
2027,2026
9,0
48,0
4,0
2,0
7662,0
1,0
9,0
34900,35147
5672,1057
14,0
13023,0
1,0
32,0
17673,0
27,0
21,19
13649,0
13425,0
4,0
63,0
2,0
35,0
2,0
21,0
24461,29276
1,50453
78407,71999
29,0
22,93816
118,0
47,0
2,0
10,0
19,0
18,0
49805,44877
3074,0
84992,84746
75144,66592
97295,97753
1,0
21,0
13593,0
48988,63628
3369,0
21,0
1491,0
21042,0
750,0
326,0
3,0
3,0
944,10441
2,0
655,669
26809,21129
16,0
19261,0
7,0
3804,3717
1,0
30142,0
884,0
27,0
30222,30122
3222,0
10513,0
1,0
544,0
54,0
685,0
16059,27763
17866,17866
4,0
34,0
8322,0
258,-42195
3,25555
621,679
650,640
76,0
2,0
3910,0
6811,0
23,-38
9,0
240,0
2,0
2843,36394
68,0
1736,43077
15957,84659
6773,0
11,0
39639,0
3,0
2363,1506
283,0
1,0
1,0
201,0
874,0
22,0
8,0
47497,68052
18,0
16,0
134,0
7101,0
7867,0
58,0
3,89188
17,0
1084,0
28,0
65872,70119
4,0
12978,13780
1,0
1842,0
8,0
2562,0
34,-35028
4,0
3121,0
4295,0
1,19363
904,0
10,0
6,4
2,0
91191,140413
2,0
594,0
2,0
8681,0
9639,0
283,0
14339,40339
1,0
57384,66398
1,0
32,0
36133,35591
1,0
366,0
514,134
3,0
39396,0
60176,59636
79268,75007
18210,20690
239,0
49,0
7799,7799
7844,0
15,0
3,0
249,0
6,0
8,8657
1775,12361
8,10777
713,0
2234,0
64,0
1,0
2935,0
335,0
324,0
4,-152
1532,-10952
90511,101365
93946,93946
3210,0
4,0
44,0
93,0
4,0
5,0
5,0
37950,0
2295,35360
17,0
7,0
11,0
215,0
4241,0
7612,0
23,0
335,0
1996,0
1,0
1297,-20808
9283,3756
18,0
13392,-23971
4549,0
9,0
1020,0
288,295
17521,18147
1047,0
68,0
8805,0
29,64
20119,79343
254,0
1540,0
1044,0
99,0
15597,0
70226,73113
29,0
1,0
20,0
77341,103823
45343,30953
57,9254
116,0
29846,55814
17,0
38557,48422
8,0
96822,77868
192,0
1350,1350
39,0
6,0
99,0
31,0
975,0
6,0
378,504
1661,0
27,0
20,0
19,0
189,0
24272,0
54,0
84509,71559
2,836
4,0
23309,29220
2148,41569
2842,3968
2180,0
979,0
259,0
23,0
29535,-26051
45,0
7858,0
3419,41550
10,0
45443,57787
72,0
70,0
26,0
2151,0
288,0
25,0
9,0
19,0
10189,7329
1518,0
104,0
1759,1824
2778,0
98729,83320
2298,0
135,-7237
234,0
1,-16711
35317,33822
6,0
5290,97199
35,0
25,0
6763,-46520
61935,60528
4003,0
2191,1534
2,0
106,0
12,0
73,0
11066,0
97,0
59,0
28144,97509
26827,0
4,0
6,0
18724,74556
1891,0
17766,17840
21850,0
1,0
1,0
15,0
1,0
35244,0
263,0
1021,0
123,0
19220,19011
3670,0
9681,115349
1,1
5,0
1,0
2,0
380,0
3474,0
7199,15471
1146,0
2,0
17668,-9584
470,0
12,0
942,0
10,0
26,0
2,0
8566,0
18,0
21,0
6,0
10,0
34,0
24211,0
15,0
18,0
248,0
49962,58535
11359,0
5,0
233,0
86333,114724
63,0
2000,95569
1,0
62,0
7,0
13569,0
9640,0
1082,0
182,0
1,0
1,0
4849,0
1,0
273,0
6843,6853
1626,0
6833,8222
747,0
75,0
11922,12809
4,0
520,0
321,0
518,0
2574,0
20,0
7640,16971
8734,0
1,-10003
6953,8457
63380,82451
137,0
884,0
20465,0
4,0
580,0
824,0
16555,36514
2,0
15,0
88857,86520
1703,0
11373,0
2,0
6,0
709,37351
19577,21984
5579,0
261,0
15250,52751
4,0
9,0
6251,0
1952,0
12957,5892
12169,0
3,0
124,0
2391,0
34415,31341
1,0
1,0
706,0
2623,0
2,0
675,0
3,0
3,0
37,0
7,0
1,0
41272,111074
193,0
3,0
13417,0
220,0
4575,0
73,0
46,65254
2,0
102,0
1,0
19,0
6,0
951,17465
4169,-304
2198,0
45305,-1380
1,0
34,0
93,0
4,0
4,0
6,0
8,0
80513,68087
1,0
2,0
1,0
942,0
129,0
3240,0
85,0
22,0
7726,34867
10,30929
4413,0
1212,0
14546,0
33,0
1,0
4796,0
1,0
658,3188
190,0
1,0
3303,9286
70,0
2,2
55,0
30690,28713
7,0
2,0
1,0
7111,0
29663,20092
5960,93820
17,0
35449,0
16664,-31687
91,0
1055,0
68,0
4863,0
1577,0
3141,0
903,0
84608,57599
73,0
54,0
94463,98539
1,0
2,0
2678,0
13,0
1941,0
1,0
591,0
3319,8623
6,68
14,0
1931,10216
1,0
1089,0
3069,0
11,0
847,-51172
79,0
312,0
26047,26517
167,0
144,0
3418,0
87291,87760
36374,0
142,0
40,0
31,0
41734,41735
6046,0
81,78
3904,0
96009,105664
2886,0
59,0
16917,0
2,0
80,0
4686,0
2,0
12052,0
6,3684
519,0
3159,6185
684,0
4714,0
671,0
6257,32593
1,5410
83,0
2,0
6,0
152,0
281,0
32154,54221
369,715
30,0
2,0
7363,0
9098,0
28,0
4427,0
1415,0
54901,83193
7817,7562
351,0
2011,41543
31,0
10,0
18142,11255
3,0
6,0
1690,0
85,0
1,0
17,0
27703,0
1,0
72,0
4,0
21086,0
632,0
20,0
283,0
1630,0
7,0
14,0
192,0
8975,0
15864,0
319,0
1,41572
1089,0
51503,124116
7459,7621
2,-344
400,0
946,0
40411,0
1,0
1,0
12,0
336,0
5,0
17,0
35124,0
379,0
1,0
130,0
1091,3015
1331,0
28,0
2795,0
954,0
43146,19495
4364,0
126,0
3,0
19,0
621,0
14,0
6,-138
341,0
66,57662
32,0
3,0
544,0
3282,3225
1141,0
79379,134086
4133,0
16,0
1,0
37,0
2,0
961,0
1,0
2,0
9,0
4641,0
1865,87805
8,0
1,0
5,0
7,0
6,0
22,19200
1,0
1,0
1,0
1212,0
80,0
28,15122
37,37
8007,-675
22384,0
3616,0
3,0
15341,0
4,0
36,0
11548,18084
88,0
164,0
26405,113969
45,0
10,0
43,0
290,0
25,25
2322,0
31,0
30039,26708
407,0
33313,131483
1,26618
4,0
41,0
6,0
3,0
11529,72916
477,0
2749,0
668,0
37,0
29,0
58591,68193
4115,4427
459,0
8,0
26570,26351
36799,79124
15,0
1,0
72,0
16147,0
9128,9273
508,0
17,0
14725,54593
63144,55108
51251,42876
221,2375
2658,0
41,0
22,0
266,0
6890,0
110,0
4706,164
3164,0
49,0
51879,61678
3118,-12452
33,0
7598,0
2,0
13190,16484
2,0
511,0
78,0
250,0
9303,0
20,0
95,0
6311,0
1,0
12099,14970
3,0
1,0
10,0
782,0
1,0
38,0
4,0
22496,0
1,0
1,0
9,0
1,0
10916,0
5,0
21,0
9753,0
261,11255
304,0
70932,70778
472,0
4262,0
947,2560
3844,3973
69208,67431
114,0
3425,6827
107,0
142,0
3,0
6,0
16,0
655,0
10,0
2199,0
1216,0
53,0
252,0
2,0
21,0
776,804
400,0
145,0
3523,0
2,0
816,0
1,0
4677,0
9,0
7,0
95382,125682
7547,0
31168,27384
8897,0
254,-32409
2,0
336,0
30,0
15,0
4,0
39,-859
35206,90490
3085,0
4083,18890
19210,0
3692,0
1385,0
9381,0
3,0
393,0
39649,62406
22,0
64,0
8,0
51,0
1,30658
16,10360
26867,26914
947,0
48,0
44,0
73230,78724
7,0
12,0
3,2
84,0
50,0
7359,0
3998,0
774,0
2,0
1,0
9,0
59149,73349
53252,59792
2204,0
12973,12064
3561,7525
18342,101738
62,60
58934,62971
16,0
942,0
2323,0
17,0
2469,3874
66,0
2117,0
97,0
216,0
9686,0
1251,0
3184,0
31773,0
8813,0
53,0
3012,0
145,0
707,705
129,0
41,0
18824,0
1,0
360,0
108,0
22481,0
1,0
109,0
16,0
2328,0
5,0
462,0
1,0
9,0
81,-1162
2,0
44,0
282,0
71158,95580
131,0
1,0
2383,0
42,0
10,0
7995,0
162,35799
31,0
30,0
4,0
564,8592
73191,84466
50,49
3,0
80,0
1,0
2,0
7,0
1,0
12,0
75,0
1067,0
60259,82277
77,16797
4182,0
24,0
12,0
854,0
208,0
221,221
3171,0
1,0
6,0
204,0
3,0
102,0
1724,0
249,0
12651,13838
4502,0
66765,51666
406,13918
4404,0
16,0
2753,0
3180,0
10148,51519
92,0
1031,0
6,-20298
26,0
23345,20340
17,796
13,0
535,0
12312,0
1,0
17,-39
1015,0
43909,19855
382,0
19026,15137
14972,0
13356,0
119,27
464,0
6865,0
24691,35501
93588,93732
78464,44515
49,0
706,0
53,377
33,-66909
18,0
18415,0
24225,57012
2083,0
2782,2782
1,11
234,0
12824,5894
82789,67258
20,0
5,0
13583,55687
4092,0
45387,-20995
38084,0
25,0
48,0
55,0
24537,24536
28812,58125
7,0
2,0
2710,12851
32976,0
13670,0
3,0
46329,33411
41100,41506
98,39878
1315,-32045
11683,-35093
3654,0
248,0
51075,77534
73229,79586
2903,73607
50824,56912
57,0
628,148660
772,777
105,-21372
2975,2803
22982,35348
412,0
1560,0
875,1241
11336,30837
15125,14761
64834,63203
2141,0
914,914
88431,90094
2877,0
183,0
3,0
5,0
4,0
73461,73466
15235,0
469,0
2,0
569,0
73,0
35,0
174,0
132,0
31,0
8012,0
61980,69746
7,0
48,176919
84732,92358
8821,0
18,18
153,0
223,0
9,0
4,0
12,0
9,0
29,0
2,0
63393,42539
4580,0
1,1
13211,0
1,0
1,0
10366,0
8010,0
427,0
69186,65887
373,0
1,0
272,2297
18547,0
23,0
365,0
1,0
7,0
16,0
1,0
24403,46204
4942,4930
25,0
1079,0
6,0
90,0
1,0
1242,0
59873,61254
1,0
3474,0
975,975
9,0
92667,92686
897,0
1603,0
25,24
1321,-1275
104,571
23,123186
77296,78194
4,0
1724,1662
70,41346
127,0
6585,0
6567,6232
827,0
5,0
2349,0
2,0
1,0
54897,36392
21,0
7,0
7,0
103,0
75,0
1318,-11899
788,57470
1,0
5,0
13379,0
413,0
11,0
38278,0
8399,0
293,0
12,0
1419,0
8,0
100,0
6424,0
70311,63945
1,0
3154,0
2,0
35660,58479
5,0
85,-223
1378,0
81,0
127,0
14,0
37183,60046
1948,0
1776,0
43101,89094
7382,-53098
70,0
9,0
32883,0
1,0
13146,0
20,-6468
9263,0
32,119451
2,0
3,0
333,0
78410,104281
13,0
40,0
387,0
158,0
1553,0
16,0
78078,94105
11,0
223,0
2,0
290,5596
9,0
9,0
57199,55595
782,0
3692,3692
525,0
1112,0
574,0
12,0
19486,0
3974,0
16597,0
91,32913
25,0
100,-338
48865,0
1965,0
11,0
55,0
68756,125387
5712,40989
1428,0
109,1802
62,0
1,0
32748,107054
9036,0
13,0
70,0
2275,0
2132,0
19,0
16,0
3008,2992
2090,0
6500,6163
22982,0
2568,0
1,0
6186,0
211,2346
611,0
15,0
2,0
316,0
241,0
2,0
3,0
9,0
32,0
22,0
1,0
2,0
4,0
5072,3819
619,0
7940,8195
522,0
385,0
11275,40274
5810,39531
46,0
5,0
532,0
5,0
120,0
596,33086
3038,16815
1212,-7010
1543,0
1,0
76528,76422
4,0
882,0
183,0
5,0
52,0
27,-44019
19464,19442
473,0
7724,0
1445,20378
1,0
1,0
57,0
2084,4452
5,0
2,0
59318,38494
2,0
81867,87273
25,0
4,0
12,0
1,0
3,-26538
75,0
2905,0
44025,87384
1,0
40432,-4246
78,0
290,0
564,0
15,0
29,0
12990,0
261,0
1993,0
542,0
7,-6379
165,0
2680,2659
81493,98371
1,0
2,0
30,0
2,2826
5,4
246,0
15,0
139,0
5122,0
359,0
1884,0
4827,0
11487,0
35397,18559
828,0
40,2327
7041,0
1786,0
62,0
7404,0
1170,0
55,0
3,0
154,0
8223,0
1,0
16041,0
1734,0
121,0
61,0
28297,-1126
279,0
923,0
5,0
9,0
26485,-4049
8474,6808
20,0
313,0
100,1472
9890,0
163,0
1530,-267
80639,65094
29922,0
311,310
254,0
36699,35595
31518,36442
28,0
7700,7721
375,0
1,0
36201,0
39,0
1481,0
80526,75202
19532,0
25,0
3,0
1535,0
861,0
1,0
47,0
1269,0
4,0
3,0
1405,1407
2322,0
3127,0
477,0
197,0
3,0
61314,62956
74869,62107
4,0
3618,-2478
3,528
514,0
15,0
435,0
43709,86493
5502,59815
2,0
798,0
42,0
104,0
2549,2430
11735,0
578,0
32890,0
43384,0
78775,81735
66,0
6537,0
6,0
141,0
18,0
36,0
4435,0
59,0
18063,0
9,0
6,0
5809,0
22,0
66,0
2,0
48353,37000
5,0
40925,38391
13008,38847
21,0
1,0
611,0
3513,0
15643,0
26538,43850
5868,0
17,-22295
3626,0
115,16215
11973,12479
2,0
9507,59933
1099,0
251,36684
4847,0
5,0
6516,0
2854,-916
111,0
9741,0
11595,-6228
24984,11933
2406,0
2765,22092
546,0
42,-149
20,6249
64434,74271
24,0
5271,0
1209,0
1413,285
1,0
1142,0
46002,40719
10822,40776
1,0
41,0
532,0
313,0
1,1
1,0
51578,107230
1,0
2,0
60,-1060
3,9298
8745,26661
1356,0
46499,66917
4,0
191,0
208,0
1,0
184,0
4,-2605
25401,27913
1,0
16,0
354,0
161,0
26,0
85,0
2186,0
6,0
160,0
3760,0
96217,101279
545,2614
44792,40994
3,0
89,89
3,0
35396,32849
4593,0
9480,10560
48439,0
1595,0
703,0
5,0
8,0
234,0
27,0
52,0
710,0
4,0
4,0
1,0
3,0
6712,0
42605,65735
1,0
1,0
1,0
1,0
4560,0
808,0
13,0
15230,-10652
1384,28063
1583,0
3,0
9,0
3027,0
9225,9461
4698,0
36,0
586,0
16,18658
1940,0
8,0
9,0
101,180306
2,0
25,0
68922,60439
97857,60891
1,0
2,0
1,0
23,0
1986,0
15493,0
8114,0
1,0
2,0
35,0
2,0
18237,26296
1,1
7,0
2053,0
10471,-36110
50778,21180
325,-46068
1,0
15,0
882,0
558,0
15121,0
9986,0
652,0
6512,0
180,0
474,677
2675,0
811,55205
81982,107980
3373,0
2,0
4660,0
489,0
4,0
9730,0
33,9063
79734,47619
20,0
111,0
2879,0
2681,0
76,0
10,0
3216,0
16,0
165,0
387,0
85,0
200,0
540,0
10,0
2658,0
62,0
166,0
11,0
9,0
3601,0
30493,77546
48,4126
10,0
22,121083
238,0
42,0
59,0
6476,7397
12,0
1347,0
268,0
1,0
861,0
408,0
7275,134847
13104,0
30621,49576
20823,23301
111,0
563,0
20262,14715
226,-44789
1,0
1,0
18,0
2,0
85,0
196,1848
59,0
42,0
2,0
37670,56276
621,0
920,4742
1,0
41135,0
6,0
73,0
6,933
1,0
16733,0
49652,47508
1,0
12273,10352
1,0
79,0
23221,0
1,0
133,0
20283,20260
204,0
797,0
10258,0
1563,-30984
17770,0
76,377
45,0
8,0
1,0
59,0
49519,54287
30429,35164
61,0
28907,100091
457,0
711,3694
97,1243
93549,106255
156,0
17687,0
1133,0
235,0
1851,0
62,0
3366,0
40808,0
169,0
5,0
84814,84314
22151,0
10,8
64,0
1,0
293,0
20626,20565
208,0
2,0
39723,34432
5177,0
1935,0
519,16148
82883,86909
58,784
10748,10249
2,0
54989,55025
456,0
3,20832
15,0
114,47636
81545,94986
24823,0
477,0
753,0
10,0
86709,85917
43074,40365
93,0
46428,57743
43546,36914
44915,455
5,0
9,0
3,0
3,0
432,0
20723,23032
20842,-15105
1,7
1,0
194,0
245,-9910
10,0
8059,0
19,0
1367,0
2,0
17222,24801
17,0
6121,-28436
50,0
37,0
32988,37084
417,0
27164,27164
40,0
13499,-27455
110,0
16,0
23788,0
482,0
2209,2219
85559,100569
11889,78118
4308,1864
58,0
5037,0
10,0
1793,0
474,0
1,0
2188,0
2,0
7,0
58968,52145
187,0
1374,0
5917,0
22,0
736,0
21553,33531
1,0
3,0
4,0
487,489
690,0
15,0
2215,-83285
12,0
8517,3452
3200,0
106,0
714,-22591
3,0
257,0
8762,0
286,0
85,0
1,0
33028,0
27136,0
21938,21931
5,0
3571,0
2307,18247
2296,0
11,0
2706,2751
707,0
82,0
2876,0
1,0
3,0
2227,706
1,0
193,0
401,0
11280,0
14,0
3,0
2,0
1,0
87899,29678
21056,0
14812,5420
1402,0
2,0
55954,55957
2667,4890
4,32467
65236,71240
9,0
3163,0
67,0
2711,0
98246,97614
26045,0
87,0
185,0
21197,11185
35,76431
563,1027
2,0
14350,0
2,0
1403,0
21,0
32084,25336
3,0
1,0
12,0
2539,0
3,0
29950,0
8682,41249
11932,32794
24959,0
26,0
24110,0
1,0
750,0
20,0
1,0
105,9228
125,0
179,0
40,0
4165,0
82144,82239
1,0
740,0
3,0
34,0
65,0
10049,0
379,0
72650,28767
3,0
7109,7108
6,82
37,0
5,0
10482,1830
2002,83055
30765,-4080
14,0
1,0
10560,0
770,-584
22719,0
2,0
571,0
360,0
112,0
16,0
1,0
555,0
1672,0
64,-26684
931,0
19,19
514,0
39058,0
3,0
101,0
3,0
42,0
5398,5398
2,0
13,0
16424,13728
4075,0
360,0
2283,0
2513,0
79,0
189,0
28,0
342,0
5,0
69,0
383,0
3,0
2,0
28540,67650
1,0
721,46316
30562,-17421
2,0
5709,4389
68330,94318
24,0
5341,0
4,0
30487,67718
7146,0
14,0
2206,0
11,0
6498,0
34710,54624
27,0
3543,0
34,-15805
1,0
54,0
1,0
15751,60018
4467,0
20219,0
523,0
11,0
3,0
7,0
8,0
5072,0
95,0
10803,58008
9,0
78,0
368,0
136,0
1324,0
29,0
19,0
378,0
76285,75327
47,0
7489,0
35165,0
3,2796
8574,-75279
1,0
5259,0
14,0
1,0
10822,0
9025,0
1,0
295,0
81681,81511
4580,11307
4,-8762
11,0
6,0
3502,0
5,0
404,508
56608,67205
3,0
42,0
127,0
133,0
14227,0
10,0
143,32704
2033,0
68,0
1,0
205,0
71,0
1887,0
1,495
12702,0
3533,11110
6094,9713
4,0
52,0
52904,56574
3,0
46865,43836
1054,0
4133,0
3164,3164
96,0
8046,0
20,0
66,66
3,0
537,0
43,0
106,0
83,0
1246,0
468,0
2529,2533
36,0
10,0
298,115706
9791,0
71,44808
90,0
5045,4990
714,0
2,0
24,0
2178,32731
30,0
320,0
101,0
460,0
9549,0
764,764
10759,0
7,0
4003,0
3074,0
4188,12297
84,0
123,0
4,0
17,0
14,137979
187,40838
3,0
67068,9804
13,0
95,2673
15,39013
1,0
94,0
42344,43409
17517,17509
3,0
4172,4159
294,0
20889,708
3,0
762,0
2,0
2,0
65715,70270
20505,29971
2665,0
1,2
446,4394
13883,0
774,0
97,0
11690,0
82274,103587
868,0
12096,0
1,0
1358,0
2,0
4,0
15,0
148,0
3,0
1,0
13,0
1,0
229,0
1,0
1085,0
54512,58346
141,40337
1,0
2450,0
19166,0
531,0
3,-62
21,0
33,0
6,0
85,0
533,0
160,9224
609,0
3,0
1642,1119
97585,124108
130,0
1,0
10856,0
2,0
7229,0
223,0
1024,0
47,0
774,0
2198,15229
123,0
1,0
16083,19353
33111,5334
50,0
2494,0
60,0
817,0
55,0
300,-5481
3964,0
60996,60630
87,0
158,84319
320,0
4085,-50209
124,0
2700,0
664,12920
9463,0
24292,0
1,0
65,0
13,0
855,0
135,0
6,0
310,0
4,0
63251,63058
141,0
29,0
14,0
24172,0
2511,0
10,9
207,0
19,0
1,0
21377,26318
1,0
74465,22118
4918,3821
3,-43974
14,0
214,252
1096,0
39,37070
614,0
1,0
1,0
37917,0
7027,0
8185,7307
9046,-89513
96,0
1769,0
683,0
22,0
37194,37193
253,0
19505,0
108,0
87,0
1,0
75,0
2465,0
360,0
6284,0
17,0
11,0
4,0
1600,0
3105,0
3575,0
32622,15103
15,0
12,0
95643,85974
2,0
12314,0
14309,10059
50460,54710
2,71283
35029,35255
373,0
420,0
170,0
1,3101
15,0
583,0
30312,28264
85563,95317
3,0
47,0
8,0
386,384
32,0
1,0
18312,-3528
8670,0
2,0
615,0
20,0
8972,31724
27152,0
13,0
1,0
1,0
27730,0
4,0
83,0
714,0
5,0
2,0
1770,0
38655,44021
25,0
249,0
319,0
17984,16514
8,21208
135,0
240,0
2990,0
37,0
4,0
353,0
37,0
264,0
47,0
46229,46358
5,58958
3,0
26,-46263
4041,0
13,0
1431,1515
27,0
1,0
16,0
185,0
74,0
5,0
2,0
4,0
24,592
8837,0
1,0
2677,0
20,0
9,0
12721,0
453,0
1,0
597,0
1271,2922
1,0
662,0
138,0
3493,0
3774,0
3454,3125
488,0
328,0
8,0
10,99
137,0
20987,0
42,0
76,132
15,-5541
95404,95928
193,0
11,0
54,0
10993,0
14,0
60,0
426,0
1,0
49,0
235,0
1374,0
8,0
3,0
2,0
1025,1027
3,0
4338,0
2,0
5,0
1,0
19341,9785
21,0
417,506
5368,0
15204,14925
1650,0
28229,44487
39133,31071
17423,0
42106,42107
2010,0
20,0
1,0
9,0
37,-9
22,0
1050,1124
5432,8266
51,184
2398,0
1,0
90,90
40,75771
9,0
1,0
36,0
59,0
2,19239
981,94
27,0
3,-380
13,0
8,0
7,0
3,0
5,0
2732,0
1014,0
72305,88598
847,0
213,-6770
1090,39414
5,0
117,0
11681,13326
39,0
6,0
35099,35096
5512,2140
26,0
274,0
79860,99002
3497,0
213,0
1,0
121,0
52203,45839
26,0
2136,0
234,1606
16,0
7241,0
22,0
367,0
8703,0
85,0
1,0
10395,0
2,0
4,0
816,17632
1,0
7513,-16109
6029,33492
6,0
80,0
10,0
33866,50317
77,0
3615,3615
4,0
167,0
40,0
21,21
9717,-8645
3,0
378,0
3936,3925
5,0
2293,0
10,0
59,0
47502,18736
173,0
30,0
2935,0
27,0
1347,0
1348,0
77,0
17,12724
56,0
10894,8662
778,0
3161,0
265,0
6,0
57994,58190
19,25990
976,6661
7,12767
1,0
33566,0
59079,53583
37,0
9411,0
102,-15604
1,0
3777,0
1437,0
22644,0
34,0
1157,0
79,0
39738,37990
8,0
1,0
24,0
112,0
216,0
2,0
759,0
14,0
1,0
123,0
6379,0
1537,0
5103,5139
675,0
21,0
56991,79651
651,0
117,0
517,83709
194,0
6,-3585
176,0
80404,77019
3,0
321,0
16,0
26,0
35658,0
93808,79563
339,0
49112,77582
4804,0
78,0
1958,0
229,0
122,0
24548,24630
290,0
8733,0
334,8750
875,0
6134,0
33323,51069
270,36817
581,0
3,0
2006,23554
87,0
103,0
2521,0
20,64241
28720,0
1,0
40666,34146
3436,0
4398,0
1,0
5,0
35007,36657
8,8
6305,9977
2127,0
15,16
167,0
250,0
1,0
11,0
1,0
2,0
16905,16905
1,0
1,0
1343,0
1,0
22169,34676
106,0
529,529
167,0
452,24580
52,0
802,50744
29919,-17038
194,0
21,0
10,0
1,0
2145,0
191,210
56987,68538
5208,57830
45,0
2654,0
829,0
651,0
5290,0
41128,44410
229,0
112,0
1,0
438,0
30882,115851
770,0
30,0
610,0
1086,1417
9,0
12,0
1,0
1,1637
18,0
5,0
911,0
1148,0
375,0
939,0
21075,36143
6,0
71985,73522
10,0
146,146
35,0
5837,21071
3,0
32,0
211,0
49,0
152,0
1,0
16,0
53904,71097
46233,12425
3,0
154,0
1,0
170,0
1,0
568,0
31870,27874
1924,0
1,0
7994,0
1484,29175
104,0
1756,12025
626,0
4933,0
1,0
1,0
69366,66036
25100,68954
3756,75387
318,0
7,0
416,0
7,0
3,0
168,0
92946,111632
2,0
12,0
5730,5730
6,0
4937,9390
2,0
39,0
1,36896
3,0
1110,0
1,0
901,0
21,0
19,0
21,0
9,0
1828,34884
2343,1841
32,0
146,0
5078,0
4283,-5309
21,0
69,0
2,0
66,0
8,-45
82,0
40489,45464
37167,39399
8214,0
32,0
348,0
612,18968
11046,0
87,0
11,0
770,0
30052,46306
31,0
25,0
355,0
836,0
117,56159
99716,99937
43,0
677,0
109,0
8,0
76059,78986
22729,0
302,0
9421,2007
1,0
10,0
38,0
58395,101498
47,0
2,0
42,0
23711,0
48302,35621
2,0
9,0
13517,13523
3880,3996
1,0
3403,0
175,0
24122,-14213
78452,77617
1,0
7795,0
1,0
3,0
8,0
3,0
18182,96192
69,0
3860,4246
9675,0
7373,-1429
5,0
53235,53341
1,0
15,0
340,0
302,0
33,0
164,0
149,0
23449,0
221,0
399,0
129,0
52,0
82,0
53,0
865,0
14,0
17,0
19896,30010
62579,86241
35,0
96949,86110
9578,41982
3871,3754
9127,0
19677,44930
1,15
7,0
2,0
67742,75467
51,0
437,0
2,2
5033,0
5,0
5,0
497,0
6,6
482,0
57,1358
1,0
91,91
2,0
604,0
11,20606
450,0
6342,-2077
9852,9852
5454,27481
12,-27392
3,0
130,0
48626,60993
11781,11297
15284,10705
54910,56640
10,0
395,0
3727,0
1535,0
26,0
12,0
46,0
34615,28892
2,0
91161,93067
40,0
1029,12595
10,0
5,0
1,0
1,0
3465,-4784
195,0
58751,80470
38812,47656
28977,132413
9,0
198,0
11,0
2,0
7,0
135,0
15275,0
14165,0
39091,0
899,0
15,0
32932,53595
8,0
56833,55935
1,0
172,0
31370,36108
1,40688
4798,0
1,-720
5,0
139,-1211
12,0
6,0
3,0
555,0
564,0
7,0
1,0
3749,0
140,140
20053,33688
39380,0
1,0
1,0
1,0
184,0
495,0
2,-36206
9204,8940
304,81992
1,0
6,0
57,0
1,0
3124,0
1,0
10,0
1,0
736,0
11044,2307
89,0
7,0
19836,20875
2998,0
6415,0
9,0
1,0
50327,0
1314,-3467
24033,109399
1265,0
6676,7001
6,1908
4,0
76,0
83626,14152
4,0
52821,63635
63044,78092
93529,96280
36,0
61176,71958
52123,76674
361,0
2,4
12,0
21160,0
2,0
111,32304
466,0
33,0
5,0
162,0
33947,0
1,85
1637,0
1,0
35,0
9,0
12129,12753
102,0
983,0
153,0
38300,37116
24021,23535
21,0
1,0
9,0
1920,0
3735,0
15145,-28237
18,0
1,0
787,0
174,0
146,0
13,0
31,0
758,2342
288,0
44,76908
42049,42056
255,0
2,0
408,407
145,0
23,0
17,0
2,0
4668,0
42124,45078
12440,28610
3149,-2188
3,0
516,0
3621,27090
224,0
1,0
1505,23986
10806,11189
12,0
1344,0
126,0
2967,0
3079,6033
1,0
2,0
20543,0
109,0
603,0
70,0
3618,0
4683,0
3265,0
156,0
242,64312
2,2
54,0
53,0
93,0
88703,104520
3472,0
2,0
41132,35602
8867,0
1,0
575,-4809
42267,63665
1,6509
4811,4806
64959,89704
10,0
2048,0
7014,0
14,0
3247,0
188,0
8595,0
51,36640
223,16937
37,-608
113,113
15761,0
382,0
38,0
7,0
1,0
96467,96036
1870,6484
1,0
939,0
2,0
1449,1449
9,0
12182,0
337,0
351,0
305,0
33456,0
2529,0
179,0
5,-6769
13474,-23992
2274,6546
929,-361
4,0
1,0
66760,67456
133,0
4807,0
1,0
25,28
1,0
23650,0
1,0
442,0
22032,74468
562,0
614,-2142
762,0
45827,40892
596,0
13,0
71376,59226
3,3
15715,90950
669,0
126,0
57576,58089
4101,0
5,0
61505,87941
25691,0
2032,58661
1,0
4,0
837,0
4,0
41195,0
5,0
4,0
2,0
409,1073
38899,0
1,0
21,0
2,0
6126,-11465
4,0
15,15
1531,0
62352,35782
49739,92119
25,39264
5518,0
29983,24073
41526,100926
18878,-24001
444,9358
5909,-37365
603,0
785,3356
1,0
3232,0
519,0
1,-2595
98,0
29,0
18943,0
36575,36575
52749,61775
3179,17973
1365,0
66,0
116,0
11516,0
1,0
33,0
43002,0
13745,132993
4018,0
10921,0
20,0
2087,0
1,0
8,0
1,0
585,0
36829,0
2,0
9,0
4434,0
877,12689
4,0
867,0
472,0
2,0
12644,0
42,0
79329,74630
21348,23201
7521,10589
32339,0
10,0
29,0
48148,59658
26,0
424,424
21349,17389
47914,45347
20566,12687
715,0
43899,2740
3229,0
1,0
5526,0
22,0
31,52969
1206,0
35,35
1,60222
16766,21215
79,0
4549,0
2188,0
7,0
2,0
196,0
7609,7609
24494,9074
3356,0
6,30014
77572,74422
54207,44638
64386,64442
53417,110568
33770,57412
1,0
40,0
3,0
32513,0
164,0
2739,5163
76866,75119
11,0
1314,0
10101,11228
27154,0
3,0
15683,17236
12,0
6177,0
6,0
1,0
46882,55244
1,0
53,-32
4,0
448,51538
2,-331
13279,-8056
13091,0
5566,0
87160,91703
8,0
1784,0
921,0
80985,82447
5015,0
2,0
16363,58102
11,0
78181,24023
217,0
108,0
580,0
3,0
103,0
225,225
1,0
66,0
7,0
41,0
48518,224621
1154,0
54323,57459
1,0
64512,71999
1,0
50567,52764
563,563
4751,100349
254,0
9,44811
24,0
1,0
2946,0
3143,3143
5383,0
637,0
1,0
12473,-10533
3,0
1,42815
95849,90141
1,0
7901,0
2716,0
628,0
45,38238
20801,0
51641,51773
1776,0
269,0
3734,0
994,15229
178,0
11471,0
42,0
15,0
1622,0
1428,1670
70042,69895
9917,20771
275,0
2,0
4321,0
4837,0
5,0
43,0
19675,10795
109,0
1916,0
35256,0
1,0
530,0
1,0
24,0
50620,50469
1062,0
4,0
23,0
58,0
1429,0
1,0
1090,0
1,0
94514,86803
243,0
2366,0
784,0
25678,28027
42,0
205,0
39298,36697
56,15836
17808,-33004
31,0
352,347
27828,0
14,0
1,0
295,0
8,0
231,0
107,0
15,0
5038,-6580
230,0
4,0
403,0
4,21523
22662,-16338
3992,1464
2,0
40,0
14,0
28,0
4080,0
25178,27158
1,0
4572,0
11,0
219,0
5527,0
76621,76621
1,0
5,0
89716,95746
1170,0
2977,0
4517,0
6813,0
1,0
42,0
2,0
7711,0
4,0
3,0
1278,0
40,0
30,0
231,0
35,0
3,0
106,0
1,0
1042,1033
54,0
551,0
2,0
363,0
751,0
1399,0
21608,-36352
309,1241
8209,0
1,0
147,-7
301,0
41,0
2,0
5616,0
19669,89639
133,0
8929,0
61,0
12458,51372
53,0
90833,90947
519,0
2,0
4,70517
2,0
349,0
2426,1445
11,0
32374,0
37,-14728
29,0
67621,33777
142,0
9808,9808
91,0
290,290
5,0
3,0
3,0
5,0
13693,15359
29,0
5716,0
2707,0
1154,1121
18,0
14,0
531,-3808
1173,0
25980,31773
37,0
1,0
5,0
11,0
59,0
1,76364
1,0
46,0
235,0
2,0
5,0
16,0
25356,77706
2033,0
3,0
446,0
28689,0
16,0
34,0
38,0
16,0
1486,0
13,0
1480,0
387,-16021
1771,0
9086,0
72,-2246
385,0
10147,0
14,1316
3,0
949,0
1,0
1,0
17,0
7435,0
7,0
93,0
86,6340
251,0
10020,11038
1434,0
1,0
94518,65916
494,0
114,0
2,0
540,-4581
1,0
62,0
85179,107548
9,0
17,0
900,0
2483,0
7738,0
345,0
2851,0
3329,0
7,0
898,0
11915,43977
2320,0
16091,0
1,0
1641,0
20349,0
2013,0
16576,54731
5993,0
2236,-4131
17658,0
40012,37567
15206,-631
162,0
1,0
10,0
1566,0
78431,113524
9,-5145
3232,35976
13398,0
149,0
93,0
16,0
29698,29564
31,0
78,0
23,0
219,0
12,0
253,108995
2805,-26092
7,0
27895,55837
84096,78106
61795,65870
4,0
48504,54087
30087,66764
558,15833
78,0
3257,0
24,-3151
2753,0
3,0
22,0
114,0
3,-5048
2397,0
421,0
22041,-225
3635,61725
213,0
203,0
6703,0
45,0
14,0
551,0
4,0
30,55650
147,0
50,0
42,0
278,0
5,0
4,0
3043,1930
54514,45602
192,0
1,-28
1,0
3228,0
1,0
1570,0
23,0
2,0
3,0
3361,0
3,0
772,0
27135,0
14,1
953,0
52079,57695
55,0
6952,0
7,0
3639,0
2,0
1050,0
2465,0
771,0
7392,0
565,0
2,0
1,0
43,0
8719,0
311,0
76629,68183
710,0
208,0
1622,29548
1429,0
173,-26286
4,0
1394,0
13591,13530
5,0
1630,0
7,0
419,0
91,0
477,0
110,0
6,0
5198,0
81,0
3,0
71,0
47881,44836
83634,140790
13099,14078
18322,43509
38,0
177,0
43669,0
259,0
413,0
15,0
5356,0
40,0
6,0
4,0
1,0
73,0
863,0
66652,70557
169,0
8,0
3,0
54,0
415,0
143,0
80,0
3,0
5,0
9,0
3,0
36179,27184
17,0
52946,91276
1720,0
2,57783
1,0
849,0
1591,0
8851,10569
21,38731
98036,116890
9,0
3,0
18,0
33659,0
30427,2088
18542,18542
39,0
12,13
439,0
1,0
683,0
7799,0
48320,50351
35408,0
14,0
495,0
113,105
51,0
128,0
6,0
21,-1027
2819,4150
50,0
1142,0
85492,83536
10116,11444
2297,6944
1,0
3,0
72,256
4592,83902
9748,9008
1781,2052
172,74873
91554,119039
92554,123973
2,0
1234,0
471,0
434,49420
8520,0
41283,0
1983,2515
2,0
30,0
219,34609
1,0
4858,0
17050,0
182,0
4,0
17,0
39,104144
2,0
2634,0
311,0
6002,0
1616,0
39371,0
2,0
5,0
16,0
2,0
3,0
18,344
7009,0
2,0
158,0
38675,0
15,0
168,0
9167,0
10886,0
29442,0
76,0
51,0
1,0
15,0
22,41484
219,0
9232,0
47290,0
8,0
1527,0
10,0
148,18763
141,0
551,0
6527,21763
165,0
9,0
102,0
3133,0
157,0
54,0
306,0
9936,9664
325,0
10393,10392
424,0
50,0
390,0
12561,13178
618,0
1,0
46,0
160,0
132,0
2384,0
29,37741
219,0
228,0
42,0
101,101
18,0
10,0
1,0
153,0
35652,57304
12444,12251
28,0
446,0
2418,0
132,0
1,0
1,0
2,0
39,0
307,109379
24895,0
509,0
245,0
142,0
5087,17850
2,0
13,0
2,-38
1322,0
1415,0
20879,17403
92497,92053
1,-10
23095,-15371
125,0
75348,109404
3797,3783
1,0
17,0
5,0
3,0
160,0
37,0
913,0
83520,68062
9,0
11219,0
16126,63632
54,0
346,0
65515,70973
16,0
2,0
42969,0
9576,44811
5735,42509
89324,89914
1,0
827,0
23,0
1,0
3,7552
81,0
10794,0
1,0
13454,13608
26,0
1933,0
11,36765
175,0
26,0
67777,76844
9428,-32083
5,0
55,0
87,-46662
8,0
26865,26957
170,24910
335,0
22,0
82,0
3943,0
2,0
2160,0
746,0
22552,0
1,0
1,0
2187,7790
84354,58111
2368,41778
165,0
75419,36204
3,0
1,0
1,0
338,0
535,0
3,0
32459,32443
3,0
837,0
30704,1002
7,0
96663,104660
167,0
50546,50295
440,440
62,0
411,0
2,0
529,0
1,0
1,0
937,1078
65,0
21,0
3,0
128,0
59657,59447
11,0
802,133232
495,0
207,0
1117,0
231,-5622
12501,-12438
1,-569
44,0
44,26399
2315,0
28,0
27,0
1033,0
4,0
9855,0
12843,0
29298,60986
2235,0
2,0
44618,42914
316,0
2199,0
3,0
25370,25836
2,0
67,0
71414,74247
373,-5355
1077,0
5213,0
68,0
2,0
6,0
1723,0
407,0
1,0
83,0
656,50715
235,0
1333,0
38769,39037
6,0
1,0
17756,10146
6617,0
11,0
134,0
15732,-6718
9508,0
503,0
72,0
126,-50
29,0
1,0
3346,0
36445,0
93,-22
816,0
250,0
2,0
17505,5031
196,0
4110,4079
850,0
19,0
7,0
3,0
59972,68450
927,0
5829,0
87,0
25,0
5,13005
189,0
1,0
32,0
1583,0
17,0
2,0
23217,0
49914,112682
3,0
3922,0
1,0
40,0
53946,42401
8149,0
4,0
51475,51666
1115,0
1020,0
10209,0
1,0
68,0
7614,4436
111,0
136,0
92,0
519,0
548,0
2,0
223,0
10,0
1,0
3,-345
2,0
13,0
15196,0
1,8196
59,0
13,0
3,0
213,0
1075,0
4,0
3856,0
5005,0
1919,0
12,-968
36,0
83,0
60315,61159
1,0
83113,83136
3,0
848,0
10,0
7818,0
2478,2478
583,0
23356,15207
10,0
3240,4546
393,54705
5652,0
125,0
26752,59483
2404,0
36890,82246
14,0
2292,0
53626,-50891
4,0
489,0
48,0
184,0
27,0
137,0
10,0
1,0
2216,0
7086,10555
4,0
8,0
4,0
4,0
192,0
11,0
28552,47720
384,0
17015,28100
169,0
3,0
112,0
253,0
1,88357
96,0
54177,19988
19023,19105
3093,0
14414,12335
1,0
5202,0
84534,86771
1553,0
155,0
9004,-35705
134,0
963,0
1739,0
18,0
6947,1620
444,0
1255,0
26297,0
2,0
1,0
222,0
60,0
830,0
65378,54584
1310,0
8421,0
54,0
82,0
8,0
8746,0
3360,-7420
1,24439
36,1090
1,0
50,0
722,0
319,451
8,0
1065,0
1,0
5,0
528,0
2385,12158
42,24997
1,0
1190,0
9,0
12,0
1,0
38025,48450
274,21379
426,0
77,0
60147,106457
43168,40024
510,0
13,0
4731,0
6,0
14,0
54,0
578,0
114,0
1774,0
1,0
69,0
15,0
903,0
35558,0
5,0
1,0
92,0
14,0
1,0
24159,0
42083,57366
2500,0
11,0
45638,17373
1,0
513,0
2,0
34,0
20,0
18,0
4,0
1409,0
60,0
2,0
9744,77768
31,0
6748,-19910
1,-1
43,0
1411,0
893,0
3,0
1,0
16,0
1158,0
45,-5419
1021,1021
34,0
25444,23370
27314,77882
2,0
17,0
32,0
1,0
1,0
20408,19332
1,0
10367,0
6,0
2706,0
12,0
10,0
3,0
56,0
33954,72521
4927,0
24716,0
203,0
2,0
17167,16005
12,0
74,0
32203,19182
96,0
15,0
9129,0
1860,0
69230,68866
22,0
1379,0
50235,48343
7218,0
132,0
73,17334
6,0
25715,20985
25,0
24,0
2,0
47748,0
27,0
65092,70533
12464,12456
1591,144242
65,0
52,0
80661,77316
1357,0
47,0
23514,0
181,0
3,0
9,0
1,0
1324,-12682
2284,0
54,0
32989,0
9202,13351
6,1091
6,0
1,0
263,2626
407,0
5387,49917
170,0
7339,30667
4376,0
5,0
1,0
111,0
573,0
47,0
4,0
359,0
18,0
590,0
11,0
1,0
29311,5505
11318,0
1,0
833,70299
94,0
4,0
9969,18507
431,0
89,27277
5538,42864
262,0
270,0
76,0
263,0
38683,0
4351,0
16,0
139,39476
17,-10468
29541,0
37915,100677
706,0
10,0
146,0
35,0
119,0
31658,0
6071,10169
1,0
232,0
42,0
2,0
3,0
22105,21873
31393,131371
56,56
4,0
114,0
2,0
53,0
54040,56842
39505,20124
46,0
79021,78531
1992,0
275,0
1,0
1,0
120,0
99,0
13,0
12814,49191
19,0
38,0
2,0
23,0
614,0
527,2047
13,0
79128,79185
13,0
1,0
196,0
38381,0
74,0
68,0
57,0
342,0
839,0
390,0
543,0
13867,0
50,0
32197,0
54666,0
95977,80491
9,0
13,0
7331,-26747
12865,12202
81,0
14552,34237
28,0
1248,0
10,0
326,0
11275,27852
6876,-28706
5616,0
756,320
9078,0
854,0
5,63
2,0
2,0
32908,0
113,114
121,0
596,0
17,0
3,0
242,0
146,0
30922,0
18160,0
92,0
145,0
60,0
70,0
2,0
2,43344
26,0
7185,0
103,0
550,0
93,0
3259,2604
15736,47993
2108,0
22832,1172
601,0
833,0
6083,7439
1,0
4292,0
63601,65605
1606,0
14,0
8127,-51314
1,0
477,-43361
7089,0
2197,0
249,0
2682,0
33440,34657
56,0
91,0
6874,6878
11136,0
1,0
106,106
55,0
1369,0
278,0
194,0
11885,12303
4716,0
361,0
2399,0
6,0
718,0
5726,0
2611,0
2749,0
323,0
3974,10165
131,0
4,0
28553,28548
5717,0
6,0
736,0
42,0
483,0
22,0
1198,0
16,0
3834,0
1644,0
1,0
20,0
1,0
18933,6778
10149,0
3,0
9,0
2,0
224,0
12,0
3,0
34043,34155
3888,26931
2,0
16451,0
66502,46657
1,0
84162,83240
9069,-8982
5,0
5,124779
42719,0
13,0
24075,0
1,0
21797,19069
14376,6064
1,0
2,0
7,0
16160,0
412,0
1,0
21973,0
1452,0
28349,0
313,0
30243,0
25723,0
484,0
21,28377
895,0
58593,63888
32505,0
5335,0
16794,10570
149,0
217,0
257,0
726,0
17,0
1424,0
178,0
462,0
195,1826
2,24980
1,0
5,0
9720,2717
46563,68060
22,0
7,0
1,0
17,0
77,56957
729,0
27672,-5629
17693,0
131,0
58031,43382
119,0
2,0
2,0
11,0
21865,41433
528,0
72908,95494
39,0
3,0
7,0
82,0
37,0
283,0
220,0
41513,0
6,0
1,0
149,0
63,0
375,0
18001,0
33,0
2,0
55243,83354
12,0
2,0
572,0
1890,0
237,0
4,54635
60688,59823
842,0
1,17468
444,0
3,3741
4,0
435,0
10,38519
2114,0
36987,22794
3,0
2263,0
1,0
838,0
318,0
59691,49699
2327,0
400,0
42,0
7,0
315,0
104,0
157,0
34912,31833
2,0
2,0
1,0
3,0
85801,89029
6752,5074
92405,101428
22,0
16485,16490
61635,56120
11,17150
9747,0
22,0
63708,81593
36,0
5478,75804
1465,0
13618,0
7070,6935
171,0
71,0
4,0
16,0
208,0
97,0
21,0
78,-1969
1,0
25,0
20,0
1303,0
328,0
3,0
3,0
138,0
1,0
3,0
73,-3003
11,0
31306,31303
40027,0
13757,8898
13730,64551
2,0
44,0
3267,-7711
1496,0
3653,-1829
6,0
765,0
463,0
2316,2261
1471,0
92107,96442
277,0
40532,37887
12968,-280
354,0
3414,0
2346,0
49,0
64706,74314
85542,105410
472,0
27,0
3274,0
1820,0
5,0
260,0
21,0
951,0
11,0
689,0
22582,21135
427,0
514,0
33,71881
5,0
3,0
2982,0
1373,0
2139,0
12864,33596
3308,0
4235,0
56263,24532
22285,56369
3,0
962,0
340,0
7,0
912,0
2152,1956
473,0
362,0
61861,94657
16082,16690
16,0
7229,0
1339,0
1,0
178,0
8,6
29150,0
80471,63195
23,0
2,0
6513,6554
121,0
53903,43410
700,0
1591,0
75,0
1,48902
1,0
2269,13133
3,0
15,0
11144,0
47,0
14692,23733
313,0
490,-1523
76562,99216
2,0
1,0
520,0
1,0
35,0
690,0
3197,0
1,0
63,0
199,0
1661,0
4,0
152,0
44130,48175
4111,30695
102,0
16729,0
2,0
2693,0
1785,0
48524,40600
459,0
7,0
1880,1879
277,0
15963,0
12298,0
622,0
147,0
86,0
9116,-31908
322,0
36369,30651
10,0
9952,0
77204,79605
4465,0
1,0
104,0
17577,27451
9,0
351,0
14,0
37418,-8011
39,0
22186,21924
8,0
6,0
353,0
61,44344
282,0
4294,0
11619,2480
27440,0
1,0
359,0
8517,6128
27679,16691
295,0
219,221
5608,0
3,0
763,0
73601,119312
2186,0
3,0
12,0
8,0
2,0
5324,0
2293,0
7238,48867
1839,0
15324,10161
106,-56
78,0
18,0
18,0
27,0
1248,1248
1070,0
1079,1071
1,0
1,0
30480,50788
1,18412
2772,0
1,0
7,1
16,0
5,32000
16130,0
440,0
47638,65618
2,0
2,0
46072,68863
19,0
10,0
7,0
1047,43238
1,1
1,0
6634,0
2666,0
3898,3113
1,0
75825,72583
145,0
1143,49357
11,0
260,0
570,0
23634,6525
20486,0
3,0
2,0
318,0
1,0
1029,0
104,0
9,0
1,0
15976,32478
587,0
14214,0
9,0
3861,-40796
4889,0
32,0
168,0
95127,95227
1,0
2,28325
1,0
1060,0
420,0
15,0
51,0
4,0
90949,113921
3656,0
511,0
572,0
1,0
1954,0
16,0
1861,0
1,0
60305,67618
1,0
81,0
8,0
934,0
7183,9835
66,66
79587,79433
9,0
6,0
18756,9396
237,53842
34,0
9,0
3,0
4,-621
12,0
136,0
157,-9424
19832,0
11,0
695,695
11002,0
4,567
30880,29972
1132,0
2858,2855
1754,0
125,0
11311,0
30054,77074
502,0
496,0
1660,1657
8107,0
29,0
1,0
6724,0
115,0
28,28
1021,0
1332,5285
26,0
1,0
269,0
1853,7636
1504,0
236,0
114,-29847
84,0
6838,5116
8,0
10134,0
9385,-247
12030,12026
49,0
6,0
13,0
26,0
82483,84760
1,0
3736,0
359,0
80,0
21,0
21,0
47725,70955
2045,-20793
107,0
8800,0
2,0
172,0
1,0
3,-2005
11,0
815,0
15,0
4682,55870
1313,0
9,0
75261,76730
7,0
9,0
1,0
1,0
2096,0
4956,0
5289,0
13801,0
93,0
3,0
8996,0
147,0
139,0
11,0
27321,0
2,0
32668,0
6253,10754
7,0
3883,0
73545,92505
1,0
1290,0
26,0
22,0
7,0
1836,14655
483,0
8,0
2,0
122,0
983,0
2,0
1,0
20734,0
242,0
242,0
48,0
1007,0
423,0
5,0
14819,12324
1,0
1755,1382
20,0
1,0
478,0
27429,52338
40,0
219,0
46,0
74880,76421
102,0
241,-1392
1,0
3,0
673,0
3239,0
4173,0
173,0
1,0
6,0
935,0
29,0
2300,0
5,36365
53,0
127,0
55,0
63,0
861,0
380,0
3,0
1704,-3434
430,0
3,0
1,0
73522,75412
1,0
19,0
1419,0
6692,0
7,0
3777,3777
3991,32140
163,0
5,32047
641,0
1,102296
3753,0
35946,0
7476,0
1157,-27864
3,0
157,0
82409,86749
9,0
2247,0
76268,73921
2,0
1236,7862
2,0
283,0
62932,42303
25481,41065
12055,11988
12055,65821
6002,7313
55973,51416
20619,29966
2,0
915,925
2586,6112
124,0
12217,0
23,0
90500,87621
24757,0
719,-87
8,0
95125,108525
8330,7144
119,0
1452,0
176,0
11519,17104
32838,0
1,0
6,0
522,0
31315,0
48,9370
96399,53440
31417,31456
1532,9899
377,0
13,0
11,0
14822,8203
33106,0
1356,0
90,0
1145,0
3,0
1297,0
22,0
2,0
5,0
27,14252
4,0
91060,91052
36,0
2,0
5420,0
2,0
14839,0
1780,0
19457,0
200,0
1,0
36710,0
11267,0
552,0
60,0
65845,74069
3405,0
949,0
8230,0
8074,0
18,0
1,0
4707,4707
1,0
2173,0
583,0
594,0
4,22781
23,0
1,0
4,0
3984,0
3511,34013
2251,66278
1,0
574,537
489,538
15,0
10,0
7494,7498
10326,16455
21200,59855
68,7079
5392,0
6700,0
90184,87223
12036,0
16293,76879
11,11
4,28957
38098,0
2324,0
20,0
65,6870
1,0
2,126140
11,0
22,0
81,0
5,41556
396,0
2040,0
44,0
17380,0
25,0
31,0
6,0
3,0
351,11702
10492,11016
76,3298
125,0
53,54
1,0
78193,102282
86,16949
1399,14044
87304,83181
14,0
2410,0
4841,0
3644,4815
38239,0
3,0
2,0
193,0
113,113
30,0
1534,14345
38676,38223
30,0
13,0
18921,-6737
1,0
11,0
3,-30
272,0
393,0
121,0
121,0
8627,882
2405,61127
26,0
102,43085
5860,0
171,-825
24,0
18,0
83,0
961,0
163,0
12,18
1,0
3350,0
108,0
10878,0
5334,0
8,0
5915,0
12948,0
27496,0
19360,97612
183,0
909,0
199,0
3,0
662,0
28,0
5809,0
15444,0
31508,0
2,0
405,0
11601,0
27933,0
1,0
79,-746
211,0
49,0
966,0
4,14624
4,0
36454,25697
1,0
133,0
1,0
8,0
3,0
995,0
98,0
53,0
18,0
6648,0
934,0
439,0
44558,15116
7,0
2865,0
51245,42867
990,0
25824,11807
87634,106858
309,0
539,-7803
3050,8730
46,0
3071,0
7,-6
11992,0
54,0
78,0
14,0
17149,0
3,0
1639,0
4356,0
53108,31147
115,61857
4,0
83,0
40042,28881
117,-2553
2806,13591
33,0
163,0
981,0
30,0
43362,52484
15,0
62688,69517
15328,0
2744,0
411,0
4994,0
3739,0
5,0
1146,0
38,0
29,0
2,0
44,0
1,0
26,-167
10,0
1,36485
2,0
105,0
1085,-3142
57015,57843
10074,23993
83901,76173
6427,17955
420,-5046
345,0
2472,0
124,0
18,18
5,0
2,0
2,0
1,0
7081,0
50128,50997
19130,0
350,0
2832,0
3452,0
2,34778
92,0
182,0
2,0
785,785
2,0
1,0
1,34862
35885,7277
2,0
151,0
27,0
43,0
5,1368
2769,2759
76054,77107
147,0
74717,60695
1,0
4,23472
1,0
1,0
17,0
28866,0
124,0
11,0
9,0
1,0
615,0
1,0
138,0
2979,2965
25,0
61,21946
31,0
7,0
176,0
2650,0
60,0
1647,0
179,240
180,0
6888,6893
28,0
11598,17929
19521,0
4287,5192
33293,0
31,0
9311,21425
191,0
25603,0
147,0
434,0
2895,0
1,0
3,-2006
630,0
1723,0
38,0
23164,0
1,0
175,0
16121,58816
1799,0
5077,0
1,0
71020,64809
17120,0
235,235
242,0
5559,0
699,0
81,0
2046,69249
371,0
16,0
60688,39307
1,0
634,0
268,-18103
28,0
3471,0
6609,0
654,-5801
540,540
11,0
5742,41331
2109,0
18,0
1,0
27968,0
1,0
1,0
7109,0
146,0
1,0
42727,42698
1554,0
1,113172
18262,35389
6036,0
1,0
13160,12438
22,0
3436,0
21,0
1,0
21194,17191
4,0
5793,0
5,0
253,0
1,0
14319,0
458,0
20,0
2641,0
14,0
2,0
250,0
10,57
19,0
534,0
108,0
867,0
3614,3614
446,0
1144,0
8,0
359,0
39,0
22,0
1,0
3474,0
4438,4713
15,-33830
26378,0
172,0
19039,19043
15,0
6,0
27091,14225
270,0
311,0
24349,0
62,0
56640,53419
6,0
9,0
4,0
22,0
1734,-36594
466,0
513,0
981,0
179,0
205,-3532
68,0
2487,0
95090,80831
4610,0
89,0
1513,3139
1219,0
84,0
22878,0
232,0
44,0
2,0
18,0
75,40310
9,0
73,0
12692,27831
22,0
39,0
6994,0
1,0
443,0
8,0
6380,0
41,0
74,0
1,0
9,0
2223,0
4702,4702
119,0
2,0
14,0
7140,0
216,0
6920,0
20023,50265
320,-13013
7142,-19036
10,0
22178,0
2,0
1,0
26722,45827
725,729
2,0
49563,49547
5489,17900
1,0
13,0
3675,0
13,0
14,0
2562,21989
119,0
15462,42556
178,22166
8,0
63,0
1,0
794,-25149
75,0
3796,0
3,0
1,0
12,0
13028,0
246,0
34806,0
125,0
363,0
22,0
311,0
2,2
31536,48252
46573,46573
416,-17263
29,0
5,0
12,0
149,0
19,0
4,0
93,0
1,0
5,0
13931,44165
543,0
34,0
1398,0
22,22
1344,0
3,-31
5942,0
1266,0
167,0
55,9364
21872,21943
13712,14823
33,0
15,0
113,0
15770,0
1149,0
3692,0
93,-4905
4178,4004
4,0
8126,0
256,0
21,75624
3,0
1,0
3,0
454,0
23,6130
12,0
23,0
2,0
21229,0
89,0
13,9745
4,0
14,0
3,0
27011,26835
4,0
5230,4587
170,0
106,0
480,0
1903,0
214,0
15060,-11963
82517,67849
1,0
124,0
314,0
2523,0
776,0
123,0
2103,0
6678,0
13130,13285
38,-302
4,0
794,11976
95824,90316
7,0
31,5564
8,0
1,0
5751,-9595
64588,70845
36908,28526
1,36993
15,0
634,0
201,201
13670,0
12,20
79886,97683
2185,0
43,0
53365,55386
1096,0
1591,0
6,0
4,0
345,0
18538,29835
3702,71904
907,0
275,0
97,0
4230,6915
202,202
31,0
37124,0
89102,77136
19,0
5,0
400,0
3,0
7,0
201,0
33094,14589
331,0
40804,60822
76173,76578
4795,4799
19497,26138
1,0
18452,0
37,2089
154,0
96253,94999
87,0
24605,0
3435,0
226,0
71,7364
15028,0
2128,0
167,0
218,0
147,0
12,0
375,0
5,0
301,13025
49154,49189
1707,0
226,0
402,13801
1,0
112,0
398,0
3,0
149,47396
3311,3067
3,0
15,-8557
5,5
7198,0
95080,88379
2376,0
4916,0
4,0
62560,68739
4395,40026
1,1
127,0
6,0
221,17106
27045,0
31,0
18782,0
1840,0
3374,17215
1,0
1583,0
88296,111713
4676,5304
142,20362
9756,-4136
6,0
387,0
26,0
15,0
1,706
136,0
15,0
93,49802
1,0
47,0
3,0
1795,-33871
29569,-14599
176,0
9187,0
2999,0
2,0
600,0
111,0
130,46516
217,0
158,0
1,0
1486,0
4655,0
597,0
21636,27769
97,0
109,-13571
1,68980
3,0
331,0
3311,0
73779,71533
8322,18418
3,0
107,0
28588,37154
45454,76574
18,0
8734,0
1,1240
6,0
3,0
5920,0
1710,0
63521,56778
6,0
36727,67660
26,0
562,0
83,-15318
24,0
1,0
25,0
4062,4127
379,0
1736,0
313,0
129,0
627,0
15315,0
85303,137331
49602,92166
9,-5
776,0
54221,61595
40077,0
2115,-15857
1498,0
16,0
6,0
1320,5141
3,26026
1488,-9082
158,0
15,0
21700,28787
25093,47745
2,0
940,940
2070,-16778
265,85
2,0
209,0
3695,0
8,0
3033,0
1638,0
1,3265
908,1233
6167,0
51,25344
197,0
2898,0
57031,34487
1,0
12,0
30515,39748
4,0
3155,3207
1,0
277,0
14,0
1,-12170
57,0
6260,0
4,0
41,0
16008,-1887
150,0
1749,0
6917,61392
115,0
13754,29208
30307,53992
32,0
20042,0
133,0
234,0
55,0
10,0
14,0
1032,0
1,0
255,0
10791,0
4,0
119,0
2610,0
98,0
1,0
71113,78931
3288,0
48,0
593,0
4,0
11,0
1,0
2,0
59033,57674
1,0
41,0
10235,0
765,1362
51915,26186
89147,108138
44609,0
1434,0
9563,0
986,0
4,0
8850,0
73,0
7757,0
176,0
6480,0
26873,27877
8,0
358,0
528,-29999
936,0
3234,-24447
1578,0
92,0
117,0
2459,0
1,0
1,0
13,0
4063,0
2,0
7657,0
36,0
397,0
27,-12119
24273,24098
134,0
1,0
2,0
286,2136
24190,12233
262,0
1242,0
1,0
12,0
8,0
546,0
42384,69207
27451,27980
9158,-19515
16,0
1,0
411,0
390,-15109
35,0
36,0
2621,0
63,0
4,0
12,23959
42369,20752
18793,0
62,0
1,0
328,0
59,0
137,0
18443,20058
162,0
727,296
27,0
19907,0
3,0
1,0
2183,0
2,0
1,0
596,0
4,0
8,0
3,0
3,0
5,0
142,0
146,0
1,-4025
10,0
9311,-48634
6,0
75557,57887
5,0
1,0
20644,18365
15052,0
675,25522
1,0
2,0
528,0
453,0
20807,0
5962,-1365
2959,3029
147,0
21,0
190,0
78,0
27668,34511
328,0
17866,0
10,0
14,0
2,0
8,0
45612,33809
3,0
8535,0
2173,0
43549,95716
903,0
141,0
3,0
1470,0
1647,0
214,0
78,0
13,0
96430,96504
17,32843
104,0
1696,0
84442,69728
277,22159
1,0
20,0
135,0
85,0
1895,0
22899,0
74932,87481
1,24235
5,0
3188,0
52114,61302
63421,82935
3099,0
1,0
14280,0
45260,0
3212,18462
7914,11480
33,0
5,0
58438,58273
2,0
3702,0
2,0
1,0
68709,79053
27011,-5158
8,0
81,0
890,883
2,0
6,0
12,0
4943,27164
2,0
41654,0
190,54584
3078,0
3,33531
9491,29515
58118,54733
483,0
17,0
99,0
2820,0
2597,21295
6909,0
37,0
89,0
1,80843
543,9679
1314,0
29,0
8690,0
474,0
41081,0
545,0
33,0
48,48
2758,0
84780,102207
5013,36272
1292,0
529,0
1009,0
4947,0
3033,0
62696,104621
63133,69857
34282,0
134,0
1,0
1757,0
350,0
9,0
68,0
10696,9204
21,0
81,0
39,38
6,0
407,0
9445,-15181
38,0
1,0
135,0
20651,22561
135,0
6,0
5,0
43,100536
3,0
36,0
92,0
11195,0
7,0
37388,29322
3178,6821
9811,9799
57002,76001
85623,63524
11019,0
59,0
259,0
893,0
520,19768
74768,47151
8175,0
520,0
4,0
2,0
15,0
41197,0
1,0
277,0
117,0
53076,73144
19,0
323,0
4,0
23956,36553
13,0
6011,7009
7770,0
448,0
23,0
1614,-3578
11,0
3129,0
1,0
182,0
2,0
214,0
142,0
45,0
51,0
4,68638
20,0
4268,0
177,0
181,0
1,0
25991,25991
1,0
1,0
2,0
8,0
30,0
33075,0
54,0
12,0
1103,0
6,0
1313,-35648
1,0
3814,0
1,11834
759,0
57797,94997
21,8890
32258,0
3903,0
1,0
360,0
2157,1561
1,0
6810,1580
163,83000
1516,0
3,47042
17,0
1456,0
446,0
1,0
2324,0
9483,0
48,0
4022,4022
3673,11548
152,0
2,0
31,0
33,0
33,0
6602,0
16473,0
34197,0
16299,0
60,0
1190,0
28,0
510,0
35,0
112,0
548,0
4627,0
96711,111882
40,0
39,0
1,0
24,0
4760,0
1956,85020
6045,0
2,0
842,0
1,0
3,0
56498,98795
14,14
44,73
26,-14740
20672,0
213,0
7,0
593,0
67,0
4488,0
5459,5247
13096,0
2,0
41784,45001
2,0
1,0
11114,62777
3320,0
23,6820
2,0
187,0
50221,54599
9805,23687
1,0
58,0
1982,1286
4,325
36,0
1562,0
538,126172
10,0
4,0
6665,6721
6348,0
28848,27121
2,0
15,0
1,0
2468,0
16609,0
9,0
92466,116217
39,19701
12,0
742,0
297,0
55526,70914
58,0
1737,0
1535,0
54389,63539
54,0
20,0
62237,36087
1616,0
1,0
144,0
37,0
44085,72886
6,0
34,0
19765,0
37948,6476
12524,499
245,0
696,709
1,0
30,0
1,0
64836,65382
4731,0
10290,0
1,0
139,0
24934,25388
202,0
731,0
455,0
91,0
19546,0
3570,0
6056,0
2055,0
1,0
989,0
19194,0
21508,41227
10709,10864
2,10841
25643,39170
1652,0
41026,0
1,0
237,0
274,0
45,0
1,0
308,323
4945,0
1,0
151,31088
1056,0
40,0
2678,0
32447,42112
3,0
40,0
14717,46531
1,0
4,0
86,0
31577,86490
40656,58964
1,0
164,0
561,0
5,0
37289,37172
7,69637
1275,0
3237,0
10,128324
8,0
3,0
22,34024
11531,3411
4200,0
319,0
50710,0
309,0
83,0
1,0
9201,3597
85,0
73,0
2,0
85,0
76716,101476
2,0
187,-27923
270,-8284
1,85594
4291,0
49181,97495
167,0
5231,0
1,0
1,0
1,0
48849,82728
5,67326
4,0
24,0
2,0
18,0
8,0
79,866
7,0
68,0
2,0
71,0
12499,0
29023,0
453,0
5399,0
36,0
2,1
268,-14407
1744,11597
49,0
4,4
7,0
11889,0
3799,-10647
3,0
2215,0
240,0
15,0
1902,0
421,0
11427,0
3866,3837
221,0
1,0
37,0
13,0
5487,-41484
2371,0
3,0
5,0
2406,0
7,0
631,0
1,31051
1,-11026
2162,0
3,0
5,0
5,0
3,0
1524,0
211,0
35,0
1669,0
7373,19588
66811,67180
31,0
640,0
82236,88351
834,0
3431,33784
3,0
373,0
16201,51217
14,0
1828,0
32,0
27957,-19345
7,0
238,0
663,0
81,0
58,0
198,0
2018,7630
55545,62859
1115,0
10667,0
1434,-35686
123,4274
440,8433
25,0
2,0
415,0
27634,25520
30,0
62,0
13256,58971
8,0
55,0
41188,0
5,0
2884,0
310,0
144,0
466,0
1793,0
3896,15961
4526,0
81,0
38,0
10,0
77257,77271
2144,0
389,0
11,0
2,0
17665,0
82707,109523
13274,0
34,0
289,0
44620,14785
377,0
1,0
76,0
1,0
90019,41252
58626,54988
45531,45521
17,0
239,0
1986,0
12453,0
579,6708
77,88247
2818,0
18768,36425
1,0
2,0
17,0
28629,28667
1,0
10,-23001
2,0
24,0
33,0
78,0
1,7881
1473,0
8,0
351,0
16028,18736
60,0
1,0
80,0
11,0
4,16
164,0
1,0
270,0
1992,-13155
6646,6566
9941,0
3,0
15988,40966
509,-123
3,0
2,0
3,0
374,0
11,0
12868,0
19101,0
429,0
117,0
123,0
2531,0
118,0
4360,0
1,0
1240,0
84322,76337
22,0
3056,0
4703,4703
1493,0
19,0
7575,7547
4,0
4,0
368,1493
64,0
72377,107623
901,0
873,0
2,0
13,0
2,0
11,0
4795,64136
5,0
21,0
21234,7601
2,0
77034,70800
2731,0
83914,83899
13897,12115
786,0
65120,68275
426,0
3653,-20150
3751,0
81854,108304
21752,21979
2363,0
167,-31594
2,-59354
59,0
6,0
15,0
46,0
51124,50146
70168,80050
1,0
16853,21983
17779,17752
12,0
49100,44691
27,0
5,0
707,0
6,0
90913,94422
24604,0
33,0
2,0
6,-11560
3967,0
1,0
1779,0
135,59841
5,0
6,0
944,0
10078,60355
1718,0
88422,53680
4144,0
36944,0
1448,1445
4,0
3422,0
1,0
176,34518
11500,11500
41,0
30262,32976
2,2
3,0
15361,20007
3960,0
28303,0
16,0
7061,7010
60317,53830
349,0
4126,0
2,0
371,-5235
595,-8316
17,0
46,0
34,0
338,0
11341,0
5,0
4596,3303
42,0
6,0
6,0
20108,15152
287,0
1,0
1883,0
1,0
20650,61134
3,0
290,0
1,0
79757,122205
7,0
1,0
868,0
6,0
44929,0
476,0
33469,45527
88,0
1565,25407
16,0
41629,44573
26579,0
6,0
35,0
49,51513
8888,0
56,0
311,0
1554,0
1354,0
899,899
407,-20323
38540,0
46588,0
76396,76833
8,0
21296,66363
859,0
5581,0
2,0
62,0
8,0
1,0
465,0
45,0
6,0
5305,0
3,-2499
752,0
13,0
14,-9199
29,0
2667,0
34916,0
13,0
75654,75200
26,-9381
2140,0
21,0
8,-1045
206,0
1010,0
18637,0
89,0
50,8032
1810,1906
4,0
1863,0
8,0
3257,0
2235,0
22,0
1585,0
536,0
25918,29015
2922,0
17093,0
1351,0
76892,78842
4,0
1,-4555
10,-32236
41326,0
65,78966
53,0
17,0
15262,15125
1,104756
1977,0
1,0
30164,0
6,0
22,666
392,0
796,2777
6190,0
43,0
984,0
5,0
2505,0
1,0
2,0
36952,0
23092,31171
599,949
65143,36767
1841,0
3,0
1,0
453,0
2,0
1900,0
2784,0
3,0
5,24622
11,0
2443,0
160,20749
1,0
2,0
11859,-3195
3,0
94248,83113
8,0
10799,10929
225,0
97475,100502
2,0
67283,58987
2,39931
38,0
10,0
145,34657
17,0
3,287
58840,58964
28,0
1,0
10891,34643
82,0
940,0
3066,0
81934,90888
2,0
22816,0
9,0
201,-31072
5,0
46,100009
40,48
1,0
26746,21890
592,0
2,0
21125,0
27440,0
2,0
2543,0
1,0
1,0
66831,63552
455,0
4,0
32176,0
7,0
25480,26173
7,0
91,0
1,0
8,0
39636,0
1365,0
1473,0
1140,0
172,0
2,0
4,1911
21594,20281
36,0
680,0
1,0
12074,0
4920,0
941,0
1,0
143,0
1648,0
45,0
82,0
9,0
19475,27574
1105,0
83694,122643
4086,4016
123,0
1,0
414,0
1,0
36838,37061
89545,113912
1,0
1,0
4,0
3,0
101,0
104,0
10,0
51912,48869
1059,-22542
5461,1594
3677,3469
8,0
40,40
176,0
1,0
3,0
9255,0
441,0
19472,0
4655,0
9,549
16483,24095
1,0
6392,0
42,0
20,0
1631,0
36063,0
5,41684
83,0
524,0
2,0
58618,4450
40,0
562,0
50571,44006
1606,0
864,1187
5,5
890,0
8,0
3175,0
4220,6148
1494,0
257,0
1392,0
16,-461
266,0
1715,0
22,-262
13,0
93848,84281
7,0
4,0
5792,0
4,0
1,0
66,0
7675,0
3,0
6389,0
28,23
5581,0
7,15019
6,0
1255,0
13,0
99985,87894
31400,38732
3,0
194,65440
6,0
48,0
12,0
332,0
273,0
2,-6456
42,0
14,0
2991,0
1,0
3,0
12,1072
23588,0
4,0
559,0
22410,95784
7407,0
689,0
77,0
25405,27443
14,0
11264,-22179
1,0
13934,0
27855,27852
56889,104003
332,343
143,0
20445,0
58,0
16,0
848,0
364,0
11441,104978
1,0
1109,0
59792,63419
1339,0
12,0
1,0
2675,0
3,17247
1,0
2,0
1043,0
1,1
23660,0
1,0
1047,1346
5599,55317
181,0
81,0
230,0
10,2659
8,0
53,0
26,0
88,0
1192,0
481,0
661,0
29145,53736
68,0
29,0
4684,0
406,0
3242,0
1,0
2,0
50371,63362
37480,0
3,0
33,322
41,0
5,0
3,0
4390,4390
47627,34597
7,0
11635,0
1,0
173,0
13691,0
2,0
32226,53258
19085,0
2,0
20,0
807,0
2193,36157
24,8
381,0
1,212
2475,0
160,0
9177,42600
3872,0
5002,0
47,0
1,0
41,0
11476,24903
60017,66852
2079,0
14938,-10177
33,0
1,0
3,0
1,0
2,0
1216,0
54,0
7,0
10243,27113
200,0
2,0
1,0
19,0
89,0
24541,0
110,0
93,0
143,0
82,0
1168,0
55,0
3,0
1315,0
25500,0
58,0
75,0
87754,88783
575,0
3,0
158,0
12,0
289,0
4,0
14,0
553,0
7628,6045
65123,58846
10,0
293,0
1,134940
44830,75144
32,53784
6,12775
7,0
42,0
4311,0
116,0
31,0
189,0
1310,0
44725,49232
45,0
413,-1002
1,0
152,0
7,0
107,24496
12,12
1886,0
2067,0
1385,-6271
9391,0
1,40326
36,0
10,0
741,0
32327,0
1,0
16153,0
2,0
169,0
5,0
48872,48350
45,50015
2606,2168
1,0
44927,48147
106,42278
342,0
1348,0
64400,57219
1568,-80
2,0
223,0
352,0
26184,0
70003,76928
2,0
9040,75032
47,0
40,0
2937,0
534,0
14195,19682
73,0
3,0
14,0
16869,0
72885,78526
5657,-20815
13335,17391
85,0
195,0
59,-1475
4,100
4854,0
92,0
5,0
38,0
89,0
15,0
1,0
3643,0
1,0
3210,0
88361,93875
3095,18674
570,0
10359,0
36,-1368
1058,0
8736,0
8,0
194,-37996
4507,0
5760,-5657
970,0
2,0
61934,90149
546,114913
6669,0
1,0
146,0
6040,0
10110,0
426,0
5,0
2893,0
29,0
7258,46206
160,0
7680,-37977
5418,-28870
57,0
2,38185
40,211
80614,40709
381,0
2,0
83,0
87,0
2518,2309
1,0
1123,0
3,-10966
1,0
6,0
1,0
1307,0
75,0
3,0
27,0
8,0
7024,32252
1336,-6965
6,0
388,0
60319,59224
8,0
4,0
10965,-30673
1,0
11,0
1,0
22782,22781
13779,0
1,0
14889,24375
61,6389
64,0
7146,0
1,0
77851,42843
420,63281
4,0
1,0
1,0
12968,0
1130,0
6623,7758
42,0
4,0
1,0
38122,27939
1450,0
3,0
522,0
77146,82652
4263,0
32058,79424
10265,0
1,0
28,0
58631,74345
754,0
81,0
127,0
1,0
4930,0
22,0
94672,88157
38,0
921,0
12,21255
1056,0
1,0
34,0
1966,-11056
1114,0
504,64793
3,0
2991,0
30,0
117,0
9970,-7047
1366,0
48331,0
29,0
55,0
3804,0
15,0
1,53618
2,21595
191,0
619,0
5347,36035
5175,4788
1,0
55713,45641
4372,0
1170,-1286
1,0
1,0
29,0
6996,444
1,0
489,0
10764,-18843
20,0
736,0
9804,124904
26541,74169
39,0
5,103295
5306,0
2,0
2504,3664
23512,0
3,0
55230,47490
167,-8390
2,0
1159,38050
1,0
1,0
45298,47651
11,0
3,0
1865,1832
19753,20530
21,0
26,0
3529,0
25485,35359
43135,43549
2,0
1137,0
1,588
1676,0
8867,0
2,0
3,0
1,0
7514,7763
38797,47842
56,89
3019,0
41344,61930
3596,0
180,0
1,0
22012,0
22579,0
1,31243
15,0
268,0
69,51269
1,0
20,-86
15445,0
5837,0
101,0
3,0
103,0
19,0
213,0
4,0
153,67324
11,0
1259,0
169,0
2433,0
8,19943
37,0
19774,-30797
37,0
2,0
15420,9735
2,524
1476,-1043
8,0
26,0
75,0
6,0
9249,17641
97,0
114,0
3498,0
976,914
90,0
3406,0
560,0
2914,0
10854,0
1,0
1548,0
77795,86661
788,642
218,0
102,0
7,0
11,0
2111,0
2,0
1,0
49,-3150
1569,0
340,0
3,0
39291,12967
89,0
451,0
60743,39943
1343,0
1029,0
125,0
1,0
55832,51242
1109,0
19909,42173
1,0
121,22594
15624,44184
12183,0
36974,57747
30227,0
83510,85357
73,0
25,-5889
7,0
48,0
216,0
40,0
1835,0
112,0
75827,81722
1239,0
26,0
5,0
105,0
6187,30591
33601,0
686,0
2485,24207
1,0
4,0
923,0
1,0
6,0
681,0
1152,0
1,11448
70993,74587
1096,13490
55,0
6152,5759
71,0
17326,0
4,0
2,0
59,0
12,0
8,0
39943,26147
460,460
40998,77704
6,0
19,73700
7,0
1357,0
10107,-11185
2859,0
5752,6419
6,0
2,0
3,0
17605,16973
4,0
11950,0
4892,2438
18,0
38495,75210
7,0
3599,0
622,0
34,0
304,0
3619,3621
19,-2306
1814,0
599,5335
7154,0
3,0
2,0
1,0
286,0
2419,0
1717,0
3,0
1,0
66556,65665
28,28
18027,0
436,0
6737,0
40305,-27692
14,-2357
6744,6928
341,0
10,0
34947,25162
11,0
1,-449
89,0
10755,0
153,14528
1,0
217,3452
36,0
8,25452
76,0
176,0
98965,97356
372,0
1,0
1,0
470,0
2088,0
3,0
632,0
129,0
6,0
1,0
4806,0
7350,0
65991,82402
1,0
1577,0
53424,31222
1544,0
1,0
4511,3150
6,0
1,0
5191,0
30,0
4934,45517
3853,0
14,0
654,0
162,0
6,0
27,0
40399,54618
1845,77888
212,0
28,0
27,0
192,0
4768,0
48,0
651,0
1144,-683
53922,52564
7690,25999
3408,0
10,-5779
17,0
1206,0
16297,30653
72,0
63,0
406,0
2333,0
3,0
1677,0
17,0
52159,83333
7176,0
4283,4638
16,0
12191,30143
82,0
506,0
2,0
12,78968
21523,0
2,0
1,0
19,-26672
1315,-1890
4412,-43889
5,0
6,0
18,0
218,0
2,45503
11,128
14,0
1,-56
2,0
164,0
2,0
88,0
5,0
1,-3
1545,0
1146,0
7646,0
1,86
7,0
54,0
379,0
4492,0
167,0
395,0
4,0
1,0
13833,0
374,0
15834,0
3,0
6,0
35,0
7,0
1627,0
8,0
36,86149
73,0
1360,0
425,405
1,0
2114,-14497
4711,0
1400,0
9829,0
3817,34391
92374,94082
56,0
1,0
746,0
11,0
21,0
1,0
1,0
14,14
7,0
102,0
3777,0
4555,6659
27,0
1,0
80,0
3699,0
5,0
50960,50833
14,0
5150,9700
7,0
314,-3608
18893,41006
24,0
9,0
3,0
145,0
5,0
2554,0
8038,0
2,80654
1694,0
10352,0
5,0
2283,0
9152,0
50176,34094
843,0
15928,0
3,0
13,0
50860,37459
140,0
7479,0
959,-14550
1598,0
28,0
244,0
1052,0
57146,129425
490,0
2747,0
391,0
74113,70711
7281,18511
17680,-30737
4,0
17,10706
1,0
4,0
915,0
31722,0
535,0
81,0
32,0
1,0
44000,44080
3,0
43,27267
874,0
7373,0
640,0
2,0
3,0
225,0
14,0
1,0
1,0
2500,0
553,0
11279,0
59628,47754
456,0
4470,70795
9,0
66,0
2,0
13968,24950
67,0
12916,0
1144,119
1611,1123
708,0
2375,2377
300,0
41,0
53,0
1,0
131,131
430,-3861
3632,0
5,0
3,0
1,0
4,0
76481,87399
859,92812
76,0
185,0
292,0
7856,72167
2,0
700,0
121,0
33,0
1534,0
39,-94
11978,39203
5,0
48724,73222
51429,64905
2,0
4730,0
332,0
76405,138644
3,0
90511,114136
76,0
961,0
3,0
26259,20513
1,0
1079,75027
3,0
15233,10871
1272,0
10501,10508
379,0
577,-35049
12,0
7634,15400
3201,0
42,0
22851,52224
1,0
361,0
1,0
3,0
40,0
19578,20742
1,0
445,0
19430,0
270,0
836,0
1153,4323
105,-169
960,0
1,0
1,34869
84499,79973
6,0
7912,0
33,0
1112,0
5991,0
165,0
120,0
794,0
2625,0
14610,0
10318,0
12,1816
41161,57213
4,0
9,74985
4172,0
20700,0
202,8123
119,0
1,0
15475,4043
1,0
4908,4944
3,0
33,0
4,0
2,0
390,0
7,0
7,0
6,0
240,0
341,0
14,0
672,0
40462,35377
1,0
12,0
15,0
1,0
1074,0
414,0
1522,0
1,0
6,0
21,0
47205,54516
42,0
52,0
27638,81460
509,0
3,104434
745,-1070
85153,95589
3,0
3,0
1,0
6,0
19,35729
888,0
41,0
30821,53330
60,4
217,15873
1335,7699
24,0
3424,15435
1621,16394
533,0
22,-39282
3280,0
1007,0
7,0
54,0
104,0
21,0
70,0
3663,0
53249,39964
1,0
8,0
5311,77049
4,0
27,0
1334,0
1,0
32295,0
400,0
3,0
112,0
25100,44520
11469,0
61227,123143
1736,0
2986,0
3484,0
4,0
4,0
56,6455
23426,8108
626,-302
16,0
7931,0
1,0
5,0
50502,60475
36202,31203
8,0
460,0
14592,0
4826,0
25,0
12,9895
12,0
62,0
776,0
4107,0
1,0
16291,0
579,3678
75,0
5,0
348,0
3,0
89,60658
28598,0
1645,0
424,2543
1815,0
2984,0
3,33705
10,0
36,-47417
1,0
138,0
49093,50061
66965,94833
2,23668
3,0
2641,0
4,0
2350,0
86987,68345
18,0
2322,0
570,0
551,0
2816,-29380
16,0
2,2
84829,74025
2,0
24,0
9724,0
176,0
73,0
4692,0
1667,0
1476,0
17,0
17,0
48,0
425,0
15408,0
2683,11375
272,0
67708,64435
5,0
8815,0
126,0
1159,0
1278,25032
39485,0
3,0
91,0
3174,0
6,0
11,0
115,-241
15572,0
29,0
58399,37858
15,47598
472,-1599
3518,79018
1,0
41258,0
375,0
724,0
1,0
6,-23886
23,35732
122,11892
19251,19315
86,0
7461,0
3,0
3,0
667,666
5,0
842,-27932
60,0
31952,91592
12411,0
186,0
37,0
4,0
4,0
60,0
5555,0
7,0
241,0
8,0
9477,0
56739,78252
30,0
2,0
90174,18299
2,0
1515,0
659,0
101,0
711,2851
4657,8193
12,0
29,0
6,0
1,0
4027,2564
1220,0
574,8548
1,0
1639,0
13,28004
10,0
48519,57263
1,0
122,0
1,0
53,22187
22763,0
5917,0
4,0
13030,13541
14293,0
2438,0
2,0
1291,0
33929,46851
2,0
2364,0
3,0
1,0
44023,67242
727,0
5,0
8455,7912
4,3935
577,0
4,0
4,171
2,0
97,0
4915,-1123
5,0
4,0
14696,21603
60421,37077
513,0
1,0
16,-408
1449,0
35661,35341
4641,23804
6656,0
11140,0
16,0
5455,53093
32584,32579
496,0
10,0
454,0
3,0
1382,8329
51609,19162
94,-24180
1,0
3724,3011
1852,0
1,0
3,0
26640,25454
21214,-36875
39124,24595
8,0
6002,79343
34,0
71,0
1347,0
1881,0
16591,0
3,0
1,0
29014,36014
10128,0
1,0
10,0
16,0
4,-107
6528,0
28845,0
1,0
12,18436
1,0
34841,52785
785,48603
62738,86499
7034,7038
9523,0
5797,0
3,0
2,0
18,0
231,0
20379,69292
61,0
6828,-23612
91148,96505
313,0
1,0
183,0
22640,19723
2,20869
10,264
2988,48504
2,0
180,0
12,37407
13646,0
31617,31592
5,14968
4867,0
563,0
28376,0
4,1005
2,0
1265,0
18241,0
1,0
1061,0
9567,40784
486,0
751,0
23239,0
335,0
4204,-2818
14057,51941
613,0
1,0
94,0
13,43902
11,0
4990,0
3,0
20,0
1,0
38280,42659
1,0
22,0
8612,0
2,0
3011,0
51550,4705
30119,0
597,0
65,0
394,0
65,65
30,0
5505,0
4792,0
37433,38715
81170,87133
29452,72825
7,0
37675,7812
17,0
10,0
2904,0
71066,62610
16,1480
29439,29389
8,0
82,0
1323,0
51485,50664
97549,80354
94,0
796,0
3,0
5,0
1041,0
469,0
7,0
244,0
2,0
942,0
2493,0
22,0
3,0
6,0
122,0
12,0
15,0
1957,0
36,0
13,0
16941,82295
51448,40653
53,0
4225,0
2197,0
24,0
31,0
299,0
8,0
206,137128
354,0
13,0
1160,-28050
66,-39
2,0
8113,0
5,0
569,0
3,0
45,0
6225,0
68,0
2,49458
22,23
679,0
44770,44735
562,1567
6652,6652
13215,0
1436,0
56592,84054
4173,42623
21,0
2216,0
3,0
183,0
8,0
80,0
247,16109
25,0
9,0
2447,0
16,0
867,0
1,0
109,0
1884,0
4365,4365
1,0
1507,-35025
1,0
2551,81581
425,425
79951,78368
210,0
140,0
14100,11656
1,0
3,39912
4907,0
4180,0
462,0
2264,0
578,25201
364,0
8490,7936
61746,79199
52331,70898
12,0
1275,72766
542,0
6151,0
1,0
10398,10398
3,16253
1,0
2,0
236,0
8,-29900
3,0
13,0
12881,0
2595,2941
5,0
617,0
12,0
6,0
26,0
6,72997
2304,0
1301,0
4,0
13,0
5037,0
595,0
1850,0
1,0
2856,-43311
1,0
18,0
177,0
3601,0
212,2319
113,-3161
2,0
21,0
1107,0
4089,0
15251,15201
82,0
34,0
34,0
15755,81825
1,0
207,0
32452,80461
17815,14284
258,0
93619,103799
16,29998
865,0
1338,0
4948,0
501,-2357
98006,104989
86,0
267,0
26,0
10,13942
159,0
1,0
81,0
99,0
47983,47533
1965,0
370,0
34,0
13,0
2,0
16,0
1125,0
135,0
170,0
7208,0
38,70739
22,0
23,0
13,0
14,0
1833,0
10387,0
235,0
3050,0
8172,0
2034,1852
13245,10268
72771,66653
42410,51381
115,0
1820,0
7951,0
24,0
234,10789
54,0
35,6958
42261,46267
33821,15348
32836,0
29,0
55750,30380
535,0
775,0
82,0
3222,0
1456,-4154
4,0
4,0
68649,45379
7,0
2523,121650
2,0
12,0
1,0
536,536
1531,0
562,0
2649,0
1212,0
13,0
14838,-33497
509,509
80,0
11217,0
97,0
205,12677
26,0
57645,-68894
2,0
116,0
90,0
64,0
69,0
45013,53905
25,0
2,16774
8,0
2,0
94662,79161
3,0
317,0
1681,0
1,0
3209,0
4562,0
478,0
384,0
13,0
43664,44572
3515,0
6223,0
9,0
16,0
1392,0
193,648
61,18218
4,0
6905,0
84270,79400
9,0
31,0
6,0
1,0
333,2422
8274,0
22,0
3118,0
26,30556
4287,4513
156,0
114,0
196,0
2798,0
216,216
4180,0
5,0
480,-1296
2502,0
1,0
20342,20377
53485,23321
1,0
1,0
50,0
1858,0
6,0
2,0
4929,99259
131,0
39946,42505
51415,72470
109,0
2,0
6027,0
10053,36098
28,0
673,0
179,0
38792,0
117,61498
15331,0
8,32174
301,0
157,0
17,0
18,0
320,0
7251,0
33296,25208
22,8196
12803,-1234
150,0
2808,0
2,1
16,38331
16,51462
5,0
2783,0
17938,36405
827,1512
5,0
63259,101979
19745,27203
10731,-1968
304,0
1,0
58,0
46423,113490
2149,3036
82,0
737,1746
1,0
6450,0
1184,38238
1,0
3605,8356
377,31088
473,0
2,2
59,0
1755,0
32,0
14803,0
3,0
2,0
193,0
3883,0
82140,77475
205,0
364,0
3,0
24171,60749
995,0
26,0
12,0
24235,71848
42,70740
2807,-15898
51559,44304
17,0
30901,0
690,0
2,0
227,0
2967,11405
4760,0
2318,0
1,0
2,0
457,0
4118,0
1001,0
955,49322
172,0
47097,32654
16747,4041
2,0
3297,0
3439,-737
1,-42727
15,16789
70,0
127,0
3,0
14,0
3048,0
152,0
137,0
54,0
3,0
48,0
13418,0
917,0
9914,0
190,0
1,0
9,0
37,0
113,0
37,0
8330,55162
1637,-22077
26308,0
44870,45973
8836,0
337,22451
14,0
3,0
56,0
73,0
5671,0
1280,0
81610,81587
32736,18800
1,0
247,0
3,0
57140,56413
9,0
97337,115495
18,0
9,0
2456,0
57030,52898
5,-30792
30694,29071
1,-12
9631,9184
90706,53807
18508,-9814
995,0
6550,0
16,104
52,0
11,0
924,0
267,0
283,0
38,0
4060,28951
120,0
26,0
1,0
74052,77653
54,0
3748,-17150
16442,15058
2801,0
9090,0
76670,77611
46853,88937
17,0
2,0
116,0
1,0
494,-7963
66677,35258
46129,63620
4706,4812
28787,27350
309,0
148,0
4,0
302,0
7356,0
86586,77538
44,0
873,64630
1731,49042
66,0
92686,93229
1077,0
855,0
229,0
454,-2672
67217,49480
4,52796
3316,0
591,0
143,0
1,0
22,0
1,0
1,0
39503,44869
34,0
1663,0
14029,-14103
25,0
2149,0
1386,0
578,0
6015,-36128
130,0
7,0
81598,81605
4,0
456,0
6,0
63,0
48,500
11,0
1,0
77,0
82720,64934
24,0
1934,0
965,0
25654,0
2,-2685
72,0
11,0
44,0
18,0
15420,15442
8,0
139,0
3,0
765,1557
122,0
29,-397
314,0
20,0
80560,79598
4777,-19478
90,0
17912,79845
4,0
17,0
556,0
9191,0
845,0
329,0
5,0
2,0
9915,0
14,0
772,0
1,0
908,0
1748,1748
1,0
54687,56969
8,0
17,0
69,0
7,0
183,0
845,0
93122,78558
329,10907
1,0
59629,47388
4627,0
1,23166
15259,17416
54150,53713
1,0
1613,0
516,0
136,0
295,257
31,0
26,83958
19,-25987
8517,7941
3427,3433
5,0
6,0
1,0
58548,84758
18041,0
2,0
84242,63243
6988,0
17,0
573,0
1,53045
2697,0
39,0
7,0
55,-16773
436,0
19,0
1,0
6780,19328
1417,0
7120,0
2,0
11,0
18310,0
7,0
47866,17084
156,0
4,0
3,0
3110,8945
1186,-67076
42555,50347
197,0
2013,22960
1,0
17,0
544,0
1,0
1823,0
35939,0
70783,64367
66209,70018
7082,0
15,0
22412,0
42,0
23,0
42,-494
1,0
67686,49793
1,0
15,0
280,0
3,0
48126,98918
1,0
56411,55670
5,0
4878,0
37691,74233
1361,887
12642,17764
1178,754
546,0
48358,56918
3,0
8,0
1933,89379
4,0
2,0
80139,144761
12,0
52,0
18866,20602
2001,90666
10754,0
35,0
73515,72826
81698,77699
16120,22262
1154,10394
2,0
1,82498
5,0
1873,0
43,49
85,0
33,0
4182,0
84899,84461
29,0
64,0
18,0
4838,-5482
15,0
3,0
32,-5138
7,301
31,0
3947,0
3,0
1205,0
6,50261
74313,73986
84462,78086
7922,0
29411,29656
1484,0
169,0
2,0
3017,3017
76735,50857
6,46714
30258,0
18,-111
372,0
4695,0
135,0
29144,37480
625,0
3736,0
23473,0
46215,15535
5,0
6376,0
703,0
64291,63308
1076,0
715,0
357,0
191,0
3,0
1336,0
12,0
2965,58123
95805,94820
36930,66436
2,-1718
6,0
23638,0
148,0
5748,0
19423,51237
934,-1086
16,0
38,0
6,1043
61,0
148,0
3990,0
67,0
23449,0
25,0
4947,0
1,0
13,0
2607,0
1,0
7,0
67,0
12323,59568
15,0
1,0
47178,82765
1313,0
629,0
32,0
50236,128388
6,50691
19,0
1006,0
1296,0
13,0
1,0
2,0
64999,73267
1,0
28,0
31909,0
94,0
64,61774
597,0
4,100314
17906,0
3,0
816,0
10773,101620
27005,39243
11,2418
128,0
21,0
33428,33693
31090,0
8635,0
1,0
5,0
2767,-203
41170,33445
71191,67396
2512,0
1,0
12,0
6,0
4,0
2,0
5169,0
1015,13396
20,0
1170,-1048
1,0
11,0
53,0
2,0
6986,32908
1,0
12,0
2,0
7,34411
8838,0
1,0
5838,3769
119,-8471
2564,23
4477,0
92745,85098
3009,0
4167,0
150,0
64273,92664
43869,49471
13,40911
2,0
39,0
7,0
79,0
3,0
56,0
93861,131640
4514,-37948
58,0
80417,80124
298,0
13,0
7,0
7,0
39147,35319
9655,0
2,0
8212,0
9287,52384
1,0
239,-105
3,0
44274,0
43035,85361
557,69877
478,0
132,0
5,0
74,0
1,-3
4,0
32,0
2668,1962
6920,41571
4,0
1,0
27260,43279
50,0
20086,0
20527,0
2,0
144,0
86,0
1,46809
11,17
5,0
213,0
376,0
1,0
31169,0
936,0
1829,0
4,0
17124,0
5530,0
63011,60730
88,0
17,12959
14192,31660
615,0
42666,57727
11245,-338
34,0
47,0
11899,0
5,0
485,38753
98,0
1,0
28968,0
35418,35433
5036,4712
40883,13568
45242,65319
63941,56116
1,74309
3057,0
22142,44585
2199,0
60,0
1,0
35178,0
2,0
237,0
74,64
207,12134
5,42905
15582,0
1,0
6,0
861,0
924,0
350,1611
18,0
48111,109386
20,42627
2,0
1,0
9,0
1,1834
1066,0
1,0
207,0
5,0
88003,98207
18595,20616
4474,6924
9,0
26781,72212
3346,0
12,0
398,0
754,0
132,0
274,0
1,0
3192,0
14422,0
62866,71364
32,0
1,0
3116,0
78,0
17575,0
19,0
22,0
8,0
1252,0
94038,56421
1795,120201
39224,51493
1670,57840
1318,0
1063,0
5666,0
1,0
96,0
43076,44694
270,0
400,0
4637,0
53067,1466
58182,82403
21,0
50273,67143
1,0
1,0
1,0
6689,0
39668,25428
627,0
16,0
2,0
29300,37187
1,0
34224,0
1564,0
1176,0
24316,24303
2295,0
1291,39234
2,0
9,0
8,0
8530,0
693,0
30197,0
70901,33277
2328,-20412
266,0
713,0
7410,0
30,19047
88,0
694,0
1,0
5355,6165
2,0
34959,0
9,0
18,0
3,0
18720,19552
1,16433
2,0
1342,0
574,0
4497,39174
598,599
16556,25825
37,0
8126,24125
1,164835
11757,12608
30977,0
1298,0
3262,0
3899,0
246,0
41,0
4,0
1,0
64,0
14,0
31,47919
8458,0
54662,55240
1852,0
24,0
80911,79093
4,0
420,0
3364,0
1565,4515
73,95
238,0
11,0
4,0
3,0
4,0
1,0
4,0
67,0
14060,0
4,0
8769,-8028
4183,0
255,0
285,0
53507,68383
38,0
1,0
849,0
482,0
1,0
10,0
4770,0
743,0
4259,-41261
19,0
2456,0
30973,26135
107,0
740,0
2591,2498
8818,0
1,0
64,0
90,0
73,39854
68,0
475,0
748,0
39,0
34,0
1,27745
1459,0
455,2463
2,0
356,0
1,0
120,0
4,0
44,0
1202,0
3,0
49506,59466
4,0
722,0
4,0
4982,0
1442,0
90,0
15390,7676
145,0
2,0
3537,101229
8997,0
3,0
46,0
3630,0
37,0
2,0
2,0
442,642
7948,-14074
103,0
12,0
8,0
1,0
696,0
6,0
212,0
7,0
9,0
11,0
4765,23277
1,0
61507,58010
557,0
17812,0
34603,0
8806,40959
12,0
1469,0
4717,27352
3,0
4862,0
26673,0
9,35494
17,0
16217,15516
84,0
4321,0
9818,37956
3073,0
42,0
1,0
10022,0
15128,0
2535,0
2260,0
48842,48842
355,0
582,0
475,0
4,0
8,0
919,0
7,0
46,0
1469,0
14627,0
547,0
256,0
10491,0
420,0
12784,15142
149,0
9364,0
1513,-6307
2120,0
46,0
92831,90214
6729,0
4294,0
7026,12567
4897,0
68,0
306,1663
27064,-3310
2853,0
13,81713
2,0
21964,11811
4,0
70848,70851
14,0
2140,0
2,0
692,-20712
38963,0
3,0
2106,1791
18808,62385
1153,0
1,0
15312,12165
9,0
93581,132232
4,0
331,0
630,0
1,0
6,13341
1,0
28,0
52614,52615
5282,0
13561,0
6762,0
78,0
11082,0
2,0
26,0
1611,0
61,-138
3598,46929
2492,0
33,0
14808,14134
17,0
3,10138
48,0
8,0
3882,0
401,0
2189,1036
3,0
3,0
3873,0
45887,33076
290,0
73,0
42,8189
46,0
3,0
13,0
40653,75110
18371,11346
16079,0
1,0
263,-90520
15779,0
26,0
5,0
2,0
1,0
45,-12977
7,75
11,0
17,0
3,182788
29112,0
4,0
24281,0
55,0
7,0
7913,96612
145,0
167,0
1257,0
10660,10686
905,0
2,0
14736,14721
26897,0
85,0
4037,0
57320,24551
356,0
3,0
8849,0
13565,33110
202,0
10997,0
6432,6386
21,0
1,0
1,0
1104,0
228,0
27,-30785
42274,95660
30949,0
126,0
7468,661
998,0
12,0
172,0
82617,50738
34589,0
159,0
158,0
62,0
7,0
7,7246
29088,0
4506,0
174,0
19,0
2317,0
24,0
79,0
1843,0
2,0
196,0
25,0
81,0
32,0
2,0
1,0
4,0
5186,6331
13100,15497
73593,60587
26,12034
25216,86460
2925,0
1565,0
1,1955
15,0
4,0
13,0
69380,69551
1028,0
1711,0
31,0
124,0
16,21312
871,0
22111,28103
472,0
604,0
4630,0
47663,86011
5,0
34796,53294
13,0
7967,0
64272,86276
165,14929
7,0
35812,0
46,0
31653,5438
4952,0
3071,0
1205,0
84,0
27799,0
28,0
6,0
2,0
88,0
1,0
314,0
1,0
113,47376
1,0
127,0
3,0
20565,55953
3,0
3706,0
10,0
311,0
649,0
1,0
27485,27095
7921,8132
74,0
1099,0
36717,65790
2434,0
672,0
1,0
12,0
28899,43514
1,0
20769,22219
55710,38740
2614,97335
1,0
57,0
17,0
2223,0
164,0
4,4
3788,0
85,0
3,0
173,0
7,0
35,0
10350,0
802,0
1,0
5,0
3,0
57,0
4,1015
2742,0
4383,0
1057,0
210,0
2559,0
15,0
66,0
13141,0
55964,45998
15,0
4,0
52,0
5,0
229,31271
133,0
13916,0
5047,0
120,0
431,0
1,0
95,0
17,0
181,0
1585,0
43006,38800
86,0
588,27411
23518,62535
83822,83766
90454,80099
1,-29263
6078,0
2151,0
2724,0
11,0
59643,51325
79,28649
27055,77764
679,0
82,25992
1,0
29,0
6769,0
3,0
77635,79758
2,0
1,0
15331,0
44,39
5761,0
27,0
4531,0
619,-2017
30,0
4510,0
93,0
14,0
66638,72146
489,0
17,0
2588,0
282,0
15678,0
61871,59870
7,0
59,0
2400,0
178,0
11,55443
224,38762
99,0
18654,73075
17632,50668
3,0
76927,48879
2,0
245,0
32,0
2042,0
12859,18624
58,0
3833,48926
303,0
8,7
1891,0
26,-26157
6,0
40,0
60393,56558
12300,0
2465,0
118,0
31,0
23,0
3172,3172
490,50306
186,186
10940,13436
43822,84660
733,96913
78,0
468,5363
764,0
19481,61916
33,0
144,1723
25696,30199
118,0
39,0
1388,0
37815,37815
41894,0
18,55833
3801,0
28910,0
67526,83188
93203,72627
1077,0
18,0
27098,49249
6,0
34,0
295,0
92,0
9073,0
84415,81627
337,0
434,-44375
93,0
88,0
979,0
2242,0
74,0
2,92729
92,0
12356,0
3,0
1556,0
25129,0
7,0
103,0
4676,0
1,0
24,0
32527,66341
5884,107004
4,0
817,0
79,0
4698,-19436
526,0
17299,0
334,0
1,0
68,0
1,0
1,0
5,0
1,0
39,0
42730,6449
33,0
1,0
44489,36543
1,0
9,0
318,0
7,54336
23,0
1,0
13464,51742
34,29
4288,-1852
1,0
148,162
129,0
33,0
7,0
282,0
1,0
13123,0
41228,24712
3,0
1979,30570
16764,0
5657,0
4,110470
46,-21301
2299,0
40,0
7769,0
60096,76993
725,0
366,779
17,0
2,0
3687,0
1,0
17,0
1928,1475
10,0
54900,47940
20,0
34,0
34890,0
9,0
2,0
134,0
613,0
52520,82306
3961,52041
13191,0
1664,0
1,0
293,0
1,12904
6,0
36,0
1,8453
14,0
1,0
4,7781
286,0
58286,34554
17,0
22405,16324
4642,0
7,0
8115,8230
48,0
3511,-5633
14,0
39303,38057
14600,0
8330,0
23903,7777
1166,1166
9183,9187
5672,0
1072,63614
1402,0
2808,0
7460,0
4378,0
1002,28326
58900,139506
20,0
520,0
1,0
17,0
28832,12
58,0
86484,81594
1,0
767,-20379
1,0
108,0
34,0
1,0
1,0
189,0
34469,0
1652,-45353
7,0
8,0
155,0
33562,21672
11399,0
9,0
1228,0
50,0
66,0
634,0
139,0
1004,0
50,0
52,52
6535,0
33,0
29,0
620,0
5,0
5,0
274,0
166,-802
34,0
17,0
32123,0
11,0
3126,0
125,0
19,0
4609,0
3642,0
3,0
4068,0
1,0
582,0
293,0
4,1737
1,0
178,0
31,0
57,0
33361,31843
247,-29823
9070,0
349,0
68,0
9,0
2861,0
1649,0
1,0
3897,3897
141,0
21,51176
3676,18046
3,0
4341,4655
24509,0
5,0
1,0
599,10612
300,300
6,0
1,-2
1424,0
17418,17361
24,0
24676,54909
30,0
8989,8998
13,71756
5,0
16,0
2,0
16095,0
9225,0
821,0
67254,66286
378,0
4751,0
264,0
1,0
1,0
7556,0
18,0
1,0
15,0
15033,38433
1,0
28155,53902
13401,0
1194,0
69310,70027
1,0
29717,0
10368,0
6,0
12864,0
17322,0
52075,124177
8,0
277,3195
28914,38045
31834,0
74,0
11584,7934
134,0
40,0
132,35146
39848,30291
413,0
6454,6457
36,33
110,0
223,0
479,0
275,0
73,0
7888,9035
1204,-25398
674,0
163,163
22296,18059
105,0
67077,56991
1050,54902
7,2396
10,0
7,4563
1,0
894,0
6379,0
2,0
725,0
333,0
95032,121594
2,0
2,0
57,0
159,0
496,0
35932,0
64,0
2,172
38,0
1,0
18,0
353,-31754
424,0
35,0
21,0
7906,43247
1,0
8,0
43,0
4917,0
1244,0
154,55535
47460,103440
7036,0
892,0
8,0
3,0
85,85
25,0
6474,-5273
1662,86540
5022,0
33120,149599
234,0
111,0
80,0
1,0
28,0
1,0
1875,0
1,0
8028,0
2,0
32306,0
32,0
2065,0
2298,39572
18922,18922
4114,0
11313,0
3912,3623
26990,107466
9,0
6771,0
43,0
1571,0
4,0
817,0
17856,27180
36,9202
5864,0
75603,75739
6234,0
591,0
70,0
367,0
1066,0
1,0
31435,41526
26461,0
6202,0
3294,0
3,0
2314,0
1935,0
15495,-28147
56,0
1,0
123,0
43210,134094
336,4027
18,0
2061,0
221,0
1,22600
6159,0
300,0
3,0
3,1071
7053,0
11,0
88,0
156,0
3770,3770
31980,50205
2,0
1,0
261,0
259,0
8732,0
1,0
1271,4273
60193,86474
15547,56983
1,0
1,0
4552,0
406,0
2,0
277,0
16,0
3,0
4,0
41323,0
10767,38310
181,0
21,0
16,0
357,0
1139,0
1,1
218,0
33131,32839
2,0
1342,0
40,0
12,0
88,865
7235,0
576,0
12033,0
21565,0
319,0
1413,1413
22293,0
26411,37142
30,0
13260,0
121,0
1,0
1,0
74033,73950
1,0
1107,-1927
252,0
2,0
13,0
377,0
35016,45789
99,0
9165,0
4567,0
72995,105326
22715,0
7154,7151
500,0
3835,0
13505,0
6,0
2579,0
5612,0
29,0
5608,0
341,0
2301,4022
73,0
867,0
263,0
1,0
40769,19629
3,0
155,0
13062,0
256,0
842,0
1,0
156,0
17,0
991,0
335,0
2,0
3154,0
252,35381
41,0
6281,0
1,0
29543,0
1404,9642
19757,19765
25,0
4,0
224,0
1145,-30027
4700,7095
14,0
2624,0
7,0
230,0
48131,50892
2,0
260,-9744
5042,0
203,93722
85889,85889
17,0
33,581
34963,0
160,0
15,38990
4339,0
2,60310
128,0
8,0
1942,0
860,0
1,64734
11481,0
77,0
5433,0
873,0
246,0
61729,99262
1330,0
4154,0
5920,0
1505,0
13568,0
2,0
10,0
32073,0
12488,0
67780,87107
35,0
286,0
1,0
33,0
9,0
294,0
1,0
106,0
4,-3526
104,0
52,0
3,0
8,0
3017,0
16,47180
58938,44902
3,0
8,0
22856,0
9644,4313
4232,4232
31,0
791,0
420,12189
2,0
4893,0
8,0
1099,0
244,0
12582,0
9,0
47,0
34750,0
3,0
2,0
2676,0
1505,0
14,0
11466,69270
22,102407
31,0
29,0
116,0
1,0
666,0
292,112
298,0
1,0
51,0
23022,61735
50857,50857
1,0
1,0
1,0
9,0
1,0
36124,-2648
172,714
9,0
178,0
20,0
127,4189
43582,43196
34,0
7,0
1,0
7,0
2,0
822,0
614,496
22,0
21203,8555
68,279
584,0
175,0
83,0
26715,43093
333,0
63103,86101
728,0
9,0
4,0
12,0
1061,0
24740,0
7,0
34,0
26837,25136
29526,0
2,0
7408,0
5,0
1,9049
36,0
1,0
24524,47480
66,0
2,0
19911,28300
605,0
22,0
101,0
134,0
8386,0
588,0
1,0
1081,0
135,0
417,0
10848,0
2,0
61,0
273,0
1209,0
11,20887
3,0
6,0
23,0
136,0
1,0
1836,0
27,0
6,0
252,0
8283,0
3,0
12906,0
1,0
539,0
712,0
1,-8968
7755,7754
1674,0
59,0
18,0
9088,0
3096,0
143,0
1,0
10315,11629
611,0
24979,0
36,0
2,0
77144,80487
68,0
1795,0
76,0
2,0
22265,0
2324,0
2,0
1423,0
19658,67444
32969,0
81354,92576
10,0
53161,37621
1,0
131,117375
10,-118
572,0
25027,-27181
58547,94201
8606,0
31,0
3637,0
3,0
37,0
119,0
88,0
4142,25912
13,0
1318,0
93,12277
7349,18451
75785,103668
2,34787
327,0
68,0
140,0
95,0
56762,67623
2419,0
30613,49395
44208,31075
3,-158
8514,0
178,0
23,0
502,0
5823,0
141,0
774,0
555,0
1,0
99810,94467
62,0
18,1582
1417,0
1879,0
385,12143
1,0
1566,0
141,0
56118,126064
12527,0
1,0
119,0
3,0
1,0
3,0
91,0
835,0
93289,76016
10987,0
1008,0
6,0
1,0
19468,19751
6,64401
42712,45516
1475,0
1,1
23787,80945
1518,0
16,56883
1652,0
1,0
87,0
7363,5774
689,0
11583,0
23075,17761
3621,0
36502,-4109
46,0
20,0
10,0
54552,51862
2,0
3,0
40,0
40,0
21,0
102,0
36,0
16910,90394
829,0
5051,0
60,0
9648,0
32,0
91,0
142,0
4400,4400
26071,0
1,0
6581,124743
9317,19371
1914,24319
4,0
45460,74621
1,0
34,0
88,0
24,-609
396,0
23073,74055
1,0
134,0
28,0
60473,48935
2,0
5516,0
1,0
595,11638
21,0
4389,0
131,2330
24,0
97,0
1,0
26,0
1,22506
76317,102406
12,0
71,0
91,0
82287,152643
1,0
37,0
309,0
103,0
16,0
46528,49405
6,8253
30,0
1,0
23999,26872
2,0
9056,0
73288,57985
325,337
21,0
1,0
15955,0
9,0
1654,0
72,0
4,0
699,0
16,0
28,0
220,0
11,0
2,0
967,0
93090,102190
45,0
4,0
33593,0
2,0
28040,35055
1,0
2,0
8985,0
329,0
12300,11151
11856,0
17810,48985
11,0
18,0
18290,0
31,40498
263,0
133,-4405
344,0
1,0
68306,74580
3,0
1,0
4311,8134
1,0
11128,30829
112,0
1,0
6,0
46892,51254
1,0
12215,0
645,0
32,0
1449,0
3283,0
7,0
2090,35486
1,0
178,0
6,0
13,0
27,-4462
75,-616
13947,0
403,0
36776,0
22,-110
88,0
90827,77596
83684,85594
8308,0
621,0
776,-43279
1,0
9,0
3,0
4,0
2,0
1,480
912,0
1,0
817,0
702,0
8483,0
97067,118207
16,0
35513,0
1248,8607
3,0
2,0
12569,0
51,0
1,0
12052,-23454
2865,2884
9874,26312
974,974
30912,0
177,0
30258,36182
3,-15906
1461,0
7,0
56035,73678
10,0
11,0
83113,82930
23,0
87,61527
584,0
1,23952
614,6147
1,125002
19496,7998
4,0
1638,0
3873,0
883,0
14369,21908
15,0
1,0
1740,0
16,0
20808,16670
4,0
92,0
320,0
6438,0
27,917
95,0
324,0
14,0
1077,29370
5,0
176,0
61,0
67,0
1253,0
486,0
4934,0
19,0
855,0
8,0
536,7651
1,0
11,0
49,-7266
6,0
1861,8676
1,16821
1,0
1,0
1,0
7,0
29219,26605
167,0
52,0
33,0
8416,0
10676,0
3447,0
7,0
87351,113519
91493,126048
1,0
6433,72637
56989,65487
12456,13821
62,0
5925,0
14,0
2,0
1,0
2,0
78176,80175
68,40266
121,0
2941,0
7730,0
32524,62864
1,0
32,0
2,0
15,0
37,0
294,0
7,-2524
89,26738
16,0
1,0
1,0
1,0
14893,14893
4553,22721
1,0
1,0
979,0
9,0
298,0
23,0
20,0
393,0
8980,9165
31411,37836
7201,0
82509,85521
60692,71058
73874,83632
9,0
241,0
1,0
1770,0
423,0
25877,0
5700,0
60,0
2,0
3212,0
1380,5774
343,0
549,0
361,0
437,61277
59,0
5027,0
7,0
12,0
22,0
1,0
30373,41256
6951,0
8,0
6,0
185,19231
905,0
267,0
359,0
6,0
212,0
45,0
485,0
9,0
6,0
6635,-11565
76408,71491
37,0
274,0
57552,57393
79873,77835
1339,0
68965,70649
30466,4758
639,0
86772,97011
4280,16324
5583,-40297
90015,92360
86,0
3,0
612,0
3977,0
1521,0
36305,31896
29,0
3470,0
10056,0
179,0
1,0
16,57404
12,0
16720,0
33892,48878
9,0
17,0
70834,62170
35,0
36,0
6587,0
77,0
75,0
2410,0
20,0
28,0
85,0
44041,43784
22814,0
1206,7534
6,43415
4316,0
16217,0
297,298
2,0
1,0
34651,41327
1135,0
31871,5344
25,0
19794,0
1,0
4,0
20856,0
120,0
2014,21413
3746,0
8006,58004
1,0
2011,-754
21,-46451
1,0
69,0
88,0
8,0
1,0
4649,0
25395,13614
110,0
30,0
239,0
65,0
15210,10354
5,0
16,0
30,0
99,0
4031,394
3985,54186
19233,77300
25,0
1513,0
1,0
1,0
180,0
3445,0
10,0
362,0
11,0
1005,0
749,0
1066,70880
21644,0
6,0
32,0
5,0
35,77792
103,0
22,13962
2,200
21,1125
1,0
6,0
588,0
10270,0
170,0
7,0
91100,113316
743,65759
2,0
11,0
92923,129500
1,0
6,0
46,0
1381,0
55118,58990
49,0
48895,48835
223,0
6138,0
7,0
1262,0
10974,4430
4065,0
22404,23128
302,41417
1341,0
14459,0
2,0
85297,92296
95626,96914
104,0
1054,-39338
507,0
18,18
147,0
212,0
8,0
1,0
274,0
11,0
48711,43968
3,8461
49,0
806,806
531,57525
2046,0
13845,13957
2345,10865
9,0
70980,81114
212,51989
9759,7578
35,0
2,0
61,65
53,25348
14460,-48879
45839,44382
56397,21735
526,54361
4,0
246,0
3,0
12,0
501,14166
107,0
1171,0
1,0
5,0
146,88757
4,0
46232,41928
81249,102909
309,0
15,0
252,0
125,0
3,0
24,0
14749,77090
9684,20049
3,0
17945,26155
1,0
254,0
1067,67867
17,0
172,0
29639,30148
2,41144
1468,0
17,0
1,0
52072,51834
2,37134
111,0
1,17816
2,0
1,0
3,45709
1,0
5414,0
250,12681
6489,0
11136,8342
458,0
12011,27467
11184,0
11186,0
24046,0
42177,3685
2867,71521
1085,2367
2,0
5435,0
1,0
1369,0
2,0
4710,0
46942,53563
4,0
4,0
5,90824
2,0
9930,10251
21260,0
24653,0
1,0
98,0
13305,18949
238,0
30,0
2,0
5,0
8440,0
1,0
1385,0
2,0
6,0
55426,73884
8885,0
153,0
1537,0
1,0
4,0
51212,56926
1551,7168
49045,53162
5,0
2,0
8128,42687
27019,65091
49,0
2,0
79108,96753
25672,0
627,0
74,35708
65347,59495
52378,54861
1857,0
7698,38677
64,0
84076,83672
57,0
784,0
914,0
127,0
25,0
3039,11102
41,0
495,0
36369,26747
8498,0
3,0
2300,0
249,40899
4,0
50628,43505
19390,10860
8,0
50266,16577
16287,50748
32,0
1,0
881,0
61283,57912
91492,89048
6,0
32877,34627
160,0
10,24407
2,0
12,0
17,0
1,0
1,0
1829,0
1220,0
475,0
31,0
7,0
1083,0
177,68965
4176,0
9,0
74291,95167
580,0
64868,70721
19,0
58,0
90,0
147,0
2,0
3821,0
3694,3299
47265,66991
1,0
51366,30931
6438,6474
1280,0
999,999
12,0
77,0
11,0
2,0
117,0
1765,0
285,0
3,0
962,0
13593,54329
322,0
60,-8072
346,346
1,0
26,0
52,0
763,0
9971,19687
1186,0
59,0
1,0
31329,87342
318,0
1,0
7102,7377
1,9903
303,0
454,0
1,0
1,0
3560,0
18954,40840
37077,73226
3147,0
57860,52563
8,0
9,0
1053,15834
7878,11299
24,0
1,0
14171,15477
2007,0
427,0
27832,0
1,0
547,1479
3394,0
80,0
514,4807
148,0
3,0
3,0
12,0
708,0
38,0
24304,61955
6,0
31,0
93,0
3,0
62745,113638
1,98533
807,1032
2,0
1699,0
162,-2498
10999,2324
1,0
2,0
3,0
72481,72874
1,0
28,0
29,0
6,0
9,5310
74624,62998
4,0
2893,0
129,0
8920,0
3,0
267,-3269
453,0
691,0
3492,0
1719,0
2,0
861,0
32,0
1,27463
19,0
47,0
4,0
2,0
7560,0
1,0
112,0
9,0
853,0
4970,0
1745,0
24,0
93,0
204,0
2,0
10816,0
41536,61746
71,0
2,0
32568,0
1,0
1084,0
72234,72980
37,-536
11002,0
394,0
1,0
310,26102
48667,58576
9396,0
2476,9451
127,0
5763,0
2,112250
2159,96828
1497,0
4,0
9,0
74,43625
4,0
375,0
39165,86893
2,0
2595,0
3,0
13355,0
2,0
1,0
170,0
32281,85117
4140,-17486
3504,0
200,0
99,0
94196,93080
1739,1739
66,0
11044,0
17,0
11,0
1,0
36018,32213
19,0
9081,0
1,0
8,0
416,0
26,0
9433,0
153,0
1556,14922
2596,2587
96304,80706
68615,47005
49,0
2,0
320,0
16,0
7,0
82377,62749
137,0
79931,9440
1,0
1,18216
1,0
70673,33166
63407,74532
33,14357
2,1130
1,85125
13,0
35,0
54232,47705
4,13484
3,0
1041,0
1164,0
21,0
1293,0
37178,39360
18,0
6186,0
13,13
1,-67544
12,0
1,0
3638,10579
292,0
1,0
22254,33310
3,0
2,0
864,0
20,0
7859,0
1,-819
19713,-5254
13,0
4001,0
2,0
12,0
7,0
7,0
7600,0
7,0
25,0
4788,0
14025,91135
15283,-24903
4683,0
204,0
9,0
1208,133203
19,0
2566,2601
2214,0
3386,4443
1,0
7266,0
1,0
11,0
122,0
16,0
9,0
22824,0
3,0
4091,4242
1514,0
49,0
1,0
5282,0
52,0
524,0
455,0
1714,0
1,0
501,0
174,0
9310,0
47143,0
19,19
25941,17690
1908,0
24,0
61,0
35644,2916
195,0
25,0
783,0
2,0
29,0
11995,-1747
173,0
2810,0
14620,0
9974,7878
44749,72606
72987,71954
33298,36671
1,0
604,0
2,0
161,0
5952,0
88671,60079
2,0
1635,0
1,0
1126,0
1020,-2661
2,0
11,0
10,0
15412,15362
4275,24765
42,0
6401,0
65617,77745
15534,0
64033,74661
1556,0
91,0
1,0
14,53047
4973,0
44032,66436
30217,28373
18639,0
3114,0
17185,0
3,0
686,0
524,101104
4220,0
44,0
6,0
91,0
32050,0
28,0
16,45892
12,0
74,0
2231,-5510
76791,71710
80248,95672
1,0
680,0
1119,0
65743,65766
195,0
1,0
68198,65944
3,0
52002,44835
80,0
4,0
1,19185
7,0
1,110194
1,0
7,0
8774,0
48,1443
6554,6554
182,0
362,0
2082,17060
235,0
197,26193
406,0
46336,81835
19973,29230
1339,0
558,0
2938,11509
12,0
4095,0
1,0
17,0
1870,0
36,0
15,0
28352,28204
9,0
11030,0
5,0
146,0
1007,0
30,0
7,0
4,0
8,0
26780,0
14,0
1,0
139,64142
1,0
34050,52659
238,239
124,0
72,0
2,0
3,8922
91,0
421,0
4,0
29,0
472,0
10,0
4,31614
91,0
64969,76435
37847,127934
36,0
3108,0
48029,52284
30945,90011
3,0
59417,37277
22,108
1,0
1,0
4,0
17,98644
63,0
3329,0
74582,73578
55,-5550
260,0
12,12
8,0
12028,15784
595,0
13838,0
15,0
13,0
3,0
175,0
2126,0
1414,-30460
16177,16165
30909,0
57,-13367
4,3052
7314,6259
6,0
21,72561
418,0
440,17771
2,0
451,367
28808,0
57308,76522
6,0
50,0
35,0
36672,18539
19021,21586
1,0
12656,58420
6,0
52019,51548
1,0
84042,93763
48881,109225
753,0
61,0
2,0
1,0
139,0
10084,26030
99,0
141,106342
24,0
136,0
4,0
2039,0
99891,112325
229,-1116
6,0
91,0
100,0
12504,115481
58,0
2624,-50794
27,0
20988,0
55,0
155,0
42176,49329
34,7329
14,0
121,0
16798,34312
135,0
31098,0
17034,118660
68,3610
9,271
5,505
9081,0
8,0
170,0
2,0
25,0
3,0
115,0
1364,0
4447,0
6,0
1702,51667
36712,0
47,0
12759,0
78,-14040
5868,0
2,0
1748,6496
18,0
1026,18170
3590,15223
1,0
992,0
3,0
2,0
403,0
81911,96224
840,0
17453,105858
438,0
26,0
17,0
6182,0
24,0
70,0
7,0
58713,58720
3945,0
1,0
578,0
23340,0
9,0
1241,1080
14,42388
14,0
93,40097
30116,55782
950,0
120,0
2304,0
7475,0
5,0
2,0
885,0
152,61466
8174,0
761,0
29,0
78310,103408
6176,0
3,0
13651,0
7814,0
6,5015
23679,0
56,0
3,0
1,0
102,0
7,0
9995,9951
59,0
746,0
3112,3112
4394,0
233,0
50,0
40,4620
23485,0
2433,4261
1337,0
48,0
4,0
4,45676
5857,0
3,74508
4,-25119
4,0
15526,15526
856,0
885,0
1126,0
5038,0
21,0
104,0
1,0
111,0
122,0
59,0
24633,24569
16,0
15202,15410
5,0
10,0
23049,0
71,0
734,0
68,0
20132,-2150
65069,97951
91,0
11,0
125,0
18,0
3,0
6428,6429
1953,0
1031,-19981
97,-7489
4901,69973
7,0
84990,117801
7,0
11960,0
740,0
5,0
1175,-16467
20,0
17,0
2570,0
1,-36242
41157,25633
68491,31634
95340,92651
87,0
8795,0
5,0
38078,38081
18,0
46,0
370,0
6617,0
19,14055
23860,0
5,0
47,0
5,0
157,789
5,0
1622,0
49,0
10723,0
1,0
1196,0
1959,0
19,0
1191,0
44,38
1393,0
2596,-38111
6033,0
21,0
2,0
4,0
30845,64832
222,0
16,0
131,0
20809,72633
29,0
692,0
5129,17017
31,0
1,0
7,0
107,0
2449,0
30,0
1275,-14280
9,0
98356,98351
4,0
2,0
1034,0
29,0
11,0
32806,33342
32,0
27,0
3,0
4,0
11978,-16149
15,0
711,0
769,0
10,0
1633,11267
2,118625
77356,78134
2374,0
2,0
3875,0
752,15101
15639,0
1,35499
958,1774
192,0
59770,131324
90,0
10,0
756,0
22,0
3416,0
88,-16
2639,31339
804,804
5,0
220,0
14980,16626
1568,0
676,676
48320,0
3,0
4433,-5037
4,0
5776,0
188,0
4413,0
153,0
75063,54628
6532,6337
553,0
39,27536
53720,45624
3,-24155
14,0
560,0
15,-12273
441,16401
3064,3781
5756,0
54888,54890
35618,0
1,0
349,0
18602,18594
2,0
17444,-25428
26938,110808
95671,105346
1,0
4,0
17,0
28,-84378
2,0
3,0
810,0
16966,0
2198,0
23,0
3,0
4348,4668
219,0
120,0
158,158
1,-18133
57406,62731
6358,6360
17,0
104,0
1,32117
32112,67893
49924,54440
3,0
27236,35381
1232,0
1,0
1,996
7,203
21,-12867
1647,0
1076,0
16382,43289
160,0
37220,90983
880,0
19,0
1,0
15298,42692
84707,75402
1760,0
3303,3015
696,0
11,0
600,600
1,0
141,0
166,0
942,0
255,0
32404,46346
31,-2780
587,-930
145,0
66708,83480
4,0
8,107
3,0
102,0
160,0
3,0
448,0
1334,0
57,0
1384,0
266,0
26544,115824
1,0
323,0
17939,0
4111,0
40971,0
41561,41534
20,0
5908,23706
24,0
26,41069
2581,0
457,0
20574,32086
5,0
458,0
108,0
2800,-19655
66,0
30,0
1,805
63,0
240,0
5926,5926
59,0
3,0
773,0
54,0
18472,18463
2,0
1,0
7,0
785,0
1,0
3,0
103,0
51471,191589
5253,0
6203,0
79090,88423
75,17973
17,0
2462,0
1536,0
13618,13616
323,0
743,0
494,697
18,0
562,0
2,0
47669,75195
86712,79367
26,0
145,0
236,0
319,0
5452,0
170,0
748,0
30,22
435,0
107,0
1504,3440
10,51183
2,122880
2,0
203,21934
4125,0
4770,5407
890,13749
2049,1477
45131,66791
84,0
40080,39211
6159,0
2569,0
15634,7736
43517,0
18307,0
416,0
1,0
2,30085
18,0
94394,94730
3,0
8,0
17,0
870,0
1188,0
32243,0
5,0
17,0
5,0
1493,0
17135,101948
15669,15669
1,0
88,0
3578,18843
98,0
2,0
11983,0
383,0
63168,53399
114,27354
1,0
581,0
65,0
2359,0
9174,98418
2043,0
12528,0
929,0
1,0
19,0
148,120882
3,0
1593,0
2,0
27240,27228
10903,10975
23330,102648
2,0
14794,0
94,0
66,0
5439,0
5612,34322
1,0
39309,68147
1569,0
100,0
7,0
105,0
114,0
7,18974
430,0
29,0
465,0
3,0
1350,8815
26091,13282
36902,44570
12952,36597
9,0
42,0
1866,0
3,0
44,0
65,0
2710,0
58,0
26,0
13135,154699
902,0
9,0
3452,0
2592,2591
376,0
1,0
11,0
10353,0
28,0
6001,-61904
3,0
11,0
1030,0
5,0
888,0
1,0
34503,0
11114,10938
2,0
68739,124352
11,0
41787,55403
63222,59362
15,15
938,34587
1,0
3558,0
1179,0
71,5200
2023,3982
8,0
15,0
2,0
52,0
11591,0
7,0
212,26831
16573,5042
7763,7763
271,710
25312,0
13044,0
528,4713
3,0
2216,2204
77405,53544
4108,6226
210,0
292,0
17,0
188,0
24384,0
17,0
38,0
651,0
2158,0
14,0
129,0
2,0
169,0
27,0
925,0
81,0
1372,0
414,4079
21493,21493
3,0
11,0
43,0
69,0
685,-4184
1,0
1,0
711,15096
1,0
87,0
44,0
10281,12089
679,0
1211,0
30,0
10,0
2,93959
2,0
6,0
33,0
90723,93277
5761,0
7985,0
3,0
52087,57581
1,0
5995,0
26,0
6,-33570
15,0
90,0
38489,74426
835,0
10309,0
14689,0
207,0
3,0
2,0
2481,2528
90,0
17032,15414
2367,14583
14,0
4,0
27,0
135,0
18957,0
128,0
3,31119
2,0
229,0
19,0
128,100262
7,0
23690,23351
51,558
139,-714
8,0
132,84
416,416
19,1240
3115,2181
71,0
9925,0
96458,92151
115,0
7,23083
6589,0
8247,8437
14687,0
2,0
95298,90971
95,0
6683,0
196,0
22,0
233,0
1065,-6992
11059,-41770
216,0
5,39579
26,0
5,0
2,0
6711,0
3,0
169,0
67,0
43515,43511
161,9882
1,0
34124,0
1803,0
3,11789
3,0
3,0
19,0
140,0
4,0
23610,61762
11,0
2,0
1554,0
21,0
81861,101339
240,0
20371,97010
1908,0
3547,3699
618,0
22042,25857
13082,-20132
73,0
61143,22242
48,0
74220,102220
376,0
20,0
1,0
20749,0
68143,65629
10265,0
15142,33430
29,0
9868,9212
6,0
30,0
16,48039
1442,0
36,0
1,39477
1,0
137,0
46842,43861
11,0
2,-30
1691,0
21946,11398
2,0
16,0
13,-1118
8882,3636
1900,0
40,0
729,-11166
6,0
264,0
2949,0
7019,0
3,0
817,29854
91812,144904
95,0
21,0
34647,0
107,0
11,0
30,0
215,0
8030,-11615
5,0
718,0
1,0
56,0
536,0
13231,0
54,0
155,0
3112,0
16,0
25,0
1713,0
5,0
5294,0
909,954
4,0
3,0
215,0
3958,-39486
867,0
2166,-143
1006,0
227,28203
231,0
4390,0
1,0
989,0
4,0
1,0
10299,62311
15918,0
31,0
57,0
30,0
2,0
1784,0
6711,0
19,-37
7375,4924
5506,0
11914,7056
1,0
94748,93930
250,0
14224,0
47700,97937
10863,0
1786,0
2314,0
4516,0
20,-15682
4960,0
765,765
24774,0
2,0
452,0
2,0
322,-9784
1265,0
427,4407
8,0
8,0
114,0
30221,67040
99,0
78577,81271
17,0
15848,-13730
1534,39873
50972,36947
64,0
15795,69882
2916,3131
71876,58649
7280,67690
1269,0
1062,0
90912,87856
1623,0
9203,0
6,0
55370,52918
158,0
17,0
292,0
2,0
4103,0
231,0
8,0
429,0
563,0
12,0
1518,0
10,-188
412,0
812,0
837,22259
2,0
1,0
18102,17796
1597,0
68546,90641
1,83707
4539,0
40,0
125,0
1,0
1064,63224
2,0
164,69491
42524,59482
2,0
19824,0
13745,0
37,0
14,0
5210,0
4,0
58,429
31,0
11,0
7243,0
1102,0
2,0
51,0
3,0
6,0
169,0
98,0
5,0
1,0
339,0
36143,0
8967,0
3,0
9,0
47556,51890
3482,0
42553,64338
1,0
1,0
2,7923
68,0
4924,8630
1009,0
162,0
59,0
11047,79664
26314,0
17,0
15592,0
123,0
3027,0
4569,0
945,0
22053,59826
35,19254
32559,55441
50,0
7,0
12,0
566,0
6,0
37980,85967
108,0
70,0
5,0
1,3197
2386,104002
2,0
29,0
1,102977
9,0
25,0
16,0
3,0
60,45139
22375,78301
199,0
31406,31405
5210,13444
53,0
641,0
3,27566
32,0
692,650
11193,14127
4,0
5,0
15,0
27115,27145
1,0
39,0
3315,0
10821,0
187,0
35555,0
179,0
26,0
8,0
17,0
27,0
3,0
6757,0
59719,84251
10419,5412
8,0
68,0
157,0
190,0
207,60749
156,0
92,0
160,0
138,0
22815,0
88299,74772
1,45142
661,0
15630,0
630,0
1,0
23302,24044
91,0
8,0
20,0
2156,0
271,0
231,0
8749,8731
8,0
33383,0
492,0
14,0
1051,-2180
109,0
11,-23599
9488,0
5,0
310,0
51,0
93,0
2835,0
2798,0
7084,10146
98,174
893,0
24395,0
13,0
47432,78551
212,0
18863,0
27100,8683
163,9240
1276,0
14,0
115,0
2848,0
470,0
1717,0
3,0
2832,4921
29385,42135
1791,0
14,0
620,0
31747,0
4,0
15205,15212
1,0
1122,0
5,0
19557,0
1,0
173,0
4,1526
24,0
5,0
1289,-3868
8270,0
2188,24610
8839,8839
11,0
487,0
23,0
42,0
1,0
2,11020
1089,0
43,0
95460,62525
401,464
11,0
315,35254
64,0
1788,0
315,0
1,0
115,0
6,0
307,0
135,0
1,29654
11,0
24,0
23,-9371
96449,115435
12699,0
94296,109830
188,0
57111,57167
14,0
1,0
5688,0
78479,71154
31,0
141,0
34,0
43,0
32805,0
504,0
10549,50124
341,0
199,0
1,0
2,0
46144,45731
35,0
1869,0
9694,9295
1214,0
15,0
4059,0
113,0
15,0
9,0
5509,0
1,0
12,0
1,0
43,0
5,0
2,0
3,0
75,0
3893,5429
181,0
199,0
402,0
1,12389
7,0
5,0
2049,0
351,0
1273,0
2912,0
39674,0
452,0
8,0
8,0
49,40353
1554,0
4,0
5,0
15449,0
2105,0
339,0
1099,0
211,0
4848,36479
557,0
132,9661
2,0
43,0
427,0
52,1876
3305,0
59,32021
1,0
19,0
866,0
130,0
8674,-16751
895,23326
762,793
131,0
744,0
6,0
8867,61863
519,0
23,23
7,-24986
7416,7894
1,0
1157,0
2772,0
1,0
32809,0
21,0
3562,0
6,0
16511,87789
94246,120049
8285,0
210,90
5397,0
2,0
27,0
82170,137096
14,0
88082,114444
380,0
170,0
42130,114280
980,0
37935,37832
17921,22428
426,0
717,0
66,0
2,0
29,0
12395,0
40680,46113
119,0
46,0
1784,64860
1,0
3689,0
15417,43091
36,0
10075,0
2,0
42,0
2,0
5244,0
138,0
1,0
2,6135
14121,0
41,0
15,0
8,18141
362,0
590,0
6032,7906
4033,0
17602,0
78,0
3049,341
15470,-992
188,0
26,0
31762,0
1258,11095
21958,38715
1,0
1,33686
39,0
3,0
2,0
1,0
731,0
3,0
37871,43712
5,0
137,-11837
2,0
14219,0
18681,0
154,84753
17118,11575
100,100
5075,0
1,0
10264,0
2,0
19,0
39,0
1969,0
1133,0
10137,56130
1557,0
1,0
99654,92504
19320,21217
220,0
5,0
3333,3082
8,81893
3937,0
60,32
1501,0
92323,119630
4668,0
28,-4750
2118,2118
1,0
955,0
67,0
25,14821
996,0
1,0
417,0
11,0
90374,55748
1,0
507,34448
19696,19696
12260,10928
5909,21180
3886,0
3357,0
1988,0
228,0
17,0
53,0
604,0
3,0
1,0
2231,0
16,0
68,0
1054,0
3,0
1,0
6,0
108,0
1,0
3221,0
3,0
1,4694
2016,0
57455,35044
45,0
1,0
8189,8189
2,0
6120,0
1,0
10284,62296
43446,43446
25,0
27187,0
128,0
1,0
1775,0
75487,83892
227,0
156,0
53189,80950
2,0
49344,59323
487,0
3023,0
1,0
8,0
66,0
88,0
4,0
7924,0
972,0
466,113784
3,0
2530,0
4197,0
1,0
5844,0
25,0
201,0
205,0
14,0
9874,0
3,0
11,0
5134,0
62690,78872
251,0
5,0
3,0
82,0
8,0
47800,49770
390,0
6055,-38514
1,0
2,0
2,-1419
11,0
28,28
7785,0
70,484
2386,0
801,39626
8,0
6,0
52,0
4,0
6,47810
3055,0
52545,106715
30379,25614
1695,0
1,0
76445,111201
2110,0
20,0
10173,0
26,0
58879,79057
1,93084
3269,0
8,0
19,0
5240,0
525,0
2034,0
1,0
57,0
1830,0
1471,-38090
46586,64153
307,0
88750,62131
2580,2577
2,0
593,0
7,-11678
34856,0
1,0
55,-3375
8632,0
23,0
151,0
5,0
269,0
500,0
42291,58415
511,0
2,0
3894,5855
16,16993
9093,8997
18,80688
11,11
1,0
5,5
71,0
15290,0
1490,0
292,75490
44,0
7191,0
330,0
1,0
1,0
55,3389
1910,2999
25,0
26040,0
2,0
2,0
29186,0
14,0
600,305
16,0
79,0
5314,0
2,0
11,0
1,0
4809,4536
131,0
20,0
46999,55885
52,94989
3,0
10,-10959
4470,72720
1083,0
33806,0
5,39196
45,0
13,0
346,0
1,18786
1,-5909
7082,14202
73,0
4,-13680
3,0
26207,118496
965,0
1960,0
80643,88979
1352,2449
54,0
360,0
3018,40650
67810,70366
1701,1704
92,0
19,0
786,0
1421,0
6073,54411
33408,34589
204,0
701,0
2224,0
22015,59691
3,0
42724,14526
2271,0
77028,70701
42856,13952
3573,0
1247,0
4094,11429
478,0
14,0
1110,0
41,0
47413,46580
2,0
2,0
3,0
6697,-5449
25,0
20,0
97177,92642
799,0
316,0
6592,0
63696,69187
207,42821
24460,62379
5757,0
924,-54
5705,0
2,52345
330,0
6,0
3269,0
20,0
83383,86502
61341,41834
42495,0
2545,0
1,0
37838,22062
4326,0
8792,0
4,0
2780,0
1,0
1,0
40,0
196,0
355,-26
1219,81358
3,0
5,0
20,0
2289,0
15,0
1036,0
4,0
3566,0
209,0
1,0
62067,82954
1,0
71768,71702
127,32166
4153,4292
110,0
1255,0
1321,0
3,50629
4,0
7,0
1,0
13,0
52,32996
13,-66
9090,30512
50,0
1,20
41586,38557
93,0
342,0
16,0
1,31389
3,0
75319,71218
40,0
28097,108099
1,0
1,0
45,0
9464,0
7,11
7,0
1,0
60963,71316
3206,0
12251,28554
2782,0
66944,84504
782,0
100,0
3044,0
41,0
55,40455
104,104
1,35211
35959,27807
39117,121982
102,0
170,-365
12,0
2,0
8575,11622
1,0
288,0
2117,0
51897,52815
15332,60026
169,0
59,0
391,0
879,0
1013,0
5969,106882
39,0
98392,105367
21613,21613
12,0
85,0
393,132112
74197,64851
1798,0
2,0
30,0
92514,90635
11223,0
40278,48738
2678,2597
2529,0
39730,53741
110,0
71828,55784
787,0
430,0
2,0
3463,48510
78,17901
3,0
209,0
16,0
6177,0
79902,72216
9,0
638,0
1,0
11381,0
2,19105
685,0
1,38068
106,0
5,86785
1665,0
260,0
25899,44834
229,0
647,1851
77159,133278
161,0
1,0
2566,2561
5255,85965
11,-66494
3,0
426,0
53599,59481
545,0
1,0
1,0
1537,4865
1117,0
708,0
4011,0
5790,124084
3,0
6369,31196
92860,81687
109,0
312,44214
15,0
5,0
3736,0
33,0
1899,-9656
13,0
4529,6849
6605,0
155,0
3039,0
1,0
337,0
4488,0
48390,10681
1,0
8162,7772
308,0
319,0
13177,0
2172,27723
1190,0
206,0
10194,-10873
1,0
44543,50920
71,0
14922,0
123,0
28762,30613
50,0
2,0
247,0
3,0
139,0
6,0
30045,49470
68677,77562
89,0
573,0
25332,47068
9394,9204
5,0
2,80135
21,0
1,28584
3,0
24885,0
1463,50295
1818,1509
70931,88042
955,0
11,0
4,0
5029,0
26223,0
7255,0
45,0
2930,0
74,0
15,0
90,0
21,10007
22964,28203
2,-560
747,8534
426,66830
57,0
18,0
4483,0
4,0
11885,0
2,0
55617,50000
52018,51997
23118,25398
147,0
59,0
278,90022
1,0
9758,0
285,0
6,0
6754,0
40550,118277
5197,878
20352,49246
35,0
66,40264
530,0
84,0
377,0
13,0
1,0
21,0
158,0
255,19211
20,-6450
1,58786
2760,10362
165,0
4510,0
770,36751
32635,32463
248,0
3,0
277,0
20,0
8,0
21753,73231
100,0
69,0
16132,0
2886,23782
760,0
5280,0
9,0
307,0
56631,56680
34,0
3672,17805
7,0
85878,124287
3426,1941
30,0
1094,0
507,0
2,0
1460,0
185,0
51,0
4,0
52,17939
10054,19954
344,0
1,0
36991,39393
18,889
15,2008
6795,0
11,0
566,0
3,0
304,0
3,0
1,0
2336,0
456,0
89,0
405,0
10,57470
83052,103628
35,0
1858,0
75165,83224
14,0
5252,0
22479,22509
608,0
22624,34427
661,0
97,97
1382,0
4113,0
240,0
14,0
1,0
1,0
5,0
351,0
14275,3896
50322,62002
11,0
5,0
2,0
4,0
1,0
159,0
650,0
25,0
46846,47654
1,0
1802,0
2,0
10,0
61,0
11839,0
2822,0
13377,13290
14,0
23,0
1,-23
2885,0
68,0
6,0
10862,-24606
40991,77612
63,0
1,0
21777,639
91047,95723
1456,0
54,0
25356,0
2838,0
20,20
4149,0
4,30007
578,0
11595,34380
5,0
19,0
19,19
14,0
48294,42297
594,0
5380,0
383,0
223,0
2,27078
115,0
26,38096
7,0
33100,0
9,7821
8675,43207
10,0
16597,0
81072,91670
17,10679
9,0
2356,0
125,68471
2983,0
27,0
18,0
1147,0
7107,0
71,31692
51829,52730
1479,0
1581,27882
3,0
1,0
2,0
1,0
4756,0
119,0
140,0
971,15197
1,0
60,0
28172,94836
32507,66433
106,0
1942,41312
121,0
164,0
1670,0
32711,85360
1,0
25000,0
5,0
20,0
733,0
219,0
14898,0
651,0
49675,51435
1501,0
51808,34713
75694,78660
3,0
431,0
148,0
7262,0
5,0
6,0
11996,0
7,0
1,0
8250,8580
66,0
47,0
8,-916
14794,21844
8365,0
384,15082
16,0
1415,38927
14887,14599
4,0
2,0
218,0
25435,0
5916,417
171,0
14006,26163
88,0
709,0
5,0
4,0
239,0
9343,90237
1874,0
1,0
11,0
37,0
123,0
1466,0
202,0
12,0
1370,0
137,0
17932,0
14,-1801
211,0
11062,72418
1,0
4956,0
2614,0
22,0
23,0
20,0
10081,9379
7422,0
17783,0
1385,0
1694,0
2506,0
24,0
39,0
6607,0
10,0
1,0
24980,31581
19,0
711,0
2501,0
3,0
744,522
128,0
2,0
1073,1010
4,0
716,0
286,0
1748,0
1216,0
1030,0
16,0
1548,0
5891,0
1783,0
27108,71930
21516,59931
17640,0
7,0
92678,93749
25253,47522
8,0
806,0
2168,-19310
4914,4914
35,0
3,0
177,0
81,0
93,0
71787,105586
71533,53995
29693,26591
2,0
43284,41366
4,0
11,0
7,0
2166,0
3,0
8,0
15,0
6,0
1,0
1,0
89,0
1539,0
654,0
2,0
35,0
4,0
1,0
2,0
768,0
9904,0
36619,36701
92366,120624
5901,6676
36,0
17,0
1,0
2,0
2,0
11,0
1693,0
1440,0
53,0
350,0
13611,23617
268,0
1327,10878
1731,3523
5,0
1,174620
6583,0
973,0
1,10093
707,0
1318,4630
31,0
2247,0
451,0
48,0
1,0
14,0
50693,50874
25109,39593
22,0
25,103623
1,0
4,0
194,31533
19576,0
70,0
2,0
2,0
4,0
54310,64438
38,0
64,0
1,0
2,0
4804,48050
777,0
2643,0
221,0
17391,14916
1,81
11659,11457
6,0
24830,0
73,0
2,0
1,0
776,0
166,0
4774,0
1,0
76625,101195
3340,0
5734,0
1,3163
8,0
11515,12421
37,0
4,0
8842,23913
6550,0
64257,43380
1895,0
132,0
1,-18124
11,0
12,0
18,0
511,0
9378,0
6133,23640
49,0
6217,0
2,19659
21294,0
186,0
2,0
3,37162
5519,23467
43,12792
16934,22936
8999,0
1270,0
41,0
3,0
70879,91377
1131,-7853
1119,0
69265,69886
31502,31543
41721,123111
12,11
387,340
2496,128954
1,0
1,0
3,0
4313,0
9144,7321
4,0
21790,0
3555,0
1,0
1773,0
77847,74836
1753,0
7,0
1146,2930
26926,0
735,0
2,5198
2419,0
673,0
8820,9519
52216,20219
72794,99770
28,87547
26,0
28,0
2,0
929,0
1031,6454
26,0
1622,0
22477,0
293,0
12654,0
1,-1946
1,0
11604,0
30,-17336
57,0
29,0
791,-9295
199,0
3,0
5929,0
71612,71750
52,0
154,0
5751,0
98713,88694
4155,0
53,0
9905,0
10,0
1746,0
4393,4377
4780,0
2,0
3626,0
13257,0
88,0
2387,0
422,0
12,-28280
76,183
53,0
7888,12102
149,0
13854,0
3,0
1044,0
1,562
14,37923
3126,0
46,0
85108,74476
25,0
10961,0
7,0
40,0
49654,0
17977,0
37,0
941,0
24818,0
49817,57679
16379,41353
1303,13603
16778,80276
2,0
29,0
30104,41511
2,0
228,0
65160,72727
1225,0
1,0
9,0
3533,3533
63,15076
5,0
35176,0
1109,0
1162,0
53,19909
1791,1868
2,0
2,0
20844,20843
2052,0
99,0
43612,0
29708,-27068
51,0
26698,0
488,43642
36,36
44846,42047
48,0
152,0
321,0
3,-4780
889,0
4810,6006
9497,0
3467,0
72507,77284
5964,2288
4797,0
3793,0
45425,49352
1,0
2,45373
10875,0
4,0
1,0
9,0
3218,0
10,0
8,0
12827,0
5169,42372
6252,0
5,0
1629,0
67,0
1,1
3502,19080
856,-40368
75,649
19,0
2,0
19731,0
13,0
19767,0
1,0
22,22
23056,69165
12239,0
1532,1532
2470,2468
37,44
37,0
3,0
4518,0
38,-34861
14056,0
2,0
7,0
18913,23797
30,0
1113,1113
2531,19345
3,0
1185,2382
6204,0
54,0
109,0
2,0
79,0
3422,0
12,0
4,0
36,0
111,0
10873,0
7,104257
13348,27490
55016,59963
3,0
3568,43490
39,0
26295,0
650,66422
315,0
197,0
78,0
1138,0
102,0
24,1767
477,0
37093,42907
298,36226
4524,4369
1,0
1724,0
93,0
3212,0
1102,0
2,0
1549,0
20429,0
7809,0
86,0
44765,60654
119,0
5,0
1,0
2781,2547
41549,80373
3,0
1,0
3,0
1,0
3,0
76214,95161
4234,0
2,0
1095,0
3,0
45,55442
4778,0
1,0
6832,15945
16657,1704
9224,0
3897,0
86,98418
14,114609
6435,0
66,0
233,0
7,0
17268,16383
188,0
17464,0
506,32787
171,0
1451,0
1,0
21,54520
76,0
40918,40918
245,0
5,0
453,0
7470,25230
132,0
853,0
2,0
40727,45771
24,0
2,0
183,0
4018,0
32416,0
19090,0
1,0
519,28696
3,0
3061,0
6066,0
4027,0
43212,41324
354,354
1210,0
8690,0
16,8112
675,23282
17,0
85,0
14,0
151,0
414,0
16023,16017
58778,52434
11677,0
246,0
795,-2367
21,18
1,0
17,44818
10134,1058
4,0
15800,0
2,0
80,0
3716,3716
2,0
580,0
91485,91280
442,0
32905,98953
299,-3418
48,0
348,0
1881,0
94692,85902
69055,67796
399,399
5215,0
260,0
19548,79542
28,28
2170,2121
1643,0
15779,0
398,10602
1143,17360
6836,6611
2,0
44,0
81,0
14,0
2,-7623
104,0
59857,62423
514,81841
2,0
128,0
9,0
1,100932
4,0
1,0
19,0
19138,19138
42,0
50421,60241
5,0
26,0
18,1198
12332,12657
356,0
1,0
396,0
267,0
85,0
202,0
203,0
5,0
10,0
20007,29544
2,0
35,-3345
209,0
1177,0
3,0
1308,0
76,0
46783,0
581,0
2,0
34623,41426
303,0
26,0
2230,2197
39,0
16817,17300
1,0
11339,24543
22,0
31294,74718
46,121640
25,0
219,0
13,0
12263,0
41,0
3568,28612
827,0
1,-27803
166,0
1,0
28438,0
7,0
43,18155
71937,53272
10644,-16293
312,-45634
1582,0
3493,3452
3233,0
372,0
10,0
4459,0
5,0
35617,0
1,0
4267,7212
17750,0
4,0
505,0
134,0
1789,0
24763,90321
31,0
242,-18274
7365,0
16136,0
9,0
9600,0
7593,41955
36671,53963
9200,0
38320,80971
2,0
1,0
1,0
23,7925
61436,49225
3099,2145
365,0
30,0
54,0
2,0
674,0
47,0
3,0
556,50329
26,-52935
35,0
10448,0
949,0
20101,0
120,86360
136,0
1,0
79,0
1,0
23151,53361
17670,27931
5,0
65965,24014
19,0
16482,0
46006,44518
8816,0
4045,0
27,-2002
1275,1275
3,0
29254,46480
2822,2934
6946,0
3,101353
1058,0
9,0
1,0
551,419
21,61903
66679,63727
53,-362
7,0
354,0
26176,0
91884,80433
4,0
1,0
43,0
158,0
2,0
1022,1479
1,0
101,0
2,0
317,0
553,0
1,0
325,519
4,0
7651,-2420
1167,0
9502,127501
43583,55307
4,100664
121,0
2,0
13668,13633
3510,-599
11369,0
8,0
49480,0
14417,28855
3128,49043
34721,36040
186,0
73720,71948
105,0
72,32382
17938,46464
5752,39969
4832,5867
53,21854
16907,0
452,0
325,17086
27593,21071
16,0
1998,0
1013,1133
1,0
6,0
433,0
78,0
269,0
32,0
561,0
17,0
46,0
121,2255
24821,23101
33,0
29,0
378,0
11,0
3,0
7086,7086
19,0
290,0
1049,0
430,0
3,0
1249,50193
1811,0
69,0
1,0
12,0
56206,71631
54,0
1337,-2991
440,0
13228,0
4,0
2,0
5941,77111
1,13683
64,0
104,0
7,0
608,0
33178,46107
2425,30178
1,0
59485,90561
72270,105512
98,0
93,0
14002,-1990
869,0
79,0
4580,0
814,1115
5410,0
1,0
1,0
36251,0
468,0
23882,23882
1,0
170,32448
1,0
998,0
31525,0
3420,0
27559,0
1,0
5,0
8,0
6357,4752
8,0
4987,0
38,0
2,0
47782,5173
3162,1691
17750,97651
1,0
2100,23890
2506,0
70066,59679
956,0
89,0
36,211
68330,61325
29202,25063
54004,67135
1,0
2,46605
1,1
16389,16389
167,0
269,0
91,0
3830,6636
235,252
19,0
7692,0
38,0
1,66340
38514,0
11,15532
6,0
1,0
62,0
1589,45051
67,0
279,0
11322,0
34,27062
7,107424
15725,0
22262,113804
5,0
1,0
17798,17489
1641,0
15,0
46137,56688
11713,-7618
51032,37054
76744,76116
1,0
6,6146
38788,40016
4675,0
10,10272
42046,0
43,0
114,0
95,0
1,2183
3443,0
973,0
6508,0
3423,0
87,0
40,0
58224,67259
24,53746
245,0
109,35565
12,0
5964,0
11091,0
1,0
752,0
28,0
56,0
21520,21539
14314,0
1,0
16672,0
321,0
2,0
50186,50950
5,0
1,0
3,83780
1334,0
86,0
159,0
4,0
56,0
35563,14521
3,0
3,0
13,0
82,0
27,0
115,0
23,0
27,0
1073,0
27,0
263,0
3554,0
22,0
52,0
37216,38507
3,0
36891,34579
419,0
199,0
798,0
79,0
8,8741
6,0
230,0
12968,12637
398,0
80,0
7,-4154
25,0
28176,0
1,0
17,0
21781,0
16769,20863
1930,0
22822,71
33,0
34334,7385
1,0
105,0
350,0
2560,2562
9,0
7,131
901,0
8,0
21535,0
1176,609
9,0
215,0
232,21472
38052,65976
1839,4818
6978,0
254,204
41530,0
42560,51149
5585,0
634,0
6670,0
1,134546
2,0
1,7702
3808,0
17,18989
9,0
16315,24461
134,0
2677,0
1,0
10611,0
1,0
197,0
1,0
1,0
3073,0
89069,110318
89810,93654
25522,41471
918,0
1849,0
6817,0
82600,42837
11423,-35653
68,0
2,0
908,0
2,0
37,0
4646,0
53624,53640
589,0
30,0
18,12770
73,0
108,0
2367,0
229,0
38397,30736
57,0
49,0
90,0
43924,93350
5,0
2022,0
216,0
108,0
969,20125
3066,3928
8260,7039
46627,77041
47389,26492
21882,48133
69035,56887
2,0
12,0
2,0
5,0
31,0
4,0
976,11002
5227,5227
2,0
57607,51524
2,0
10,0
1984,0
6,0
1463,0
1182,28709
1,0
218,0
1,0
251,52004
11,0
11,0
15521,0
8827,0
3,58651
31507,28087
2092,0
93653,88353
57,50886
449,0
9965,0
1,0
2691,0
44,17954
5,0
3,0
28,28521
250,0
4,0
4985,2639
5849,0
930,9423
25,0
76248,118766
2,0
112,0
10897,-14703
10,0
66263,53340
1,0
6363,5981
120,0
20261,0
49,0
3654,0
17647,30028
76,0
25,0
1,0
100,-3013
207,0
1043,25189
51,0
451,0
3,0
1,100390
376,160815
25,-29806
1,0
238,0
24,0
292,0
30,-596
26,0
4291,0
1141,0
45721,0
20356,62426
2869,0
2826,0
2,7214
119,0
1,0
22,18402
7058,0
47,0
3,0
31,0
1206,42257
28,0
4523,0
1,141
149,0
4113,0
14,0
3,0
10,0
5571,0
13189,-30182
1,0
29838,28772
242,-39108
8,0
156,0
6051,0
12,12
2,0
432,42624
1141,0
2,0
38598,29828
375,0
870,-4265
33,48
34,0
1,32780
738,0
1,0
6384,7722
6959,32645
48117,54677
7,0
2097,0
2496,0
5260,0
22,42597
1,0
727,823
1,0
765,0
63,13506
5,-11
1,0
2505,0
9472,58032
671,0
9,0
507,0
364,364
323,57840
12,0
726,0
2704,0
376,-44391
73,0
7,0
71,0
2,0
67,0
8,0
427,0
4,0
87280,103312
1,0
1,0
2448,2433
11536,13674
316,315
2974,47528
156,0
6,0
310,0
222,0
1,0
2855,0
4703,23162
243,0
34721,0
352,0
5135,3637
11418,0
1,-51
359,0
11,0
336,0
37,0
253,0
3,0
19,0
436,0
30566,113196
43656,64413
6,0
13953,13955
1,0
8,8
5,0
81434,144252
1053,4309
2,0
5817,0
2695,28479
17062,0
1,0
29,0
3754,0
2,58221
1812,103860
13186,79822
1547,0
2787,0
205,283
715,0
1305,0
69,0
294,0
1215,0
4422,4368
317,0
3591,0
5,0
2070,0
9,0
4,0
510,107187
14,9
29,0
1591,0
83303,59369
198,0
500,0
298,0
19,0
91,0
88283,88303
2,0
5,0
154,1050
38238,42741
8949,33264
11,0
13964,0
24,0
1245,40541
15650,0
84,0
34,0
467,0
114,0
342,0
667,0
119,0
144,0
29317,0
39995,32393
2,0
164,0
2502,77079
257,0
1,12685
74,0
115,0
2176,0
37,0
2,-3160
5,0
6,0
4,8869
1478,0
16,-11363
34,0
4,0
11565,98928
3540,61792
177,0
39,0
49,-15247
740,0
24,14647
3,0
41883,0
6120,0
8,0
137,0
29628,66
2,0
1,61487
63,0
227,0
31418,69011
1447,0
191,-2139
59825,64980
18941,0
68,0
9860,0
4,0
63375,59347
402,0
1676,0
8,0
4,0
31562,0
4,0
6,0
85,0
1032,0
4078,0
93,0
577,0
3221,0
22228,46893
57,0
42,0
3,0
1206,37526
8,110345
9,0
126,0
73802,58997
3,0
9858,9858
1945,0
4706,4054
1119,0
18026,15996
7,0
61059,79676
29,29
1798,0
6,0
77,0
1,0
1460,1557
45465,45443
5400,0
19390,0
1,0
14,0
197,0
228,228
28,0
68009,68009
39355,81281
5,0
6508,0
2,0
797,15327
3930,0
5642,0
668,121381
40301,47101
282,0
545,0
371,0
76,86552
224,0
4,0
355,0
31,0
6,0
1690,0
78,0
5166,0
53,0
23,0
12094,0
3934,0
93,0
50,0
6221,0
4,0
65030,79643
64208,84782
182,0
8916,0
14496,0
4942,0
482,0
17186,0
5414,0
930,0
9,0
518,0
1,0
15,0
27449,98187
189,2655
2,0
334,0
14,0
2891,0
312,0
44442,141630
17,0
13484,11561
36284,26895
7,0
413,0
23408,23413
53815,53546
48,5745
5,0
44,0
90696,77907
89,0
61973,82163
439,0
2,0
4159,0
527,0
4531,0
781,0
2063,0
572,-69432
689,0
109,39187
15154,11558
1920,1607
2,0
85,5320
36,0
999,998
27752,32813
2,0
1,0
1347,0
1,0
2089,0
1348,0
24573,16697
1101,47085
7,0
2061,0
31936,0
64,0
108,0
19818,0
571,0
1693,0
24,0
35,0
63,0
53,26019
63320,68554
299,0
2,0
15131,25236
44,0
2505,0
70,0
1,1
385,0
116,0
154,0
842,0
4757,0
17,0
12,0
42147,0
6626,6641
42353,42637
20991,0
125,0
16926,23254
47890,46630
379,75596
37878,61248
6460,0
5,106339
4,0
549,0
15,0
1,0
8233,8247
1,0
56875,46853
11,0
43829,0
695,5925
58106,39548
8900,57491
1882,2081
83415,82288
11,36813
10263,0
2,-2492
5785,5785
7,0
21,0
1345,0
3,0
935,1034
1354,0
25554,43080
57,0
167,-1697
50498,49314
314,53463
1,364
78923,74334
5,-37679
1,0
5,-4564
393,0
12677,-4939
9015,5077
339,0
1410,0
64,0
1481,0
253,0
40,0
1711,603
72535,35475
74445,91280
13,0
25165,0
6,0
1,0
16740,13532
6546,0
2834,32068
170,34971
373,0
1,0
58690,37169
1101,-16269
2,0
81,0
813,0
1,0
3361,0
33149,0
881,0
5943,0
3800,305
216,0
119,0
86,0
1,0
473,0
2,0
11806,0
1438,0
3,0
8778,54610
54667,32213
1866,0
34326,38904
3,0
665,0
4396,47340
190,191
4,0
7,516
194,0
772,0
1310,0
382,69956
21600,0
5,0
76,0
10,0
7815,0
1315,6485
7529,0
120,0
1,0
7,0
11,-1780
5845,31586
119,0
7517,0
1,0
20,0
1596,0
24004,78760
11844,0
70,0
7,9
1,0
59012,57031
7,0
18,0
1,0
14,0
10,0
4197,4197
73,0
17,0
3,0
16508,40297
31171,0
397,0
13908,0
3,0
23468,0
1,-3537
1,40061
40,0
41,0
28144,0
153,0
1752,0
44,0
3,0
58481,58500
131,0
22328,0
424,0
807,0
6518,0
10,0
33,0
20119,0
8,16476
6,0
55135,55709
6392,12656
51,0
427,0
2854,0
1493,0
39784,51483
2,0
35410,0
380,44291
11,0
6,0
3,0
6800,0
15890,0
10826,0
1,0
15965,-42275
2,0
217,0
414,72994
40881,69355
21779,65241
25,4282
7541,7540
18796,0
17225,0
2134,-4701
42,17280
885,0
535,0
1974,2122
1003,0
58717,61232
42565,78124
13,166231
1197,0
9291,0
1441,0
11,0
384,0
440,0
123,0
829,-17227
3090,0
13,68645
3905,0
6238,0
5079,29223
60212,73045
6,0
205,0
5274,38153
3594,0
1428,0
1,0
29348,63622
1,0
5656,-17381
15186,0
8666,8832
10,0
5272,0
22,0
71024,63898
538,0
583,0
5,0
15976,8765
672,0
5,0
11,0
6,0
20232,20232
56367,68188
94118,113262
187,0
15,0
796,0
336,0
3,0
2,33968
42027,0
70,0
84,0
1,0
37436,60588
27895,46656
23,0
31560,36834
45,0
574,0
1,0
9492,0
122,-8344
21,0
8350,39427
3,0
1167,0
3,0
2163,0
401,0
39046,39047
4,53877
6658,54335
55198,0
18,0
26067,0
6377,0
1517,0
406,0
1117,0
147,-1181
9,0
3155,-12816
3138,0
25,0
42,42
26723,30471
27173,27173
1438,1743
2091,18894
23683,73535
50620,50520
8,0
885,0
7,0
66,0
93,0
1535,1548
6,0
34,0
1263,0
139,0
15516,-7677
674,0
4,0
5563,0
1057,0
152,0
7937,55242
1,-711
2,0
1522,0
44,0
4047,0
2,0
9747,9738
2,0
3892,0
82819,55491
112,4485
11,0
4296,0
224,234
1,0
1693,0
77136,72478
50813,50955
4,0
4754,28165
28225,109555
157,-4413
2,0
135,0
7,0
88432,85326
1,0
61,0
3,0
444,0
448,0
3975,0
99,0
2,0
1001,0
478,0
9,0
651,0
206,0
227,0
67,0
22,0
2389,0
1853,0
5674,0
2,0
29409,0
61824,82466
15001,15000
39791,39299
5,0
10948,0
140,0
3203,22849
28119,0
512,0
1,0
6,0
4,0
4577,4498
2,2
90,0
64245,82354
5,27
104,0
2806,0
11674,14859
1255,0
22401,28886
121,32977
109,14960
67,67
138,0
1863,-12015
40,0
728,0
6588,2617
126,0
2373,19256
2,25399
2,16770
1,0
407,-11976
7,0
48,0
4089,0
16,0
3075,0
7,11054
1,0
454,0
1,0
99,0
4507,4784
62,0
74525,47227
34,0
272,0
10,83493
1,0
14,0
13,0
2,0
69,0
205,0
7733,6400
44,0
7540,10805
45,47295
22,74144
7776,0
469,468
267,0
1,0
1522,0
1,0
22073,0
5459,0
10173,0
2541,2280
99,0
2,0
103,0
11464,12081
26751,49655
79,0
66901,74197
3069,0
17,0
54,0
12,0
14,0
7,1164
1173,11644
15795,0
12830,8502
62200,62336
3,0
3218,7653
626,0
52,0
211,0
38,11288
31512,21883
14,14
96738,100559
289,72054
61,0
2,0
29,61226
2,0
621,0
2677,0
394,0
1145,0
4,4
12769,12775
14,0
259,0
1,0
11559,9370
1448,0
250,0
84127,90130
1,0
321,0
37,0
22798,45333
6,0
11863,0
2,0
3765,0
1,0
9,0
28,0
47073,115547
5562,0
327,0
456,0
27653,27014
27331,0
615,39074
1036,0
58828,48910
16,0
1941,0
507,-9542
1791,6580
1,5195
2361,4035
1,75201
2584,0
1270,0
1238,0
5415,-26684
3567,24364
84367,75312
46,0
17509,0
4389,0
1455,0
1268,0
6,0
14,30335
8,0
50,-44144
366,0
165,0
8,95832
2432,0
68,0
22,0
2963,45143
937,0
5,0
11,0
1,0
424,0
2977,22591
52,92151
63375,117225
2085,0
22248,0
245,0
11806,0
75,0
2,3838
77,0
168,0
774,73078
55796,94824
69,0
1868,0
10393,10393
11,0
12,0
58,0
42,0
3945,0
31505,0
3,0
2,0
125,-11824
24,23
20,0
2573,0
87189,88637
1,11095
130,0
288,0
2554,0
112,0
1530,0
189,49
6926,0
69768,68769
5699,0
2409,0
119,0
11192,0
17,0
3,0
97781,123306
1035,0
4359,0
98496,98504
1174,0
28511,0
49,0
44120,53241
18048,8852
1889,40524
10760,0
9450,0
10,0
20585,-235
9,0
528,0
7,19034
3,-16140
86,90593
1,0
59113,58435
58442,69424
30316,32326
281,0
4482,0
6,0
1,0
15,0
212,0
2425,0
34975,0
35249,35865
1041,6722
1,0
2,0
12121,0
543,0
20,0
1,0
2,0
1543,6259
295,28609
1597,0
1,42127
1037,0
16188,14966
11,0
33645,33712
4199,0
6,71673
193,0
26,0
73,0
8,0
5,0
1,0
3415,0
9,0
12,0
119,0
18999,30950
2,0
117,209
4,0
5402,0
30525,0
5,0
9,0
6538,6696
77,0
97312,101109
35237,-2872
1,0
28,0
80,0
112,0
21,0
22430,24691
27067,40643
27686,0
51386,45820
2,2
364,-18340
20,0
7,0
759,0
270,0
75,0
13864,13472
1,0
2,0
35,0
1,0
1038,15953
9,0
479,-22050
1,0
215,0
14,17058
3398,0
1783,1782
1,0
3,0
31,17252
6,0
547,0
12,0
1,16923
9763,15391
4016,22073
4573,0
15224,47590
32,0
45,0
231,231
4260,0
497,0
3,112703
59121,83674
4,0
63,0
6772,6415
63,-6266
3474,0
22,71276
1563,0
21820,0
113,0
2,0
16617,0
44,28215
9570,35575
896,0
4,0
9,0
41828,0
86668,140308
7,0
2,44065
1293,0
34,0
104,0
771,0
2,0
23,0
13,0
1,0
2034,0
3,3
212,0
96430,87878
42663,0
363,13200
2,0
30,0
26334,0
1087,2360
83,0
1,1
398,0
2506,0
10924,0
84088,84641
58756,22760
51,0
47790,165890
10,0
4,0
3,0
552,-7818
4915,4920
42,0
1,61703
26,0
11601,0
61265,60822
5,0
18,0
84,0
1,0
1441,0
6,0
25,0
822,0
17232,-14956
104,0
15,0
255,0
14870,0
33,0
22,0
585,0
5,0
445,0
51592,51483
315,0
123,0
1312,1083
3824,0
48,0
1,0
15065,0
398,0
457,0
4317,-2670
1297,0
22740,28111
8,0
17,0
49,0
2997,2876
33,0
98512,131099
85277,85397
27638,0
234,74994
243,0
57,0
2,0
48624,73537
1813,2186
3739,5898
27,0
8675,0
14,0
5,0
5,0
236,236
50,0
21,0
279,34602
376,75
481,0
1,0
1,0
9566,0
1513,0
5514,0
19030,17645
7,0
458,0
1,0
8,0
170,0
1104,0
65038,48729
594,0
6,0
1612,381
124,0
1,69490
1,0
385,0
7865,0
2666,0
21,-12377
311,0
4587,0
18,-4060
514,0
147,0
54,0
15951,0
82372,93689
17572,0
4,0
6912,-6974
56408,131674
70693,70690
2,0
15437,23681
4414,0
302,0
25667,0
60,64420
973,0
250,0
15992,0
4,0
22,0
794,0
89339,81021
14671,15143
40143,0
16,0
130,0
97751,105487
6110,0
37,0
3285,3136
17,0
32997,0
173,0
21,0
5074,0
5,34771
7,0
10,0
968,0
139,0
5,0
1053,0
8,75429
558,96696
803,0
16,0
398,0
1499,-3092
74,0
2,0
8263,42986
1945,0
584,0
81045,94484
64707,72868
165,0
368,0
39735,0
2901,0
76,0
5,0
1,0
861,1484
12,10772
9396,0
46784,116799
14,0
8,0
3,0
7,0
83,0
14,0
9,0
3183,7402
2,79610
75428,78513
6394,0
15,0
28,0
96757,79598
32748,12770
37,86068
46,0
13,0
39762,0
888,68424
32,56294
214,0
32,15950
17,0
1295,0
17,0
352,12728
7,0
17,0
5,0
1,0
64941,14363
5937,0
1717,0
1,0
27,0
296,0
6,0
1849,0
338,123928
118,1134
18347,0
19406,19133
85787,129919
2573,-20077
14,0
795,0
2998,0
231,0
12502,20994
1373,-2897
36,0
30,0
6,0
828,0
6699,7224
25378,74067
16400,-21033
541,0
3,30665
3894,0
1,306
105,0
50220,57966
61696,25573
9845,0
249,0
1635,0
84042,87818
670,670
12356,0
4,0
725,0
66,64
4,0
173,55879
1101,0
37,0
673,0
52,0
2077,0
11747,53893
3110,0
136,0
340,0
1905,0
1200,1469
561,583
1,0
10,0
108,0
1807,0
1097,13982
367,0
8689,49049
91,0
98,0
38642,0
1,0
26138,0
5626,0
48634,46758
3567,27902
34450,43188
1,0
176,0
4968,8795
46043,0
1,1
3,0
3,0
380,0
14,0
6,0
136,0
33146,0
23,0
77326,86280
83,0
18,0
5,0
44345,85779
788,0
4890,0
3,0
4,0
399,0
1,0
760,-3559
4647,45592
1,10280
2849,0
27,0
2575,50388
924,0
4271,20033
2,0
9026,0
134,0
1,1863
38337,21671
2606,0
400,400
43317,0
2,0
28406,83450
74,0
105,0
1,0
26213,0
2,-162
127,0
262,0
4292,0
3186,0
12687,12571
35,0
72951,72343
5552,0
14796,0
44187,0
2513,3402
34,13533
17,0
1,0
120,0
8,0
531,0
633,103684
3190,2659
10065,0
258,0
323,0
43,0
47,2811
177,0
62,0
1820,49977
1731,47309
12,0
5179,5162
2,0
73415,67502
2897,0
1189,0
782,0
6,6
628,0
80809,90733
7282,23041
69,0
3,0
1,0
908,0
2,0
9,6114
43,0
13,-19332
15971,16682
1323,0
2012,0
13950,12294
16636,16658
47,0
1,0
849,0
39219,94720
3,29118
51,0
10,0
114,0
1903,-8916
24,0
254,0
2,0
11664,0
3422,0
1175,0
1426,0
195,643
11,0
1263,0
658,0
8692,55509
26,0
2230,0
159,0
35574,56880
10,15461
3,0
2,0
3,0
11395,0
1,7227
610,0
37123,37123
13,0
869,0
1113,0
1,85826
1994,13079
1,0
7,0
4483,0
36,0
3637,0
10712,0
359,359
318,0
21,0
250,0
3660,58182
927,0
46,0
67,0
1,0
12,0
1,0
1,0
66,0
3,0
1,0
34700,48235
9,0
2,32997
24,0
16705,12736
18,0
41687,41687
4,0
512,0
2,0
1,0
1018,726
9764,9033
6,0
102,0
14673,0
136,0
711,0
20817,1560
44258,38954
63,0
46860,37922
1242,0
63,0
285,0
139,0
1089,31211
383,0
1750,0
7,0
474,0
10,0
26237,10551
1809,-9949
3,2261
75613,100810
1022,37818
1,0
21772,0
333,20346
862,0
41,-3840
4102,37266
64,15772
3466,3420
91116,79294
472,0
6,-432
874,0
81,7424
788,0
145,0
315,0
7,0
985,0
74052,71154
739,0
3905,0
8506,19018
68,1162
1660,0
61,0
247,0
43,0
466,85897
6224,0
3879,0
3,0
1,44161
135,0
8,0
93,0
3267,0
35,0
29,0
1,0
6,3177
11,3512
1819,0
313,0
29455,64416
99,0
43805,-2770
12,0
848,0
2,0
3024,0
2174,0
1,1
4,0
57,0
26173,26173
10,0
181,0
20031,0
8,0
16728,0
53,0
13648,0
55697,49252
13,0
87,0
3,0
4,0
6,0
5,0
4429,0
5,0
23489,54678
648,0
6483,-28821
38,0
1,53702
15,0
229,0
9,0
140,0
11,0
5077,44184
142,0
1,0
1,0
2,0
30506,36037
1,0
31,0
5,0
10,0
175,0
2,65969
5,0
11988,0
80,0
3266,-1753
13,0
189,0
19,-1351
6778,0
1,0
100,0
42,36748
337,0
9257,0
159,102804
60,0
1,0
12192,0
63777,59527
78993,56484
1198,38369
5671,-4275
820,0
1054,0
54,0
27061,42195
7,0
30,0
9,-591
2,0
18356,18353
89442,91807
246,0
2869,0
6445,-45508
71,0
54077,54240
47045,47163
37,0
1,0
1,0
48827,56277
2059,0
5,-14
29,33378
2,0
343,0
11,-10462
1037,1127
284,0
1,51060
253,88527
8,0
13,451
14647,0
36,0
622,622
6,0
1,0
12070,28366
1,0
4,0
1,-22568
2467,0
7,0
111,0
16926,0
11756,0
1,0
1,0
112,0
2,38899
186,907
55719,112875
65231,112547
2453,0
2,0
86,0
21,0
16,0
44,0
68300,66286
2866,3224
3346,0
1,0
41,0
5996,0
11,0
19588,-20141
100,0
11440,0
4753,45950
31562,73153
306,0
63473,74643
19012,0
24124,0
83445,84760
81569,81895
25659,44222
11,0
2914,0
8,0
464,0
1,0
47873,47126
1,122198
15,0
20,0
3,0
13,0
4,1077
30871,88835
5309,0
153,61329
1,0
125,0
34,0
1390,88492
16059,0
1859,0
884,0
60016,46087
804,0
11,0
2346,0
6,0
60675,59782
87784,41339
2,0
10168,0
2,0
106,0
81,0
1,1
1522,0
5090,7669
3,2462
1314,0
2,-35843
30,0
224,0
54684,51305
3280,0
4,0
1584,0
15398,15406
3,0
1,0
24041,0
86,0
399,0
34,0
3,70254
8,0
1283,0
4856,-32260
937,0
24,0
61,0
4675,83860
1,0
17,39234
6,0
33,43777
4,0
3836,0
215,0
3820,3828
10041,-6246
29,2311
20,0
2584,0
375,0
301,0
5,0
1617,9435
10,0
105,0
693,0
15239,39945
1,60065
30324,13696
2,0
2252,0
14,1582
5498,0
21,0
6,0
61,0
31341,30762
3,36555
14629,0
12,0
45,0
13,0
7,8719
5359,5358
56,48627
1,0
41298,94633
40,0
87,0
11,0
463,0
2,0
15433,0
8997,21941
948,0
1,0
79384,99830
265,0
5,0
3425,0
400,0
2714,0
4,-15352
5,0
254,0
1,0
72,0
104,21010
21,0
35,0
32037,56204
5,736
138,0
120,0
5,0
13,0
63439,-3209
30169,0
18391,18063
97,0
1677,0
213,0
1107,54442
1522,0
442,-326
531,0
93,0
61111,66283
2195,0
3,65436
77,0
66,0
60920,73637
2,25786
3029,-25871
1641,0
2,0
1,0
12,0
24,0
843,0
224,0
1,0
1,0
35,0
49,0
1725,0
72,4672
1069,-494
42,0
1,0
1,0
1443,0
5165,5163
1,0
1,0
1,0
273,0
1060,0
47899,47935
1394,0
118,0
4716,5471
3,0
46073,48487
271,0
9,0
32,0
3955,0
288,0
4,0
40505,32463
1433,0
426,8708
11500,55918
4,35562
109,0
447,0
24,0
5,-2725
30806,75517
1,52409
32,10863
29,67104
1,0
29,0
4595,-2161
7,44108
1,0
1612,43504
669,0
661,0
83,0
25,0
1739,0
4,0
4748,0
33070,50362
3,0
12873,25611
3,0
30,0
1829,0
2,0
6,0
4,10115
103,0
2,0
44916,73853
27267,0
965,40651
308,0
6,39242
116,0
1,0
1087,-5392
2,0
90,-4827
1,0
889,1087
5905,128720
1,0
15,0
1,0
43011,75174
596,0
274,0
33,0
24491,0
1611,0
89,0
331,-1083
83,82
190,0
1,1
577,0
39,0
9,0
3,0
36826,76130
28224,75611
1356,49338
15,0
4,0
1,0
1,0
59,0
71317,107914
16,49650
1,23968
1,0
30,0
13397,4352
340,340
1,0
2,0
1,0
745,0
5,0
1006,-949
1326,0
2,0
8,0
16,0
173,0
2,46298
2,0
3298,288
70,0
151,0
16,414
23927,52806
18,0
4,0
3149,0
2,0
5060,0
2,0
1,0
19801,40586
6,908
384,0
1,16305
15313,0
830,838
2,0
2467,0
24487,0
87,0
39786,48927
297,0
5282,0
1,1
273,0
16,0
8920,10143
98,0
94163,93761
2491,0
57160,92851
58626,47888
1795,0
569,0
10495,0
5791,69004
5,0
1,0
1999,46778
10783,0
50058,117753
46,0
54113,-21177
507,0
24,0
100,52409
2,0
1,2037
51,0
1886,0
58,0
66,0
8,9
21,0
177,0
50866,54860
294,0
13437,0
6767,6094
24138,0
35305,46308
2495,-10726
5374,0
81,0
1,0
33775,76293
315,0
67604,72254
11,0
1,0
102,0
1,1922
1,0
1,0
174,0
485,98336
550,0
6,1121
4082,0
2,0
5,0
5786,0
1,0
28,0
24,0
483,45637
3875,0
47,0
2,0
20632,0
11,0
34,0
13,0
8280,0
30542,33987
11,0
857,0
376,0
197,197
73,0
31698,66674
3,0
7881,0
19,0
10,0
31,0
54,0
4,0
12197,0
36501,-26205
52,0
28,0
2,0
2475,0
2998,0
3,0
1292,0
108,0
2,0
299,10902
5,0
4,0
21044,0
53,0
13402,0
2,0
7958,26166
8,0
4,0
9,0
56570,58188
1,0
2962,55269
32,0
5,0
1,0
73418,72843
5653,0
1,0
79179,91784
5,0
582,48484
389,0
5,0
223,0
39291,16580
10,0
536,0
2,0
5005,0
872,0
4,0
113,0
66008,79047
8,33859
4775,0
14,0
83,0
143,109685
3,0
385,0
4,0
89605,85323
789,0
64523,18480
36,67885
952,664
5849,19560
287,0
1901,0
5,0
22854,71941
40,0
2,0
33,0
842,0
958,0
2391,8418
23878,27076
34110,36531
16489,16771
8,0
3,-24050
83,0
996,0
7103,0
727,0
4488,0
2,0
101,0
6506,23049
496,57033
22,0
44488,92872
115,119571
1,0
649,0
49316,51311
8,0
4,0
23,0
176,0
1,0
82,0
602,616
3815,4673
11263,0
27,0
1111,1069
988,0
3,0
569,0
348,3316
420,0
21,0
26,0
1,7182
603,0
79240,80755
5,92
4892,-16633
21208,31496
1540,0
2,0
29212,69571
941,0
579,0
89,0
2046,1607
24,-13453
1,0
1943,-13013
175,0
3808,0
826,0
53,0
4,0
3716,0
13849,0
26095,27178
63065,79122
15,0
2,0
216,0
20,0
6,0
1,0
5282,0
1204,-23536
2,0
1,0
1,0
62237,62132
1,68570
72,5180
109,0
11427,0
66006,34347
279,0
64002,50174
4,0
71,0
1313,1274
26,0
762,0
144,0
2,0
9143,0
50798,49324
39437,105420
3,0
18,0
4356,0
2,0
8,0
181,13156
5251,0
4,0
7801,0
2557,1039
661,0
10959,13838
7414,36545
460,0
20,0
1,0
3122,0
117,117
30,0
4,0
460,0
7,23672
7,-33
21638,114336
3959,0
500,0
1156,0
8698,12082
28307,0
14136,13423
2,0
9,0
10398,767
3052,-25972
76642,76051
3648,63769
14,35
20495,0
10425,51366
39787,29416
2081,0
1601,1601
5,38171
10923,0
54,50123
34,0
956,0
2,0
1,0
632,0
4613,0
1563,0
173,0
6719,0
48,0
48130,66323
1,0
20130,0
43,0
1618,46120
15650,-11300
60378,60501
14,0
55187,65867
727,0
42,-1652
1,17705
1,0
600,167
561,0
4879,6038
15231,35664
1120,0
75,0
204,178
28759,0
1,0
68,0
223,0
66,0
52277,53003
405,0
6827,0
25,0
2,0
126,0
5060,-8263
1,0
36,0
1,0
1514,0
69,64311
267,27080
4,0
1,191
3447,0
64,0
9,0
8,0
1,0
32,-4283
394,338
267,0
128,69561
12960,-12539
30286,39506
1,0
1,0
18,0
167,4933
33772,0
1978,0
51,0
65422,82823
3096,0
22,0
5,0
56326,67325
18010,17910
3,0
838,0
68115,85680
3826,0
377,0
37054,37050
40,1956
32,0
174,0
29,103
5917,5916
254,13453
9295,10443
5,0
174,0
1,0
75,0
1,0
30,41259
194,0
6,0
91,0
2186,0
4697,0
21313,61694
3,0
76542,85875
1,0
408,0
117,0
6576,-10543
390,-731
113,0
48,0
1,0
86,0
47,0
10285,0
70891,55415
344,1744
183,0
531,0
451,0
4427,0
313,0
65764,92780
2,0
244,0
29046,121083
31840,17013
23,0
14,17455
16520,0
163,26934
1780,0
3567,3564
38351,8940
8,0
17953,0
80,0
48410,14862
29,673
7836,7778
1,0
447,0
9,0
1,0
109,0
2,0
1,0
2453,0
725,0
1,2120
8735,0
1,143
1069,0
20085,0
49370,152946
8,0
32409,37070
1,75560
176,0
3,0
1283,0
3,17268
258,0
2359,0
69136,35427
2685,0
41,0
224,0
3,0
57289,56601
498,0
711,0
4,0
6781,0
303,37761
6,0
21,0
29160,29163
1868,0
79,0
14322,19084
7,0
3214,0
7,0
1,0
154,0
1,0
17758,0
77682,75490
96539,131509
55397,48575
62,-7097
154,0
6,0
3,0
29688,69118
1,28021
361,0
2,52495
4066,0
4237,0
508,0
425,0
1266,0
241,3959
7,125658
16908,0
15767,0
37,0
4980,0
40952,103695
1,0
39,0
1,0
18,0
99,0
88,0
22,0
1248,0
252,0
1613,0
232,0
288,0
3,0
1,38153
5,0
3,0
56496,59768
1110,0
1021,0
3,0
5701,0
8939,0
45946,74197
1856,79021
16,0
1717,0
1,0
2782,0
15392,0
910,910
6,0
268,0
9,0
1,0
49844,-2542
1,0
69,0
33890,0
3471,0
190,6922
4507,0
28957,43516
726,47862
1,0
10,0
1,0
71,0
1224,0
30,0
1,0
29929,61003
8,46818
3647,0
870,0
4,0
7,73415
85,0
68,0
1,0
5757,0
34,0
776,0
8105,17042
27713,44119
153,0
86456,92717
18,-15063
1,0
1,0
3,0
3755,0
1,0
31987,9216
3,0
71,54460
19690,3664
7,0
18225,29171
101,0
9,0
14,0
116,0
52,49257
5771,0
3041,52649
74347,89592
7345,0
1006,0
32821,33018
4009,6399
1044,0
1,6189
29164,93705
60289,84906
3,0
3,0
2,0
2620,0
927,0
12,973
5358,4099
28,0
590,0
6,0
40,0
17953,-3547
25,0
680,0
7,0
20,0
1,21
466,0
66804,62818
7275,106324
238,0
29596,0
8,0
1,0
5,168
205,0
7,0
1836,49902
4,0
29,36600
275,0
3694,0
3,0
53056,31024
97071,78750
12,13307
5511,0
264,0
11,0
5,0
167,0
48578,47994
19748,36577
5,0
81,0
16940,0
1674,0
6,0
82,0
900,0
3970,0
1,0
1,0
2,39281
142,0
10,0
39235,44893
1,0
288,-21502
3,0
1,0
2,0
4,0
11,0
2114,45189
1079,219
3141,40379
47,0
701,701
55847,59161
372,0
215,0
24,0
7823,0
24,0
490,0
1,0
1,1
971,1111
30,0
12270,0
1,0
13,13282
483,1316
732,0
123,0
2428,-18218
1,0
209,0
5202,5202
31,0
2166,0
91746,73855
2,0
3,0
57,0
7544,0
973,1019
239,1428
7527,7388
3,0
20,0
865,6733
148,0
1,0
10,0
5315,0
11,-5
9225,34908
29034,28573
7,0
23871,27167
147,21776
5,0
21,0
1,0
13101,0
749,-7601
1557,0
10,0
44456,77207
2203,2755
22437,0
13473,0
1002,0
17156,38894
234,0
5,0
1647,0
42526,41624
6494,-14313
87,0
386,40589
12894,0
6,0
344,-6081
71,72949
8470,0
199,0
40,0
2310,0
125,0
9,0
721,11226
418,11705
131,0
8,0
9638,0
11861,0
2,0
438,0
6,0
62477,46564
14,0
16930,0
137,137
89,0
6418,0
14728,41021
8,0
4425,0
549,1374
663,1982
21693,0
2,0
8081,13301
35,0
1141,0
95441,75554
5994,0
1307,0
1,0
2,2
22,0
418,0
200,0
143,0
17,0
18,0
4,0
1166,-1680
2431,2129
46,0
571,92868
55,0
645,0
138,0
16,0
76161,52135
4074,0
2,13
1103,9465
57510,33613
14,-2707
896,0
2,0
18829,0
40,0
161,0
5171,55861
2,94596
724,0
10098,9891
1,0
124,0
283,0
1,33229
1591,0
3321,0
48,358
96460,91550
3,0
199,182
1925,0
680,-1135
1,0
7,0
1,0
223,0
389,0
33,0
1,-25437
1499,100367
13,0
1552,0
1,0
1,-45
14930,0
2462,2722
100,0
1062,0
2,0
10825,0
350,0
1,0
1,0
24075,0
23,0
3,0
19253,15554
241,0
8704,7167
469,0
899,0
4223,0
75633,112389
3,0
17,54633
2079,4025
492,66960
35049,36867
16227,0
17906,0
41433,23879
89,0
1,0
48314,14242
431,347
72,0
104,0
105,0
10,54430
64611,68393
19,0
4478,0
27075,90261
26,0
56868,55922
949,0
422,0
4,0
29105,0
25131,76736
1160,0
1,0
376,0
267,0
1,0
311,17611
2052,0
21385,0
9004,0
4,-19741
3,0
284,0
6544,0
11,0
26127,29777
2,0
1,0
2,0
31,0
32327,14010
2482,96988
103,0
13,0
13472,0
14,0
20084,0
15598,9127
1604,0
5,39500
1767,0
3,0
65,0
1,0
64568,35770
9,0
25594,32203
23534,112720
356,0
28993,0
1,0
3488,0
488,113974
1169,0
1,-37769
12915,0
6600,0
68433,54374
1361,0
101,0
14393,0
792,34005
127,38335
13537,0
90034,138022
6,0
6,0
6785,0
2794,0
11,0
5,67015
1997,0
1,0
2195,0
3,0
1,0
4316,0
236,262
10134,0
1,4612
1,0
9,0
189,0
6,0
23,11399
5,0
3,126145
8780,0
5,0
1,0
213,9616
29348,0
6,0
9,0
38,0
1,0
2182,0
481,0
1,12991
6377,0
1,74670
2,0
5,0
19,0
3494,0
39,-2
2726,2728
22256,92183
229,0
1,0
2,0
16,0
4,0
1055,0
99,0
857,0
2,0
11,8970
335,0
9716,2515
1,0
72,15479
711,0
2679,0
5005,50767
16,0
174,0
8089,8179
32,0
1,0
38,0
5,0
176,0
1,0
94428,110336
27062,52322
1,0
6,0
185,0
58250,23341
191,58507
13,0
21,0
3,0
34859,-1316
8,0
4346,2413
610,58754
8947,16968
4434,0
53353,38486
111,0
1,0
8,59777
3200,3200
1061,0
298,0
177,0
375,-6106
124,-46
22334,0
33698,0
386,0
100,0
2564,41509
33338,37841
8916,33248
2,0
1118,0
367,0
430,0
41452,40897
5971,0
576,0
29,15779
8726,517
2,59513
128,0
7685,98624
369,0
365,0
28569,0
90416,91397
731,0
2,0
33786,34360
4,0
13,0
28,0
50,0
51,0
634,934
1513,0
1,0
1,0
566,556
3325,19014
21384,21274
122,0
1,0
85,0
1023,-75
54557,41595
14,63531
6,0
1,0
1861,18612
140,33425
27047,30701
36675,0
315,0
1,0
2297,0
1,0
33841,0
78175,77701
37270,64283
52737,58988
23,30
7589,7628
5324,0
391,1947
8556,0
13,0
4,0
67829,102852
15,0
3996,0
221,0
5045,0
1,0
9,0
1,0
7350,-38261
2,0
35705,58429
52366,53221
3708,0
71,0
2,0
10,0
2514,0
47,0
76,0
15846,0
22,0
27604,28675
1491,-35110
2,97909
2,0
1520,0
6305,0
511,0
1607,89300
11,0
21827,10152
11955,0
2439,107140
2,0
9,7929
4697,0
46562,60047
63338,64967
3,0
13975,0
20,0
1,0
31254,106518
23434,17357
94779,125228
1,0
6,0
418,1962
7,0
418,-2520
1,0
5,0
63,0
79,-28605
18473,0
1,0
1032,0
905,0
66,40042
2,0
23,0
1727,0
37,0
374,0
11,0
2,0
12,0
1094,0
5,0
40,0
22,0
3970,0
9,9
544,0
444,0
10,52961
88323,104599
6364,0
3,0
1,0
151,0
8,223
41,0
2,0
5,0
2643,0
106,0
17,0
10,0
3,129
3,0
29,0
537,62861
1,0
336,0
1161,20487
3417,0
47,0
1182,60678
31735,81843
6954,31880
516,0
50,0
17765,0
11,-3838
30,0
52500,51531
11618,0
17859,0
1057,0
2,0
16210,28728
194,33958
30,0
1233,0
2,12092
24,0
10,0
40,-132
421,0
1579,14336
69727,11901
60,14041
1,0
9,0
75807,74886
4,0
5,0
1,0
38214,0
287,0
1058,0
3,0
8,0
18,0
29305,121972
16868,0
229,0
20141,27645
17385,13779
5035,2745
914,0
97,0
975,0
1,0
16,0
14865,12058
10,0
74,0
122,0
27,0
202,0
1,0
2,0
11,0
9974,0
5,0
37,0
1143,72720
14,0
4,0
5390,6245
7172,7560
46734,46756
2,-2025
148,0
3010,22191
13,0
1,0
4206,0
9,0
10417,-10650
47,0
232,0
8367,0
1,0
404,0
6113,6210
60409,60970
55351,15486
3,0
40684,57815
7435,-2772
747,4347
785,0
1,0
910,0
1,0
73026,34351
181,0
3385,0
253,0
20033,0
800,0
2407,0
93406,93028
12747,3898
207,0
265,-1239
845,100971
524,0
631,0
6,0
1749,0
7,7164
262,42902
2,0
281,0
19,19
7,0
14,0
80,9164
62,0
2064,0
3,0
10,0
72501,77427
5,0
33,0
1,0
16224,0
1568,0
18,0
509,0
1,0
3625,0
52002,34249
5909,0
9643,0
8957,-15029
8,27579
1,0
13,0
40,0
59,0
454,0
3677,-18050
2,0
56,15643
2,0
33428,0
2,0
5726,0
6274,0
7,0
24,0
2,0
5,0
162,0
136,0
1,0
1327,0
3,347
103,0
5210,0
33425,31841
20,0
1220,0
1407,0
206,0
505,0
41,0
2914,2914
210,0
85928,96533
7,0
3,0
1,0
20,0
611,0
271,75937
17052,0
9595,0
11,0
4,0
5008,0
27380,28766
289,0
39,0
2919,0
887,59336
5358,-41168
20,0
40,0
6953,0
573,0
31529,-595
12609,0
770,4174
177,0
13,0
2,0
170,0
27329,28312
333,0
463,0
62,62
15,10437
7301,0
1,-23567
4,0
1,-35208
27882,0
26534,35730
50029,13832
4,0
13830,0
31104,62101
13,11
1,0
1,0
6760,0
18,0
48217,46197
23191,6478
9418,0
1,-46
41,0
3023,1211
84,87382
22,-3248
27,0
113,0
11014,0
26,0
90,0
56,0
35109,33877
3361,15109
936,0
45,-519
1005,0
3957,0
38,11
421,-3824
335,0
19219,23040
77,0
80,4678
920,0
4145,-5571
1,0
532,0
740,55021
145,0
193,0
9631,11761
352,0
1,0
3532,0
234,0
1,0
506,55682
49,0
2584,0
14234,-1397
1321,0
1,0
567,0
312,89
7516,0
39391,63712
5,0
1421,0
1296,6038
68,0
1,1
46658,0
64,0
39,0
49007,47046
1439,0
51349,43376
2,0
2031,0
22,14938
5137,0
15201,14965
43,0
13601,0
934,0
16043,47080
29794,0
95159,104049
2,0
30,1184
1,0
46,0
1458,27025
2958,-454
25373,0
7592,0
13607,0
25550,0
12244,0
10522,0
10954,0
37451,86355
57113,51155
1,0
113,0
20641,90471
3,0
1703,0
7207,8400
16282,12974
2,0
154,0
2398,2398
65,0
2,0
8688,0
3341,0
4171,0
33453,33338
46848,81188
1,0
5,0
356,0
25,316
34,0
2102,-3019
18,0
2174,0
153,0
4,33745
10574,0
1,0
15,0
19299,0
203,0
13718,0
26615,61447
20,0
68,0
4524,0
2932,0
10,51442
7,0
14,0
10,0
724,0
1902,0
13,48778
1067,0
2,0
1,0
2,0
76377,76380
26135,26570
7958,13011
1126,0
59,0
1303,1610
3485,3497
5376,124775
645,645
141,0
6,0
1117,0
1,35004
1,0
6,0
12427,0
32300,0
11,0
32644,33098
94,94
35,0
4,0
9,0
7556,0
73659,42541
15,0
1,0
4742,21022
1,0
1,101662
1,0
52,0
2,17
3241,0
1,0
58,0
1,0
17979,23043
130,0
11,0
573,0
1257,1293
4,0
12,0
1,0
664,0
9,33971
7,0
71,55928
15307,0
39,0
53,0
5,-1
1358,0
5285,0
10328,10328
1636,0
1,0
1529,0
2,0
528,18244
73501,93488
4864,0
449,0
69,0
11904,0
393,3225
27,0
56083,68476
9959,0
5125,0
1,0
8701,8700
1599,0
16401,0
2758,-6537
1,0
76973,76971
4801,0
62,151
1,0
20488,20536
38,0
4,110
2082,0
2164,0
6,0
117,119
61327,55029
14,0
3524,0
1,0
7,0
32,0
2170,0
779,0
25839,33951
878,0
16801,0
7,21372
1,0
33531,0
12,0
711,0
2,0
22,43096
607,0
314,0
8281,0
1,0
9799,0
2125,0
12,0
14,0
1,0
2579,0
1098,0
674,0
21554,25136
3205,0
1140,1140
2,0
43,0
2201,0
2,0
2226,-329
15279,61528
153,0
73686,63961
12,0
10673,0
67,0
3,0
363,5147
37,0
3,0
954,0
5287,0
1,0
54,0
2,68620
1866,0
1418,0
32000,0
146,25578
1,0
10495,0
47899,98908
13,0
84111,54436
70996,70535
22,0
4072,4110
3,0
651,0
50444,46196
433,0
548,0
252,0
75,0
141,0
2,-16897
426,0
394,0
10,0
82,44173
464,0
3392,31559
37368,71199
51955,81312
1,42805
20764,58043
279,0
223,0
900,0
61120,64248
133,0
136,0
8,0
1,0
21208,0
31898,48879
7,0
87606,86659
17,0
278,0
1656,-2394
87413,60705
55771,54729
73,0
627,0
1,0
12,0
1801,0
38426,80143
89578,88522
2,0
2,-9493
1782,1785
1,-2072
201,0
2,0
1,0
25,0
31125,31125
2,0
7730,32925
10,0
327,0
1065,0
214,0
2,44086
36,0
148,0
355,0
442,0
33160,0
487,45836
13,0
3624,1340
4926,0
531,0
6083,56904
287,0
46,0
1,0
988,0
15467,0
581,0
1004,138856
13970,13970
37,36
7628,7854
5,0
477,476
6855,0
24885,30983
27479,20019
2,73705
5,0
3599,0
91,0
150,15901
29,0
34227,50616
197,0
2695,2807
7996,0
3,0
49,0
1,0
505,507
15239,0
49179,44260
20,0
37816,0
29,0
251,0
52705,45840
20078,26940
194,73855
49976,58360
1764,0
32564,28943
7625,0
3,1275
23,0
4,0
30938,70140
5183,0
1778,0
1,0
173,0
2,0
1,0
30,0
2,128556
116,0
838,0
23598,42006
32,0
12357,0
3051,0
7,0
372,0
16,0
241,0
15510,50091
23195,24323
1261,0
135,0
56,35580
52138,40051
8,59673
2505,31974
7202,0
5147,5916
461,0
386,0
5896,0
5,0
351,0
25846,7991
55,0
2743,0
1,149730
2,0
5587,5587
48846,57517
66944,57796
10693,0
24579,78065
29917,47633
1,0
349,0
1572,0
9,0
148,0
49,0
275,-13367
1350,0
151,0
19,66745
14,0
22,0
18,0
1,-46818
12,54948
61,0
8,0
592,0
431,0
30136,0
14220,60066
2807,0
9196,8763
47811,70574
31,31
244,0
166,36298
5,0
4322,4039
31753,32722
34648,0
11796,0
548,0
186,0
23345,25472
2255,0
1,0
440,0
20,0
5,0
1,0
2,0
3124,0
11,0
1054,0
1,0
86,0
96720,97643
13283,0
51,0
3494,47404
63,0
14,0
81562,81562
1,0
45,0
3796,0
3289,23262
29499,40888
60753,84749
29606,0
29,0
31236,0
476,0
54,0
117,-22216
3937,0
9622,9622
6,0
547,0
38,0
1785,0
17,0
46,0
21531,0
3256,0
89845,95155
487,-3838
25,0
12,91698
2,0
172,0
40,0
47,0
5,0
306,23470
475,0
672,0
89,0
293,0
59393,84369
27,0
1490,0
32,30
18,0
2707,3478
8,79345
4,0
19788,0
5,0
36,47071
893,0
9755,0
14,0
1,0
1,0
2,0
30297,0
2,0
36,0
50,0
4,0
72,0
1352,0
21424,0
97,36510
72411,79985
371,0
52,0
17503,0
24561,70714
3,-69
61,0
1897,0
921,43273
1,0
1,0
53025,50787
1,-3292
4,-7411
233,25878
13686,14027
2459,0
3,0
33765,56509
178,0
1760,0
2,0
35,50141
3,60650
82,0
1569,0
177,177
1,0
3,15939
7612,0
37525,34462
1,0
150,0
18359,-5252
3738,27375
2116,24461
7039,0
1,0
21,0
6,0
8,0
3,0
1480,0
94838,86721
1,0
4,12195
11708,0
47621,53412
15578,0
363,0
178,0
14,13
4003,18874
67,0
5499,1118
24618,7320
6,8835
11,0
120,0
9,0
1852,0
25,0
322,-2683
12101,0
2,0
1,0
199,71973
8,0
119,0
11005,0
1,0
2175,0
13682,14193
3058,14500
12,-703
342,0
112,0
37,0
2,0
12,0
13401,39207
373,68601
9,0
912,0
24,75693
1461,18168
15,0
1,0
2,0
15183,0
202,0
350,0
531,0
1,0
335,0
32845,31842
898,0
12230,11705
25230,87429
1,0
1988,0
831,-1649
224,0
1,-5640
187,0
8193,53992
105,100927
1,0
3,0
9,0
124,0
15814,15812
4,0
6,0
66,0
3,0
2,0
35279,33659
283,0
144,0
3945,-215
89,0
2,0
787,-9891
31,0
311,0
2,0
5829,0
5,0
37,0
38148,49291
912,0
148,0
1,0
588,0
9,0
1,74834
6,3181
3,0
293,0
8,0
12,0
40079,40079
20790,21070
69,0
1275,0
50,0
52,0
2009,0
67,0
11544,11543
2544,955
24,0
98,0
21,0
12,0
197,0
28433,18711
2593,2557
60007,64640
2000,2000
1808,8340
14322,16584
8394,0
24,0
13576,0
60,0
2,0
977,0
4,-23635
2,0
25718,50389
7232,-2350
96745,97665
10,0
187,0
223,0
11,0
6,0
2404,0
4,0
4433,4434
2,0
7619,9587
321,0
8,0
21,0
1,0
4965,0
26,11483
4604,0
3,0
240,67496
5,0
14642,0
431,0
82,0
3,0
494,0
507,520
12,33938
13,0
5313,40737
277,0
23,0
44886,0
35179,66768
25,32833
5,5
11411,7938
5598,0
10,0
2486,32763
1,0
9561,9513
45113,94743
623,30480
1,0
15,0
2,0
361,0
40,0
42,0
21,0
88,0
50928,83291
60,0
890,0
4,0
2419,0
1,0
47,0
2309,0
1266,0
113,0
26521,0
83426,88198
587,0
189,0
716,0
24,0
84334,88537
15991,97917
43511,46443
472,0
267,0
132,0
222,0
48,0
32456,47431
69090,72190
44,0
18271,18016
176,0
1,-2297
29830,0
31464,28085
144,0
2,0
44,0
418,-10377
22,0
4,0
219,0
5022,0
67,95
420,0
1,9666
534,-33505
36049,0
54076,65462
1,0
557,0
2051,-13132
6587,0
428,0
250,13864
97,-7973
4390,0
33109,63145
216,0
27156,27156
10,0
11,0
3501,0
2907,0
256,0
7,0
901,0
380,0
84291,82289
326,0
187,0
2,0
1,0
1,0
12486,0
41,0
5,0
4,0
63548,77527
67,28109
41541,0
132,0
60019,31158
65059,63021
7878,0
5,0
2671,4091
185,54530
67,0
182,372
3277,26228
5,0
20506,21046
1539,0
1,0
33177,33064
6245,0
1,0
26321,26321
32,0
122,0
1,0
42767,44393
93,0
319,34588
130,0
1198,0
6111,0
3426,0
3,0
11,0
625,6804
52100,49401
2,0
65371,66340
7900,-15806
19,0
5381,0
36902,36902
29,0
276,0
3,0
3,0
260,0
9938,0
20,0
12,0
62,0
50795,52500
37634,61413
658,0
3,0
15,0
1116,0
55078,76468
29535,45182
310,0
361,-42631
114,0
34,0
418,0
43701,76205
5386,0
11,0
9,0
3,-46168
10,0
6392,-20132
2355,69637
15,0
978,0
1,-29270
3,75205
515,0
11592,18153
25,0
24836,0
92,0
938,0
9,77698
6,0
11,0
12031,0
9102,0
519,0
2,0
23,0
26,-1208
3,-8118
1,0
14,0
5270,0
26,0
610,0
6871,0
631,0
51,0
28806,39645
16,0
1897,0
1,13125
183,0
2651,0
1891,0
22,0
567,39956
1,0
2907,0
9623,13134
1235,0
1,0
2,0
38521,0
7,0
3,0
22,0
2,-9437
59174,46553
2127,69304
2,0
12545,0
39001,77671
1097,0
1064,0
1,-639
18560,-399
2469,68511
431,0
7496,0
10,0
49198,39035
86218,90902
3,0
49460,93068
5,80624
3413,1723
406,0
4,59825
237,0
91605,102907
2,0
807,-5042
272,0
265,0
1,173
4,0
13680,30379
2,0
112,54960
177,0
174,0
86,0
8,0
4,0
15121,0
3,0
16689,103919
1,0
1796,0
116,40987
22950,0
140,140
38786,38541
524,14013
2510,0
1,0
58100,93194
77884,77663
1,0
89,0
5353,0
57097,46129
140,-1519
2322,0
1,0
9,0
80,0
2,0
572,0
13838,0
1,0
660,0
2,0
24,0
5931,18955
321,0
6366,9819
82742,82254
2,0
1,0
20450,20446
163,0
199,0
1,0
2,0
1491,0
2079,-7734
51994,86363
10555,0
1,0
7,28824
17565,0
1,0
1,-5445
3312,0
304,2646
61260,69103
327,0
4,0
972,0
3448,3343
4029,0
245,148
12980,0
86,0
20,0
36,-37049
917,0
8836,10698
4,0
12,2053
70219,77763
23812,0
87340,127081
437,97252
18,0
161,36355
69,0
582,0
41,0
420,0
155,0
22,0
424,0
1057,7649
4,0
263,0
2,0
717,0
11,0
524,0
11,0
13062,21376
189,25456
28,5127
3,0
66662,71284
1532,0
1330,0
11475,0
23,84711
1,86774
3,0
1350,8761
6227,8683
10,0
73767,73709
2,0
162,0
101,0
1,0
498,4309
56297,54972
8577,0
1,38901
13,0
103,76664
57756,76016
7,0
11,0
7425,0
12,12
1,0
454,0
837,5934
1,0
3,-4313
71,0
1763,0
86,0
28,0
10521,8065
5196,0
5069,0
1,0
185,0
26,0
1632,0
6804,0
57,57
6,0
92,0
1059,-31067
4,0
6,0
1,0
19,0
1,34
82,0
1,0
2777,0
1,0
125,0
67,0
1,0
1,0
1,61897
728,0
1,-7086
5587,0
2,0
585,0
91,0
1,0
2,0
10,0
9579,0
6,0
4748,0
702,0
47685,47318
6291,0
5,0
12171,0
1,36819
46,0
1130,1130
18030,0
44,0
795,0
3228,-20266
2,0
86743,92510
794,0
3100,3100
24,0
47,0
43,0
3280,12285
94183,94183
105,-4467
3606,0
1012,0
1,10891
16,0
1005,0
1,0
564,0
1,0
57479,115243
6,0
2,0
18,0
11630,0
3,0
44137,29875
13596,0
1025,0
36,0
1906,0
95,0
6,0
9,0
114,0
1,0
98269,87183
675,0
11514,0
34,0
8562,0
21281,0
124,0
190,0
5041,0
4,0
7,0
3,59198
4,0
418,0
106,0
45,0
1,0
9273,8587
76,0
72,0
1038,0
11006,36040
4,0
171,0
7024,0
176,0
4621,-21052
1,0
1,0
555,0
11,0
218,0
5,0
70345,63226
17,0
1,0
5,0
9,0
13,0
1,0
4979,0
918,0
357,18912
1735,0
35209,36350
7099,0
1950,-8005
1,0
33704,0
24,0
48,0
59,0
12166,11747
1,0
94,0
5,0
90,0
38,74924
484,0
27,0
3,0
102,0
110,0
5,0
35324,120525
3412,0
69966,77192
6,0
14,0
71,0
5,0
12071,11697
408,0
28,0
1453,0
1,0
17,0
241,0
485,0
98946,104131
9031,50824
1886,0
2,0
4103,0
7,0
17922,0
1789,0
3,0
422,0
2,0
924,0
12887,4081
1925,-42
46717,-6182
58645,73732
27,0
5,0
39,33597
4911,6977
6,0
10146,0
197,0
9732,0
267,0
3,0
394,40856
14562,33721
241,-2277
61,298
83,0
28985,22688
37472,47193
7822,7688
489,0
302,0
137,0
28,0
2692,0
77904,82284
1,0
1,0
12393,41723
1319,0
4,60467
7670,19846
41,0
4,0
874,0
48,0
30,0
13596,-12291
43982,80255
4915,-4112
47,0
5,43991
26,6863
19383,0
761,0
911,0
1661,1661
1,0
4,0
5212,562
3,0
6,0
2467,0
1,0
2,0
87,0
240,0
97843,132744
173,0
50,0
2492,37523
3,0
81876,124322
14920,14679
1282,0
3480,0
6238,-9987
63,0
9,0
3,0
1,-9948
609,0
65903,67803
4,0
94,27481
50,0
7,0
707,0
3693,0
2,0
26,0
1,0
25735,0
1,0
259,0
66371,59736
2,0
25,34067
1,0
6,0
20102,33072
30,0
44,0
489,0
1,0
9,0
7,7
173,0
8,0
21870,0
14601,0
15,0
7388,0
1,0
2542,0
469,0
10,0
324,0
989,0
4406,0
7,7
33963,47396
15,0
59,0
1,31795
1556,0
12,0
34433,74260
32,-9613
1931,11636
1119,7651
142,37138
39,-1868
1,0
14,0
3797,0
8,95018
76,0
2,0
6,0
4,0
3814,3816
47,0
16887,75337
11,0
1,0
12,0
17344,54243
53,0
55185,42400
3824,0
540,0
2488,4826
20,20
76427,61549
59188,67206
1,0
75070,79050
255,80497
71,103938
73590,73586
19,0
3,0
440,0
11,0
58,82868
37597,41008
4466,12072
5969,0
66953,88125
34,0
12884,0
84,0
92,91537
587,0
194,0
408,0
88,0
3,0
1,0
72,115014
68,0
368,367
59,0
50508,55796
1,0
5718,0
1,49852
1,0
24,109377
1863,0
10,0
29642,59681
3048,0
8,8
21684,84445
714,87737
10640,0
864,0
19729,18058
3,0
273,0
2,0
78,0
913,0
29679,0
4,0
15,0
3456,0
221,0
82,0
1299,0
14549,0
236,0
99161,47237
607,0
5276,0
5115,4531
870,0
5,0
1008,0
19340,106999
2063,0
142,0
20,0
2,0
43466,8768
2747,0
6,0
2709,0
27160,0
3832,0
10194,11539
15,-29945
22887,0
26342,0
23,0
3,0
6416,74560
1,0
32191,0
211,0
32,0
549,0
28929,28882
1,0
71,0
70,0
3074,0
1353,51057
2,0
13963,0
7,0
92,0
11,0
14,0
13209,0
1148,0
2,0
279,0
68282,73006
132,0
1,26750
1,105197
814,0
2127,0
12745,7923
556,0
1032,0
2,0
15,0
1124,0
79729,84027
511,0
16,0
3,0
344,0
2,0
491,30698
14,0
2587,2587
346,0
89361,80824
464,0
659,0
1,0
313,0
62,-19810
1,81281
938,0
1,0
2040,-2033
1,0
13,1632
1,1
137,0
87,0
25,0
67460,67459
8,0
6,0
12787,0
6828,7244
817,0
52,0
205,0
17514,63083
1342,7372
3,0
2,0
3986,0
3517,0
1,0
15504,0
10773,55327
111,0
147,-17159
294,0
109,0
419,0
4,46707
115,0
416,0
1,0
1,0
714,2986
932,0
3463,0
205,18
11975,11975
3081,0
8,0
3,4
36,0
1,0
20232,58650
5073,0
61,0
5,0
2,0
6,0
23353,89696
11,-9380
32573,0
23529,26183
32,25
873,0
4,0
120,98403
1264,0
93114,92606
29638,56380
22781,0
90,-23949
1,0
5508,0
17,0
6204,48177
433,0
7305,0
22029,8186
3,0
4,0
26,0
75,0
287,0
632,0
3630,10685
6956,0
53250,144236
2182,0
1,0
33,0
34,0
38,0
16,55240
6,0
1279,1279
3,0
3329,31280
81761,81711
120,0
16,0
16231,0
12860,12858
10394,12710
34,0
3455,0
18,76505
23,1389
659,0
81757,110957
14202,0
68,0
8,0
1,0
3570,0
42730,53493
245,0
46,0
5038,-5260
24058,0
63,0
225,0
57933,34015
38818,22846
504,0
378,37373
1,17221
6895,0
537,0
1348,2911
1326,0
12995,0
8934,7513
103,39715
17516,-15097
23,55325
203,151
719,104200
5,0
18288,-292
113,-17162
172,0
45,0
2669,0
9,0
48333,94019
2,0
17,52398
457,0
13,0
3,0
5705,0
66084,102344
2,0
1,167
7194,0
28016,0
33130,43336
12,0
9054,9260
1440,1439
261,0
4229,0
48873,1776
35,17675
1,0
765,0
7919,0
7,0
89,0
118,118
34032,34119
5,0
27547,27549
119,0
36558,28934
3,0
12,0
2298,0
1042,0
91,0
7847,65064
8,0
22,36974
258,0
23251,49102
19664,28605
2629,6570
54,0
1,0
81,0
614,0
35,36
52,0
7,0
43231,42941
4065,0
93,0
43,65370
9,9
35,35
29,0
1,0
3,0
11428,14193
9,41545
583,0
1,0
1597,-39167
3,0
1449,0
1291,0
8,0
1111,0
56,0
18353,18603
17,0
106,0
106,-27618
149,0
3,0
29093,35911
82,0
3,0
1,0
19196,0
548,0
10559,8182
2169,0
276,0
5,0
3003,0
28140,0
149,0
16,0
2,0
3218,0
2,0
196,13695
17,0
22,0
8197,17244
1,0
10,0
94,0
6257,-1474
43,0
3137,0
93582,138921
39,-3353
1400,21749
22,0
87300,79577
29098,41843
2,0
122,0
35784,61961
47346,65755
3,0
59535,41492
1573,0
5525,0
62,-1161
3,3
57898,40583
48244,0
4587,0
5443,12149
38,77446
18,0
3,0
6,4624
54163,56885
4,0
4,0
38,0
17671,0
4,0
3065,0
10,0
253,3781
17475,0
11284,11285
31,0
19738,52061
23472,23724
3440,125824
96709,111453
53,0
13526,70272
5,0
6797,0
62150,56282
329,329
1069,0
405,405
74,0
28498,67992
18,-69
196,0
1,0
783,0
47,0
2953,0
7,0
133,0
40,0
13797,90354
4375,0
4101,0
690,0
4558,0
9,0
26841,26813
132,0
8999,57229
48967,39198
1,0
16,35490
1,0
8,0
4743,0
57,0
280,0
2,0
47,25358
10,1035
92,0
332,0
922,0
51366,61916
62008,59519
24470,20440
9,0
7,7
32312,9219
211,0
2,-451
3,0
84,34400
332,0
24935,0
12,-6
1304,0
11,0
107,0
440,0
1,0
1,0
11877,81987
827,827
37,0
974,0
7,111953
14,0
16,0
8,0
16657,16317
813,0
14460,0
8,0
42970,34864
23,0
3,0
7984,30811
1113,0
18627,23004
98576,99725
2089,0
409,0
24,146
12815,0
43040,58341
19668,-23786
417,17675
32,-9944
215,0
4381,22475
14,0
1897,0
10707,10703
4,0
37,0
2799,0
1,0
771,0
36,0
1881,0
63095,82690
44681,56146
2358,2251
1265,0
264,0
18,0
6,0
772,0
601,0
3,0
16335,16335
989,0
577,589
446,0
62,0
342,0
278,0
6454,0
87,0
4951,0
1749,0
44162,67222
7525,36862
176,98007
656,0
42868,57365
1,0
1,0
650,0
833,11814
2,0
6,0
17,0
6,0
1,0
4675,0
17341,31465
1896,25652
27,0
1352,0
1838,0
54059,34977
5256,5256
46,0
26822,31481
1443,0
2,0
13,0
6618,0
10864,0
6,0
10,0
5,0
722,0
1,0
1,0
3,0
8,0
1,0
615,0
13,0
3,0
1,15935
72164,38513
1,0
1577,66785
32,103674
58,0
286,0
1331,-2236
1971,0
14664,16962
133,0
6429,14327
1,0
3236,0
5,0
92,0
655,0
45425,-40976
13041,0
5630,0
16,0
5981,5981
83,444
24631,26968
1,0
2420,0
5,6973
1,0
787,0
1291,0
983,0
4431,-5886
57,0
326,0
45491,62345
7284,29723
42,0
10,0
26,0
3167,4334
4714,0
3,0
3,0
39,0
7300,0
77,0
268,0
19,0
17005,95347
3633,0
1152,0
2,0
4719,0
235,0
19713,20488
11,0
490,74511
2,0
1349,0
1312,0
6,0
261,0
1,24775
1,9356
8,38
2998,2998
63,0
465,75144
7114,0
65,0
1,0
38,0
1000,0
2,0
1,13919
3,0
1085,0
1,0
2,11493
847,847
5,0
27702,0
4,0
21671,43042
1,0
231,0
93894,90166
24411,0
1651,-15060
2290,15545
8,0
9,0
708,0
1944,1915
281,0
10,0
2,0
2,0
3,0
1,0
1,0
57712,86524
262,0
147,0
1665,0
17,0
239,0
1146,0
197,0
3422,0
1028,57572
228,0
1,0
1,0
145,0
23,0
41,-4270
4,0
1,0
3620,11114
3193,49230
258,0
28134,28152
2,0
4,0
12949,0
5438,0
51418,75501
823,0
6617,0
1,0
301,0
46637,100254
1,0
689,0
9,0
59,6790
2449,0
7,0
3742,0
97003,102537
46,0
70,0
48259,73632
1,0
3657,0
7,0
444,2557
8,-3427
7,0
24940,26320
37684,83500
1,0
71,0
43,0
268,12066
1,0
84,0
19,0
12860,52328
309,0
464,11283
1,0
2975,0
1746,0
2,0
490,0
95086,93326
130,0
9,45375
38539,0
1659,0
59955,48378
20,0
3732,0
39,0
2,0
58298,61251
1,0
119,0
1013,0
7,0
3845,5446
67,13555
26533,26364
3,0
113,0
367,0
1818,0
1,0
4,0
70252,57549
72,0
57,0
7,0
117,0
33,0
2341,0
16,0
65097,60102
4,0
8,0
2,0
80749,69009
18,0
8,0
62855,62943
7279,7520
1912,0
1,5532
72,70
2,0
61,-44115
15948,84564
7,0
25,0
12065,0
1166,0
11211,38238
336,0
1694,-12477
1,0
29,0
51,19889
1,0
54859,80247
13,0
592,0
2,0
18,0
1,65391
89,0
2110,0
1,58098
16,0
75,0
2,651
4762,0
2,0
1764,-29183
5,0
1558,0
19187,19354
1655,0
1992,0
1,0
652,0
454,64428
4,0
26904,50203
973,0
2835,0
20877,0
4619,0
22,0
3,0
25705,0
3804,0
37179,44237
33,67394
65625,49219
60,0
2421,0
60,0
93148,85235
81567,79852
94,0
28,0
561,35452
9468,0
7,0
1,0
311,95599
4,0
41,41
1,0
4,0
1775,0
2537,2639
1,0
47,0
2835,0
74,0
6,0
1835,0
23,0
425,47725
45674,38967
5577,29154
3,0
293,0
53,51
12809,12805
6442,0
2689,0
7798,0
64355,70540
179,178
1777,61044
2442,22166
1299,0
13,0
80837,109250
47,0
2137,0
384,384
5,0
3286,4520
64,0
20,106625
80521,100747
8,0
1,0
37090,71098
69063,68496
13,0
80115,88396
217,0
3279,0
2239,46279
108,0
205,0
506,0
111,0
18,0
13404,0
11,0
4835,4835
133,51776
521,0
1,0
2180,0
99918,80636
1,91528
43,0
2,0
3507,5692
1,0
294,0
3,0
3,3
12944,0
401,0
158,0
4,0
20,0
35,0
34536,50828
9327,0
116,0
9733,0
167,0
5462,4667
79331,81412
13,0
4,0
2561,8287
410,0
1,0
15941,35482
19,0
106,0
14,0
12267,16978
12,0
21,0
8,0
1,0
481,-10740
18952,43339
371,371
50922,67876
73736,115981
686,0
490,0
832,0
51067,61050
2,0
18,0
89690,94377
214,0
32,0
51842,49248
1,0
5350,0
569,1041
39915,92594
1,63290
4582,0
7,0
80,0
5,0
60408,74225
1842,39193
13813,13987
2428,0
523,0
3273,0
8,22180
17059,29480
1,0
24,0
40,52185
49214,47369
31333,22366
19114,0
226,0
4,15514
91,0
1530,1506
7,0
798,0
13,0
2,0
42,0
60385,126222
204,0
12,0
1,0
2066,0
52,0
6,0
18,0
39,0
133,0
43,0
84298,62668
22,0
4970,4970
20180,0
1,-27790
9,0
23879,23567
103,0
36076,0
5,0
79713,111945
1,0
2,0
27991,0
1,0
5017,84069
778,0
2,0
98143,101574
10004,0
36608,59988
20803,0
25,0
22875,48114
7,0
24,0
1428,0
365,0
184,0
21606,0
1,0
1,0
207,0
406,0
22674,0
6,0
90,0
450,409
962,993
79527,79945
3344,0
12738,0
5,0
5,0
75753,39847
194,0
3,0
5,0
822,436
1036,0
830,0
6,0
40,0
1332,44700
118,0
2,0
90861,100415
21725,30581
1694,0
3705,0
614,0
37,0
55845,10914
1,0
4,33492
78001,60207
285,-57
505,0
1,0
24954,0
31,0
1,0
175,0
1,57012
2,0
2,0
2584,0
3,0
30197,29182
3456,3461
4,0
174,0
44424,68962
17800,26096
15,0
13089,13078
1427,0
15576,42395
2,0
5595,5633
6,0
414,0
26589,0
25955,74575
73,43304
51,0
22809,27130
3,0
1,0
97118,103371
67865,57270
662,0
4,0
3294,0
19,0
481,0
3381,10197
33,0
445,0
41,0
88,0
17501,60554
71944,110373
49023,49392
513,0
2,0
83,62706
2,0
6418,0
27,0
31,0
1831,0
147,0
12,0
2252,-46171
7573,0
4,17448
673,0
952,16539
3285,0
7,57423
536,0
2,0
31094,59528
5092,9990
613,0
26,0
8,10922
539,0
3038,0
2,0
25,0
20,0
4669,36209
36,0
36,38
575,0
54238,119061
28,1951
21,-12197
61874,70200
7270,0
42,0
2733,0
1776,0
21,0
3,50181
30076,0
1,0
245,0
74,2528
3,0
3422,0
13548,0
3,0
16422,12118
4486,0
1,0
5,0
83609,84819
7528,0
6,0
327,145
1,0
7,-10319
1,0
52,58436
3154,74491
34714,69552
36,0
7,56600
7,0
13,0
26,0
5309,0
97,0
7,3050
80,0
10,39665
137,0
136,0
87,60386
5,0
1,24072
23,0
77126,97496
718,0
145,0
802,0
217,0
793,0
249,0
5634,48213
34,35245
274,0
5669,5669
12,0
20,0
217,0
1422,0
39791,0
80,97261
86640,79275
2310,2177
19,0
6,0
21187,5675
74,0
1,0
3361,0
1292,-2615
31,0
13218,0
3935,0
344,0
48,6029
1,0
149,0
5150,34225
9,0
98,0
36064,0
2,0
90,0
4486,0
2974,0
119,0
39137,35720
9427,9427
93663,111522
4,79640
35762,0
36891,104854
691,-539
345,0
1,0
101,28790
224,0
6632,0
2,0
2,0
5,83776
57,0
23848,0
16820,13134
14,0
1881,5993
1,0
9884,0
3,0
4787,0
8389,8401
388,41695
13,16226
8,0
1,0
20,0
542,945
51498,51715
626,0
5180,0
54137,50274
788,0
2,0
431,0
3612,0
85,0
11,0
6,0
202,0
48023,56681
297,0
2243,0
1382,0
2,0
10,0
356,4578
9,0
533,0
178,0
1,0
83,-10034
2,0
1662,41883
11,0
52,0
52,0
1555,0
47,0
313,0
4713,58007
18585,-19032
435,0
6,0
40,0
4,0
689,0
21,0
31,0
3,0
16618,68336
98,0
12562,0
28,0
7,0
9,62
2,33280
28038,0
3,0
80955,86158
174,0
1,1
1,0
163,0
396,0
35,0
13672,93796
47386,0
13923,100835
5,0
39,29397
5479,0
22621,17805
2045,0
4276,24472
1,0
68243,27633
212,0
19,0
66632,75448
1465,1465
10,0
29825,30473
115,-24032
1071,0
903,36432
664,0
8074,0
141,0
1,0
14,80209
185,0
294,0
59,24574
1,0
2148,0
18274,28531
1,0
1505,0
1,0
28,0
1455,0
150,0
4,0
6679,6679
2,0
435,27848
3,0
644,0
3,0
13,710
992,36040
819,0
4,0
31,0
10,0
4,0
499,1743
15179,104962
43805,37398
5259,0
1,0
189,0
11476,64358
33241,46465
21182,70168
10,0
217,0
1137,0
1,1
8,0
25498,66156
14062,14052
17,0
1355,0
1,60496
6395,0
4454,0
1715,0
353,40283
1,0
108,0
7,-669
31,0
5134,0
1406,0
22555,22489
37,0
1,0
9915,0
292,0
21,0
10,0
3435,0
12,0
16,4921
4,0
1306,0
11,0
31532,0
16251,5910
1,0
303,1545
323,323
32318,0
52,28327
7056,0
28,0
329,0
31,0
159,0
93,0
29076,-8074
24,20
21089,31453
27,0
13503,0
3,0
1,0
13,9
93911,92537
28364,0
115,0
11467,-34493
383,0
38580,81766
1446,46882
2,0
1,0
47,11574
13087,25898
3,42213
221,0
5438,0
2172,0
1,0
35617,0
2177,0
95,0
55,0
19932,14665
457,-40471
11216,0
3446,19215
35,0
2,0
71,0
41007,60941
16290,87764
45214,47135
121,0
1,0
584,64005
85231,37974
33577,88130
57296,62055
983,0
2645,0
84438,86890
83768,151192
3599,0
1724,0
21,150988
4,0
235,0
33,0
41947,88095
3,0
1111,25800
20376,62599
77,25787
3,0
3613,2116
2266,2257
67,0
115,0
1,0
3326,0
184,0
122,0
306,47103
3526,0
14,8310
2,0
38628,10987
10431,15702
471,0
259,-28237
16196,9893
3791,17414
59,0
8,0
2579,0
114,37592
1539,0
6,0
12,0
1589,0
8,0
1,0
4,0
13,45301
21,0
79946,81228
331,0
19,43583
19,0
25778,25769
719,710
163,0
22657,17887
29559,42820
8,0
390,88078
154,0
1,0
69,74
7,0
10,0
2256,84249
6910,0
91,0
19,0
29313,28130
194,0
6,0
135,0
18,0
1,0
6,6
5,0
89,0
227,0
171,0
16,0
13,13
96,0
18,0
504,35375
1114,0
300,0
1826,0
36094,22446
56,34949
16733,0
200,0
93787,109351
4,0
74049,88532
1508,0
9463,14131
1,0
87,0
364,0
9,35990
4640,12265
71419,101696
71,0
232,53568
33,20513
14419,15667
1,3260
17509,0
70,0
18,0
142,0
73,0
4700,0
13,0
7,0
599,99843
2,0
1377,0
921,0
4,0
2,0
252,0
33299,34337
1,0
96804,94927
6,0
20,0
24,0
55,0
61,0
3,0
1,0
62342,44551
11,0
350,8964
18,0
1,0
7610,0
9,0
7724,1619
275,317
10430,61405
289,21443
2,0
66,0
2,9717
11,0
27551,27124
6255,3526
1,0
2434,18891
73,0
9432,0
49,0
2,0
10,0
1,153258
40,0
240,0
3,0
397,0
2550,0
179,0
1,127061
3,0
138,0
117,0
239,0
3859,9147
36567,0
443,0
29,0
89,0
11929,18840
1534,32559
20,0
86982,64364
10532,22915
1490,0
35368,29900
54243,54136
74,0
385,0
22,0
2500,0
3988,0
6,0
721,0
3,0
19,0
8,0
1882,0
18,0
2,0
11,0
10777,57754
33,0
251,0
52269,56732
47691,0
1311,0
4683,-1575
4,0
17106,17106
319,58551
48,0
81971,81954
79071,93129
3163,2113
11323,0
12,0
11,0
2707,0
677,0
6,0
3,0
4,0
5,265
26,0
85,0
13,0
16247,0
50,0
114,0
2423,56187
23552,-638
1,0
31,0
613,0
14237,0
62399,73411
194,0
20150,20910
3124,18528
15,0
6,0
10,0
2250,0
6835,1948
29,0
4866,0
8,0
22805,147073
24,0
1,0
74121,79768
69516,66197
2633,0
29185,0
2,0
1627,0
4,64533
5,0
345,43152
2109,3112
8072,0
53,0
3505,0
4,28095
1353,0
30,0
1492,0
72,0
22216,28195
18146,0
6123,0
57,0
86656,86737
25,398
85351,125549
28999,28999
165,0
68,1855
87785,100493
1750,0
1,0
71244,106935
1,0
72,0
3268,0
33880,33636
34,0
106,0
169,0
5,0
8837,0
20,0
33,0
1,0
188,0
12373,10977
296,0
319,0
3,0
99437,94832
2,0
10685,11007
1,0
131,0
15,16012
733,0
80221,67469
59,42028
34194,0
7,0
6,6
5861,15114
6,0
19691,0
1286,0
11330,-18060
25,22797
27,17342
121,60417
3994,81080
86406,103273
8,0
42964,118162
2539,0
1,0
172,0
1,29371
58501,76148
13387,63352
4,0
55,0
51861,51236
13,0
88282,89190
537,0
9,0
69403,78634
906,108778
3,0
2,0
42234,94937
58247,83894
309,0
13,0
88887,100656
1,0
2,0
167,0
65,0
1656,0
279,628
6,0
1,0
71,0
1,0
23120,0
24871,0
23,0
64,0
8502,-80323
424,0
1,0
440,19367
4957,0
12787,0
11,919
246,0
7,0
21,0
84,0
16325,0
2750,0
6,0
27,0
9457,0
1,46890
2562,0
1792,0
2856,0
1,0
53,0
582,10541
508,0
5,0
1389,-15161
5,0
19738,16148
18860,0
76713,77633
2321,21217
35,0
1716,0
8,0
33,0
590,0
30799,19071
74,0
6237,0
105,0
4683,-14886
344,0
25749,18234
5,-60
77137,96886
10143,10134
10140,-8341
1,0
5420,37584
751,0
77578,83012
5,0
8,0
795,51221
47,0
90,0
72884,27373
152,0
54,4100
2,0
1410,0
54,0
1303,47675
9,0
888,0
1,54986
5,79
193,0
17082,0
4615,0
30706,30710
1120,0
41074,40992
10,8
60998,54754
222,0
207,0
72,0
659,0
45,0
13700,0
5,0
2,0
14,0
98886,99148
257,0
2,0
1,0
17110,0
36259,39769
809,0
114,33356
1,0
1748,0
7463,7497
49,0
26440,26901
1577,0
512,33620
31881,90503
1067,65308
29,0
4,0
1,0
2445,0
39,0
12,0
81486,51970
1303,0
21049,22944
43431,3784
569,0
23012,23666
1,0
15,0
170,0
15,0
52,0
9,0
2,0
54413,57935
2,0
1129,0
47111,58960
3,0
151,0
819,44393
13,0
128,128
703,497
840,0
13104,17471
14063,0
2066,0
4196,0
261,68865
1,-3
2,0
577,0
1428,0
12,0
3,0
93,26687
81290,88066
83487,80825
1,0
496,0
1,0
67,-15684
25,0
2,-48123
286,0
95,0
148,0
58590,13253
242,0
2613,2877
8,0
20592,18890
9,-68
4748,0
93501,125397
357,0
1,0
14,0
2,0
4044,4651
6,25848
16,0
5606,10843
131,0
5,9180
8993,0
650,0
16563,0
9971,0
2657,19781
1388,2729
56429,21306
2,0
30474,60819
728,0
19661,0
3,0
214,-9595
2,0
77,0
53,28367
3526,23121
10,0
9986,109874
9574,47909
8,0
36,0
30069,56615
13,0
858,0
50,0
3243,-19633
25190,90013
20,20
45,0
3883,0
1197,0
18870,0
38558,17175
3183,92571
14697,0
895,0
3,0
9113,0
1,57479
13,13
5137,0
30,0
4,34626
3,0
69,0
486,0
5,45067
2414,0
43,0
177,0
1,0
56139,42665
1366,0
56556,-8852
142,0
2160,-41603
743,0
7,0
30,0
42814,45808
1,0
11396,10957
384,0
18755,0
9,0
15,0
556,0
52,52803
524,0
5956,0
600,0
107,0
5306,0
398,0
165,0
1,0
4612,0
3,0
7,0
10345,0
379,0
6,0
46349,44311
25091,37492
2322,0
2132,0
8,0
68176,61362
13,0
4,0
1,0
50556,33595
172,0
2,58801
6,18
45074,41122
7756,0
20,0
28957,73976
2,0
87405,49136
9271,17379
3,18755
715,0
29562,73340
879,0
6,0
2,13879
193,0
119,0
46835,0
158,25894
93162,95818
287,578
63,38357
21471,0
24587,0
1532,0
5,0
432,0
1,0
815,0
2,0
77,0
4946,0
1187,0
61965,58039
1207,0
37,33828
365,0
9,0
133,0
9,100638
2,41531
11835,0
4093,0
1,0
36,0
84878,85069
1,0
202,195
2,0
198,0
10642,0
8,0
427,0
54267,112171
59996,97778
3896,0
28,25456
1,0
3,0
2,0
38,-5633
1,0
60,16263
2259,0
3354,503
14466,0
14,0
1419,0
492,0
5191,0
52826,100210
8,0
198,56148
10,0
33238,34633
2426,0
1548,-7975
9475,0
380,0
1805,0
2,0
1,0
49434,79623
2,0
22,36629
5,0
7,0
2187,0
1,0
30989,-12834
1,0
199,0
2,-1
31,44237
24178,42990
1,0
110,19874
1,0
38,106852
251,-48
3408,71119
104,0
40959,53578
44,44
376,0
777,0
4115,16957
24,0
1,0
14,0
1,0
296,0
271,0
157,0
1,0
18,11571
3,0
15,0
59,-571
355,0
1248,0
639,639
1374,89910
1588,0
3928,0
149,57062
3,0
4,-463
40,0
26502,0
12,0
854,651
140,0
1,-313
52967,135941
1643,0
3,0
637,0
614,0
2787,1983
129,0
26595,-22403
1340,0
4176,2905
12313,27589
250,0
73454,104685
1085,0
22,0
775,0
27741,0
4,0
1736,0
10688,0
20148,0
3,0
7603,7689
14,0
1109,20932
1,0
173,0
640,0
60453,58024
3,0
1,0
165,0
1,0
180,58159
297,0
48,0
3,0
399,5374
2389,0
2103,0
2,0
4692,6495
47727,51682
32903,67924
12896,0
9,0
203,0
233,0
16489,16489
5225,0
95533,102297
2,0
49235,49221
1312,4464
4,0
9937,9930
21614,0
20309,39384
57422,90094
243,0
9,0
20143,0
43993,34735
217,0
3713,3369
42,0
119,0
230,0
2,0
45520,54355
130,0
39,0
177,-11707
82525,54196
3882,3831
2,0
6,0
23107,0
112,0
71,0
699,0
74141,86986
3882,0
6,0
4,0
38489,131249
336,0
90,0
24,0
2992,0
223,0
16,0
694,0
6,0
130,0
8,12792
10666,0
123,0
5,23340
173,0
7425,21731
88300,66626
64,0
36224,0
23,0
1372,715
928,15385
59661,59604
33803,120435
1,0
890,0
93539,117070
102,0
456,73363
34821,0
12,0
3,0
3803,0
34,70189
9647,23549
12446,0
1,1
5,0
68,245
115,0
4,0
5632,10171
18,0
356,0
284,0
23,66101
5088,3443
2608,0
64833,79538
953,0
791,3458
653,0
10716,0
28793,78604
264,265
23,0
563,22625
267,-822
14,0
2,0
238,0
16219,0
1,0
16,0
6,0
1,0
2,2
2,0
52,0
1392,0
5658,0
9223,0
93125,118441
177,0
3,0
24368,-36962
29,0
94,0
67,0
4334,0
17486,0
20,0
157,0
47842,8941
25,45463
1873,0
27,0
13207,0
12780,0
233,0
12,0
276,0
39118,36306
20,0
48273,48148
27,0
3699,18976
1,11470
33,0
108,0
8,0
1392,0
28,0
26,0
16839,0
8580,43571
701,7790
34,0
5658,11735
1083,0
80518,87211
3,0
2,76747
317,65679
11,0
7,79810
58,87218
2,0
64082,19633
319,0
5439,0
12,0
16,77942
22174,0
63,0
12,0
23578,23572
2567,11063
367,0
10452,0
4,0
25,0
2,0
61957,61948
302,0
7,0
70936,0
3,0
2,0
288,0
1,0
80028,88206
1,0
7,67647
289,58072
2,0
69,1385
69,0
1,0
4086,0
47013,0
1162,0
1,0
10448,0
1983,-24206
67577,75260
49,0
128,0
41549,46218
820,0
36392,9365
27301,3597
9261,0
54137,48242
164,-21107
1778,6755
1,0
4,0
1,0
1,0
9,630
10,0
1,0
125,0
119,0
6796,6803
5,0
1,0
43,0
17,63438
16730,0
191,0
1361,0
8978,0
22233,12817
318,0
14,0
15,0
18,0
447,28401
14484,93604
311,6876
8,0
194,0
791,0
5,0
5,0
2,0
4033,0
16246,0
1,0
11,0
66,0
1,18470
245,390
2718,3941
1037,0
798,0
49,0
29177,9684
7426,7646
20,136013
2,16819
1371,0
4903,0
107,12625
11,39873
1,36448
1,0
51625,150828
70,0
7841,0
20667,51988
132,0
6,0
3006,0
1,0
323,0
15795,-5392
12,0
786,0
1,0
34,0
265,265
10,0
881,0
2,0
1104,0
21,10316
5,0
30684,0
1796,1318
30894,34433
60,0
6018,5996
405,0
105,0
590,0
3966,0
4,0
48797,55544
5,0
1,0
7812,0
131,41395
13,0
52,0
50034,71705
11655,11717
8163,8928
2265,-410
2,2
5050,0
2,0
21,0
3518,0
59594,50456
629,0
79,0
3,32924
37,0
1020,0
2820,2820
29775,63568
1,0
3882,0
25379,35194
193,0
2192,0
1467,1588
16,0
114,0
8155,0
2135,0
25,10135
94,0
1,0
432,0
1,0
77955,44113
10,0
3,0
9474,11223
252,17130
203,0
9566,5916
35558,51845
7680,7680
2,0
1,0
679,0
16655,50831
4,0
712,714
11250,53015
27,0
167,0
3,0
4643,0
3372,0
49,0
26746,0
13,0
4,0
284,0
11,0
22,0
1,0
9031,0
22186,0
2951,0
78,0
310,0
101,0
32642,23937
6,0
10769,-4597
6,0
82,64381
10,0
10916,10911
2,0
67,0
1281,110714
1,0
97,97
15,5658
6,0
18976,10469
93136,106203
56284,137121
20048,59138
9296,6265
34,17858
888,0
36,0
25353,86387
1192,0
88505,111882
10,0
243,0
15032,35440
85043,100385
7,0
33,0
5,0
30,0
4147,4147
2182,4496
990,0
249,24927
15,65801
4048,50340
264,0
30886,24236
15,0
225,52182
1000,0
2,0
2,0
73064,106235
2,0
7,0
9697,9684
39418,31442
14722,9176
834,39558
5,0
11400,11415
512,0
25,0
5,0
7,0
5,0
4060,-3593
72621,61399
2,0
5,33991
22,0
24666,0
2,0
368,0
295,295
11,0
210,0
2123,0
3,0
20,0
109,0
33,0
15944,0
14,0
324,0
30125,0
14,0
71,0
1206,0
5,16079
19,0
221,0
590,0
3,0
36377,47733
2,0
22,22
28,3988
1,0
501,0
6503,0
42530,23301
4,0
25,0
25,0
8,0
91533,93662
111,0
655,800
65034,96149
26,0
10,0
2972,0
24,0
4718,0
191,0
3210,0
1,0
1564,0
24,0
32465,51237
32,0
34,0
44306,36404
27728,-886
10005,10002
23,-620
54899,54907
1011,42958
69,0
48730,40434
4,0
1013,0
555,24196
304,0
257,1736
5,0
365,0
56042,56042
22,0
32912,0
12532,16729
10816,14278
1854,-2079
18969,26192
1,0
7435,0
14,0
70,0
107,0
75,0
12,0
1766,0
4984,60654
1543,0
113,0
706,0
9,0
89,0
254,15085
35652,11133
1,0
11024,11920
5,120003
1,0
3,0
1029,-37510
3,0
7789,0
10,0
22,0
5,0
2,0
40,0
72,0
1,0
298,0
1824,0
1,0
15600,23789
1,0
1,0
443,64566
5,0
92651,103627
2191,0
242,975
20331,9943
35961,39194
1,0
36395,0
56528,89191
2,0
124,0
61,61
19740,19978
1,0
1142,76679
1389,0
3116,0
97,0
1388,6185
180,0
4,0
3,43272
8,0
4,0
25,0
39,0
596,-31583
38102,85388
38723,47541
4,0
567,0
189,0
21238,6919
211,0
1164,0
6,0
34,0
1415,0
5061,0
8,0
2905,0
28,0
39,0
1,0
1429,59104
66167,40461
363,0
1,0
26068,61936
1,0
42,0
90,0
54,0
525,-1671
66,0
1,0
6137,0
311,0
6,72197
292,0
34,0
4,0
93988,98085
8560,8553
408,0
65724,51034
287,22676
52,0
55,0
112,27071
23,0
1,0
1917,0
93,0
6181,0
13381,17122
7036,0
4,0
277,0
37,0
10749,12022
261,0
1,0
29499,-10617
8810,0
4,43513
2,0
23,66886
2,0
597,0
94,0
11008,0
144,0
10,0
24673,61749
413,0
30,64653
453,2916
294,0
2174,11244
129,0
4,0
2332,0
131,0
3232,0
19,0
4712,0
58380,46355
8492,63898
491,0
16,0
868,0
1,0
14882,70282
2721,21098
12964,0
3,0
2,0
97166,97664
65,0
18962,0
7,0
16,0
9182,0
1,7559
207,-3896
860,47410
111,0
378,0
8,0
249,0
9,0
1352,0
12737,0
28697,23141
1552,0
11208,32691
626,627
5,0
259,45372
75,4699
3,0
268,0
368,0
22,0
10781,0
9811,9811
966,0
357,0
1,0
86,0
9,0
467,0
3,0
11467,0
10,49949
23855,64099
25402,0
110,0
9,0
2222,0
24,0
87,0
567,0
1,0
1,0
64196,65391
5,0
51859,53113
1,0
1,0
432,0
34908,61416
211,0
86741,78796
3194,0
2653,102783
4423,4419
239,0
6,0
2112,114025
88974,88518
31008,40865
199,47981
9795,9833
15,0
1867,11229
299,0
1,0
1575,0
6508,0
44124,100947
3,0
58506,67511
11651,0
2,-851
3842,0
47150,0
187,0
12,0
16795,0
1114,886
1864,0
204,0
1,0
19874,0
27,32145
1,2
3,70173
2,-6007
385,0
3,31396
60,0
10,0
415,0
2497,0
77,0
43700,41921
5793,49947
7464,7847
54,0
121,0
4,0
18,0
15,0
1,1
76,0
59666,59658
1809,1440
27678,56246
83123,69783
5628,5496
13,-44359
11,60886
37,37
1,117145
27,0
85,0
121,0
49287,64103
54631,35158
843,0
57,0
30936,0
2,0
1207,0
415,0
32292,102317
79,0
3,0
2284,0
8793,0
5,0
2509,0
22548,53290
78,-2935
140,141
57,0
8,0
62766,115552
147,0
45,0
69,0
11,0
2,0
6850,0
22831,0
3,0
26787,0
219,0
52,19462
90186,92057
203,0
11753,0
13662,14868
6367,11141
1,0
14,0
5,0
1253,0
355,0
234,0
423,8418
388,30613
7,0
5,0
691,0
529,31007
49,15903
47368,46140
758,53857
47355,50658
6,0
192,0
188,0
675,0
7,103990
3,0
7162,0
33,0
5285,0
77,0
1,0
36188,71409
5007,0
2533,0
24,0
39,0
18362,85821
2,0
37,0
5,0
7,0
604,0
99,0
62895,71562
10733,0
17731,0
1,0
45690,79739
6,0
24,15
6153,6175
56552,56592
28872,8988
110,0
7992,59338
1,0
35,0
11,0
519,22921
38935,0
201,0
13504,0
23704,48206
3,0
194,0
1169,0
7744,0
269,66352
21864,8678
10,0
2879,0
14,0
717,41030
78,0
3784,40998
1049,6295
1,0
298,0
6293,0
39,0
2,0
15676,23085
3,0
122,0
1252,0
1,11839
1,0
25,0
31690,31690
23,-155
1,0
908,0
383,0
95,0
2726,68399
52,0
2549,0
22,0
182,0
5,1492
1,0
325,0
1,135055
55717,56021
842,38145
249,0
44,0
209,0
2919,0
4,0
54661,36298
11779,14628
180,0
8,15134
11190,0
1282,0
2242,0
109,0
207,0
91,24555
933,0
171,0
848,48716
535,0
9,0
2,44674
3626,0
4,0
2849,0
41,0
41135,27895
5038,-19177
1,0
685,0
17,0
601,606
7501,101042
6,0
14535,0
3,90495
2703,0
337,0
872,126610
4158,4156
42,0
5,0
3,4
29,0
851,0
1,0
2321,0
13,0
10439,0
1,1
553,0
753,57346
38357,55012
219,0
3466,0
266,0
6863,-37469
6,59385
7325,5308
40,0
10,0
6,0
7168,0
26324,18930
44316,32147
10,0
17090,0
207,0
748,0
41,0
3375,0
2,0
19597,20229
20387,0
7,0
1,0
63038,51379
71,0
496,0
1340,3210
1759,0
1755,1737
48261,69178
82533,82363
1,2145
2253,0
1567,0
19,0
175,0
31,0
41,0
258,-9559
4603,0
12,0
224,52253
4,0
74,0
11,0
65,34063
46,0
7,78369
6,0
1759,0
143,0
33,119
200,12900
3840,0
1,0
17,40038
2025,0
421,-24311
54,0
1185,0
3,0
2282,3851
593,0
13,-177
8685,19516
21223,0
11,0
667,0
500,2328
1,0
14,0
99807,97999
7,0
34,0
902,0
51,0
1,0
1307,0
3298,0
1,0
6,0
108,0
157,0
99737,99718
190,-3336
1399,0
349,0
58666,58173
833,0
1,8812
8648,37137
7297,0
76011,71352
21776,21176
842,0
534,0
37844,0
30658,0
847,0
51,0
3,0
6848,0
1398,0
5,0
72,73
143,187
3,0
3,15037
2,0
2071,0
9,0
1,0
12770,0
49,0
109,-5149
2851,0
8,0
594,0
6647,5544
3,0
34,0
19,0
80170,80477
448,4505
8,26840
187,0
1,12145
34,89039
4008,0
1,0
135,0
3,0
1,2540
37,0
18859,18528
89,0
7703,0
17,0
775,0
1,0
310,8530
59,-481
13786,58595
40209,90968
6719,0
5582,68
57140,64778
869,0
112,0
29532,29691
37,0
36,0
3,0
136,0
1,0
17432,20581
8542,0
2,91883
68885,63476
38591,47211
109,39789
7510,23851
83,63
1,14458
9,0
2,1309
1,0
196,0
260,118272
1,0
37010,77698
48861,71448
76729,75267
5005,0
1124,0
58068,113475
137,0
1,0
6671,28674
138,0
328,0
85,0
30087,0
13571,0
2573,0
2,0
1,0
635,25295
25,0
1,0
1043,21200
2470,13198
24,0
2008,-5092
685,0
4129,0
70970,70224
5471,0
2618,0
2441,0
5560,5364
164,0
2,0
92,0
79795,40670
75,0
47,0
52,40381
12133,26393
1,0
72,6553
4284,4298
26,0
281,0
66,0
1,0
24962,0
611,0
55,44715
2,0
1,0
89,0
4,0
241,0
66,3636
8,8
1134,0
21,0
4,0
27230,60116
81821,154604
2496,0
43,0
2,14205
2479,-21463
1,1
25,39921
185,0
17007,-1483
19,0
4546,-1131
1418,0
5235,0
10,0
848,40408
24337,0
53,0
8622,8618
17,0
534,0
16541,0
65,30085
56,0
643,43955
1159,0
35,0
21,0
778,52174
1,12
5325,0
6651,0
1,0
7,0
44556,44556
2,0
2871,0
56,0
10,0
11320,0
33,0
2834,0
76,0
3594,0
2,0
50,0
83,0
1696,0
45658,0
28402,0
271,0
15922,15942
13152,75095
1,0
769,-21912
1,0
705,9719
25,0
6655,46219
132,0
40,5352
5417,0
3268,4065
133,71056
2,0
288,-11538
2094,2094
112,37007
11749,0
3,0
29519,0
243,0
3,0
76163,69434
51599,104868
18834,0
122,0
1814,0
19,0
7,0
8,0
2074,0
45,0
2740,0
287,0
33446,18999
50571,54467
1,0
921,0
27065,0
248,0
64,0
845,0
7255,3264
161,0
610,0
86720,90388
57074,69664
1125,0
559,0
2403,0
74116,71875
14431,0
8209,0
96217,98689
1,0
2894,0
17268,18290
1,0
4082,-13889
756,2461
38853,18349
1,0
521,127660
10,0
1908,-24903
67,0
1,44303
46280,60076
5,0
570,30429
1214,0
12212,47922
43412,50498
1259,0
258,0
28750,-8426
43,0
266,0
47,0
21718,1060
214,0
1,0
3478,75438
298,0
11,0
14373,36882
553,0
2848,-23223
258,0
6,0
2,0
70744,72293
22562,40453
20,19
638,0
50,50151
1,1
428,0
8416,0
5,0
72722,72229
1,35065
118,0
98222,105995
1,0
3,0
33242,29118
4,516
209,0
2,0
38,7189
36,0
2883,7210
18795,23645
2,0
24107,0
21,0
1,0
90380,96881
13276,0
12113,0
24,39598
101,0
82628,91423
194,0
1716,-42
54128,0
1212,0
1,0
3,0
17727,59114
9950,0
3164,0
5,0
29865,0
174,0
768,0
3541,18115
151,0
2,0
43238,0
85,0
8,0
66,0
16998,0
4516,2297
14,0
1,-39686
6,0
2648,0
1,20749
92899,95483
473,0
63393,42724
42,0
1737,33371
687,0
143,29454
284,39469
65,0
6,0
15,0
2,0
40,0
12,0
384,0
1151,0
310,0
62934,50538
1139,28619
18,0
588,13387
650,0
29237,23574
30704,0
80,0
2,0
1,0
3,50479
4307,0
70,1478
45091,32055
119,0
42,41814
1,0
19082,0
12,29819
4991,0
12356,5191
10,0
25307,0
3,0
7,0
1,5173
27571,14795
1577,0
26,0
18878,19374
3,0
25,0
2,0
4438,26274
1,36052
501,0
84,9529
229,382
80,0
1619,0
1,0
52645,57201
564,0
452,4230
29,0
6584,0
92668,79017
14,0
12903,23343
4439,0
19,0
64,0
18,7691
23054,25236
2512,0
3660,0
4502,0
3,3
47,0
279,0
1,0
11,0
2,0
9,0
28094,25277
10970,8671
1097,28879
1576,0
23640,0
23841,24997
49576,47468
531,13295
134,0
729,0
2418,0
23470,0
1712,0
31,0
10298,0
107,0
1,0
1109,0
12219,13859
578,0
567,0
4711,0
1,0
10,53026
1,0
29,0
11119,5257
14,0
3,0
28703,86510
1527,0
10602,-20729
16848,21687
35,0
1610,91069
268,85817
3,0
33,0
59,31468
54120,54114
8954,0
3521,0
48223,0
2504,0
5,0
10705,0
1,92175
80,0
32,39131
44187,0
111,0
54,0
89,0
304,0
1616,0
3,0
8047,0
64,6876
892,0
454,0
1,0
1925,-1920
109,0
465,3442
47729,44852
22803,28569
1,0
28,0
1951,-12349
22,0
18,0
4269,0
11,0
22578,25653
6455,69303
16095,68942
9770,0
31,0
1,0
9,0
14,0
78,0
45459,44269
6,0
145,0
16,0
67,0
31,-1792
2140,67324
270,0
3324,3204
5227,0
3703,0
13021,0
25241,26168
3,0
18,0
58,0
5247,0
23,0
7684,1122
4318,0
4123,0
1,0
1398,44644
2608,0
3,0
396,0
4703,0
10039,8260
34,0
148,0
36,0
54,0
19,0
1551,1551
4235,16627
10,0
2,0
1678,0
192,0
2510,35867
1299,0
4,0
650,0
340,0
1,0
81,32989
89453,73115
1388,43747
500,0
94,92954
583,0
4269,4269
121,0
317,0
1882,1882
30894,0
442,0
5552,0
3,0
16784,0
663,0
21317,21883
4,0
13,0
81,0
38,0
393,0
9,3006
62,0
1,0
18,0
2,0
12199,12238
2,0
2,0
570,2801
127,0
2,5143
2262,0
3533,0
443,0
2,28779
11,74920
36356,33929
25377,63253
846,0
44826,84851
5868,17344
82436,61504
13709,13857
2250,0
33,0
301,0
1147,2716
2,0
6093,0
91766,88818
29,0
2,0
1683,42833
20598,11065
5498,12342
13,0
274,0
3,0
186,0
34999,0
39,0
95,0
2,0
137,0
107,0
1,0
89,0
21,0
196,0
1061,33362
12,0
50,0
9614,0
86,0
6697,30329
11,0
450,0
45,0
55705,60988
584,7731
6,-15462
80837,94875
31,0
622,0
2,12310
98508,98618
1,0
17155,16918
8058,8039
15056,0
4111,52104
6983,21028
76,0
2416,6150
639,64241
35,26416
24983,23789
56,82807
12,0
13,55572
2,0
30,0
1087,0
3,0
4235,28326
58100,68337
24,0
11,0
2,0
279,61438
2809,0
3,0
5,0
31926,27040
3290,0
49,0
2,-524
298,0
31,0
109,0
1,0
517,-3984
264,0
1299,0
25803,29480
174,0
65078,71907
2,0
13427,0
109,0
44,0
4,-16
2,0
2362,0
172,0
19729,0
42,0
5,79157
14675,14932
4,0
2267,0
6855,0
5578,16773
16,0
3,0
680,0
747,0
239,0
73432,67059
7,0
11,0
47,0
1,26053
10802,9914
7,0
368,-4839
11469,0
83716,0
12,0
14,0
89278,108538
6,0
82,0
1587,-96603
4,26232
352,0
1,0
222,0
104,0
16677,24117
1,0
32769,0
2031,87456
4,0
4807,0
15,0
9270,46130
9,0
242,0
21,0
23319,0
153,0
3,527
1023,0
5,0
94254,52897
2,94273
20,0
183,0
46760,56620
1,76774
50,0
42666,41217
604,0
5,0
208,0
47,0
2,0
3,0
854,0
434,0
2,0
1,0
2,0
6,0
34,0
2317,0
24836,42723
1,57425
48498,64527
3972,0
706,0
194,0
58672,55489
59,0
329,0
1,0
8012,4112
162,161
4,0
80,0
4387,0
1,0
223,3538
9694,0
1314,0
76804,76745
2,11267
86273,92019
13,0
31866,18621
2638,108406
2,0
28364,107489
4909,0
6936,0
66,120361
1,0
91,0
16243,75912
23,0
10,0
9,1373
377,0
7,132758
137,0
25708,-7183
72720,86652
6,-63
1448,1776
103,28720
586,0
1219,0
69078,61727
6,0
9893,0
2,0
580,0
26,0
480,0
44,-9007
688,-546
28788,48811
9706,0
1,0
1,0
200,0
684,0
7,0
844,0
3,0
1,0
49,0
997,0
16381,0
5,8
276,0
181,0
19,0
40,0
5113,0
1,0
32633,0
33,0
12618,0
31,0
1,0
3,0
2661,0
49616,47492
2507,0
11437,24148
2709,2709
18965,0
207,0
3318,0
34,-12293
92,561
248,-2099
4,0
68506,168249
21,0
6084,8579
686,0
292,315
63,74405
7,58
1,0
2,0
1,0
20,0
858,0
17,150180
64141,70982
9391,9000
42,0
2110,48278
483,0
76922,122886
2798,0
69584,88955
39,0
25697,25785
14,0
33665,82722
24,0
34,0
260,-5059
3,0
3,0
13134,68673
2,0
73081,128064
2,0
58,58
136,0
10,0
27,565
11440,86353
113,18709
3,0
1,0
1,0
2014,0
1384,1384
2,0
373,0
4224,-1861
1,0
3,0
1,44865
7139,43850
120,0
8854,53113
6,0
984,0
82,0
253,0
2038,0
7,0
1,67431
2555,25109
25357,0
85414,87797
6,0
7,0
1174,0
4,0
620,0
39,0
2,0
44,44
4224,0
384,0
610,640
39309,71986
32,0
7,0
977,0
11522,0
6519,89775
803,12128
129,0
97402,79104
2,0
1,0
1410,3074
5,0
38358,30827
5899,0
1,11622
3860,0
1311,0
951,1048
61,17788
101,0
4,4
1,61020
200,0
116,0
140,30998
52,0
4,0
2924,0
1,0
1991,0
1,0
31159,0
8,0
16,13781
17,6413
6,0
25845,74557
17686,110940
104,0
130,0
11,44132
26033,59509
27211,16031
3,0
475,0
142,0
10,0
10518,10518
23,935
62,0
3383,0
2,0
4,0
3,0
5631,5628
23,0
3576,0
5,0
46,0
70,0
118,0
4412,0
84315,79929
89,9321
1,0
4526,24807
56836,122127
1342,0
193,0
14430,7613
14933,0
7411,0
5,0
46825,93159
5,69218
15,42864
3,0
37,334
24391,36355
98224,79813
3,0
36,0
70,0
1041,0
58853,59519
38064,0
4931,0
1,0
285,93
75350,77768
180,0
3067,-5534
214,0
1,32468
1,0
252,0
30876,45562
173,0
3,0
10503,16234
250,0
776,0
31,0
162,0
417,0
45655,21803
48332,22886
8,0
66713,28123
210,0
4,0
55,7529
19,59215
47,0
14,0
2,0
35,0
45,0
150,0
2,0
91786,83863
23666,52036
3,63934
257,0
45,0
3,0
19,77710
3,0
42611,0
2019,101368
49,0
1696,0
7,79277
1,46591
220,329
364,0
1,0
43157,67058
1,18786
1,0
78757,87245
365,0
2,0
1,0
9707,0
2,0
89,0
3,0
6003,55722
33851,63845
4,0
381,0
1,0
1,0
11443,0
1058,0
165,0
11896,0
2,24211
86,34553
1321,0
7803,0
18,0
19,27784
2,0
257,0
4,0
8,0
21392,20763
3810,0
2,0
82,65800
18,0
117,0
2,0
141,94442
6574,0
2,0
2644,71249
14,42905
3081,0
4,0
58,1049
1,29111
283,4749
12798,31840
1478,0
4,0
11,0
20836,0
1,0
6,100297
11956,0
1633,0
55,0
6,0
12,0
10893,0
31522,0
21,0
43784,96043
6,0
12,0
1,0
12411,91898
4888,85365
12,0
552,0
48361,53699
46,0
16086,12987
47,0
3,0
14811,-1053
2783,0
174,0
76,0
14,0
6555,0
19,0
17387,13108
1,0
73309,85450
1,0
1724,0
27260,42644
685,0
1118,0
1,0
35977,33459
7,0
60354,55719
6,0
70,0
31,0
290,0
35705,29704
37,0
6,0
5791,2338
613,0
1,0
9,0
25016,53572
1,0
2613,63549
1,0
80724,36115
58673,47952
31487,31310
7494,0
81668,106939
1,66954
937,0
122,0
43155,36757
8,0
12,-2947
51,0
45529,0
4,0
1048,0
259,12354
1,0
4,69787
26654,44330
4,53596
3609,3650
266,0
5,0
487,0
1,0
1,0
1,0
3082,4096
6500,-425
6630,0
2,0
79267,88181
65985,102306
12257,0
849,0
1905,0
4,0
3,0
8,0
36320,80941
660,0
57361,47504
72,0
20,0
1724,0
71652,86371
13,0
812,0
58470,75135
579,0
6,0
3769,0
3,0
340,0
35,0
170,-26775
6113,0
36,0
3644,0
32922,58435
1,0
30403,38008
1877,0
4,0
3,106253
15,0
78,39557
2,0
472,0
55027,42011
38,0
28000,90003
44333,32908
73386,72567
654,56657
6292,6598
2,0
26936,81511
28271,87011
2,0
11136,0
78,0
5270,0
6,0
582,0
44,50036
16312,0
109,13264
199,0
3,37
31167,68422
10466,0
74,0
26,0
24743,38383
2170,0
17,0
11,0
4,0
66,0
517,0
3,0
1,15283
1,0
8,0
23,90762
8503,0
4,0
51979,52605
550,0
46,0
22697,0
128,0
1269,17105
2,0
1052,1052
3,0
167,0
627,0
6361,0
90,1317
71368,55948
1049,1968
95,24552
1,0
366,0
213,0
975,0
2,0
30146,0
206,43007
18545,34528
3739,0
241,241
312,0
1857,0
46,0
4960,0
74401,77855
14,0
513,12981
2463,0
210,211
36176,16551
6037,6396
1,38523
46,0
5827,-3918
9,0
13,0
376,0
10266,0
1773,-1960
64,0
73304,81541
725,-7790
321,0
1019,0
60183,49964
2312,44303
10742,10742
5,0
1,0
1,106336
1,0
250,0
3,0
53317,59561
2,0
89,64509
13,0
65,0
225,0
25,0
7,0
3652,0
191,0
2898,-17813
1569,0
1,0
4,60059
3647,-19559
63,0
12616,0
45,0
2006,0
6,0
33,0
328,327
42982,115690
3,0
4469,5261
8241,0
18,0
133,2811
59,35437
1103,0
122,0
13546,0
14,0
22620,0
86,43747
1430,50789
9660,9661
1,0
3,34220
26,0
40,0
5,0
11,7380
2,0
11080,43630
64954,130211
46808,73318
289,282
2,52481
7724,-6455
10,0
2151,0
75,0
24,0
10325,0
91,0
5,25990
15,0
290,0
792,0
7,0
18441,18441
11819,44145
2,0
1,0
21397,14644
65,0
3,47305
5232,5646
1,0
656,28240
12399,86272
8,47610
44,0
14506,14505
4,0
16,0
11334,0
29,0
6880,41139
17607,79210
6253,8462
45,9583
762,0
62,0
5652,0
102,0
56755,66413
1,0
94204,115607
151,0
351,0
197,0
408,0
2,20806
220,-107
43,0
3,16166
1,5654
51782,61136
561,0
8235,0
5522,0
1,0
7,0
80,0
155,0
1,0
165,0
1605,0
3,0
47,0
52763,59425
4220,0
4501,0
112,0
229,-1267
9,0
2981,0
16,0
118,13822
114,0
1,0
5554,6298
949,0
1,0
35,19555
1915,29043
12,21421
37,0
8320,0
3,0
4698,0
57,0
7,0
1,0
1,0
39,45093
65,6863
77793,74786
21,0
60,0
193,0
77,0
16905,77454
2,0
665,0
4663,0
9068,0
1848,0
96002,115362
3,0
114,0
8674,72979
246,0
3,0
3174,0
99409,96335
68,0
4,0
1,34691
8073,0
8007,7991
2,0
19291,19418
1,0
1000,53216
524,0
344,43441
2105,0
99,0
3,0
13450,13450
3832,0
76061,74749
1,0
59170,79468
1901,16904
32856,73842
295,0
158,0
759,0
21117,0
646,0
39,0
1669,0
2363,0
54166,99354
22984,0
1,0
38,68887
1,0
57373,22538
10,0
34343,34987
254,0
746,0
44,0
397,0
14578,31272
180,210
1,62585
8,0
2,0
11,0
16457,16457
21,0
2980,3144
11404,0
125,0
5,0
1,0
2,100120
23124,23330
2237,46453
168,0
38229,0
7,0
6451,0
6,0
28,35316
1845,0
2278,0
138,54834
31,0
87,34188
6,0
734,0
11159,51600
168,0
149,0
763,0
3,0
1,24364
1,30989
124,53445
56,0
4902,0
34,0
235,216
45,0
79288,50393
3,0
104,0
30140,30291
23,0
37653,0
1,0
460,-128
115,0
665,0
60,0
675,675
34,0
297,0
9778,0
31,10219
5517,5445
7741,7741
12157,0
1619,77050
2836,8117
26705,24795
38,0
83667,92017
610,629
34897,38739
1,0
14121,0
10,0
2,0
4,0
20156,19982
15,0
14419,0
35,0
389,0
12,0
457,0
1,0
230,0
2,0
1,0
54,54
25242,25951
1,0
1,0
7817,7817
426,0
9,0
2,0
1016,0
63322,63342
284,0
14508,36603
1587,0
2,58948
6994,6804
124,0
28,0
65,0
28048,0
10,0
26,0
38,0
85,0
299,5147
25,0
238,-988
5,0
14,-25149
1,0
7,0
5613,5612
30,103245
395,0
1778,0
275,0
151,0
33859,34849
541,0
2,152618
177,0
843,0
3,0
165,0
7,0
40,0
106,0
5,0
12,0
5555,-3516
9963,32883
9,0
1193,1193
820,0
23322,53352
3501,0
1,0
166,0
464,0
2579,0
18,0
50,0
66545,111075
1,0
84,0
6,26380
5,0
21,0
89296,90080
606,0
26,25537
366,36351
5129,129295
15,0
89,287
1170,0
6,72352
23245,0
7,40830
4,0
23122,20473
26,0
40991,35257
254,0
14,0
73152,72921
3,0
3623,3967
1694,12564
50771,50832
194,0
90915,73957
41,0
20961,99117
13610,15366
2,0
1267,0
2,0
1,0
1,69190
4,0
3,0
6,0
1933,10032
120,-25858
15,40143
181,0
46,0
5,0
11,0
348,0
3,0
13,0
62,0
11154,0
70195,52708
122,0
147,0
6150,6224
115,0
1,0
148,0
1218,0
1,0
2,5
29,0
5,-7378
24470,48383
107,32566
25,0
92351,86721
2,-8
11831,9052
6,0
1,0
4485,0
3,0
12,0
1,0
93501,88549
228,0
5737,0
394,0
85,53266
82,0
32,0
3790,4440
66078,73203
1,0
19388,-2068
1639,0
5,-9175
26,0
959,57111
45534,59254
2818,0
238,0
3,0
620,0
2,0
2,0
738,0
43100,76866
20613,109764
12,0
100,0
29,0
1,0
61,0
1,0
15281,-3371
6,129636
69,0
6578,-19204
50583,103455
23,0
37627,0
8,0
1205,0
5487,0
755,0
8,0
13021,7867
551,0
1531,0
10706,0
7412,0
7,0
14,0
20,0
11,0
79419,25945
1919,0
50521,68292
30676,82889
30836,0
13310,0
1909,-1018
4,4
82071,89374
1,3788
1785,0
604,0
75566,51539
1,0
160,0
6990,0
401,0
1895,0
1089,0
7489,0
17,0
270,0
11307,12065
312,0
22542,20393
5666,3207
44,0
8,0
113,0
1347,-5032
2,19854
8556,6368
2,58585
13183,21513
19242,20810
299,0
137,0
21444,0
1,0
176,0
11,0
1,-1
1468,0
4976,0
42273,42138
1258,0
17231,0
434,28697
5,0
1,0
10,0
366,0
1279,0
268,73487
63856,47296
165,0
16974,16969
91,0
1,19935
3,0
170,0
142,0
3478,0
34,0
26416,6104
20860,72385
197,0
3,0
4,0
53677,-522
29,0
1870,0
1155,0
3,53324
380,21728
8,8509
18359,17450
1,0
739,0
10,0
32885,32885
10108,7233
1,0
74,0
73,73
641,0
4,0
641,0
20645,20738
65,64
1761,1761
1,8249
15757,0
30142,0
1,0
7806,0
33,0
24,0
18838,18861
1,0
4,0
3006,2864
66,292
10,0
3005,39523
555,0
31645,0
207,0
70581,105640
4418,50655
901,0
7470,0
12297,119645
7593,0
9,0
1684,0
100,44907
26,0
46906,86489
23,0
3118,0
30802,19650
16,0
5669,0
17,0
19,0
11871,52569
3833,3854
3,815
4868,28709
24598,0
428,0
7,0
365,0
2,0
6,0
86,0
7942,45716
2460,0
13145,0
2026,0
1815,1813
907,0
3,0
7246,7382
23569,687
7,0
1,0
1821,0
35,35
44,0
1,0
51,0
457,0
36,3165
12,12884
108,0
1162,0
58304,48145
89,0
4673,0
5,0
35,0
8,0
17959,80949
1,0
619,0
19,37862
2701,2629
1,0
11,28866
1264,0
1074,0
2,0
1142,34178
1,0
19,16099
3,102230
78241,124435
73,72741
2,111841
5720,0
1,0
9695,8807
63,0
19701,0
5,14805
1482,67304
6,0
13584,15619
5674,4985
7414,29823
13621,13664
16,0
2,0
245,0
29,0
63,0
15,0
3439,0
21,0
36395,49330
43,0
1204,-1323
2,2497
3452,12474
65,0
14,0
40013,28095
21,2403
60976,61743
18,0
1485,0
451,421
32,0
81694,82155
2,0
358,0
12999,0
91162,73097
25317,0
41801,0
2,0
19881,0
15,0
148,0
9283,61996
39,0
1,52999
3,49
3283,3283
30448,0
22832,23008
13,0
2,0
4,0
74,0
98,0
3080,0
1814,30544
170,0
32453,46207
3703,0
26394,35874
22278,45171
175,0
3,0
17,0
47948,63840
2,76033
63,0
8209,54053
481,0
16,0
13583,47067
51,0
10776,-25522
217,0
45,0
1194,0
37183,41134
1,0
11,0
8594,0
647,655
1,47752
80,1695
65,0
133,0
4,0
616,0
2245,0
11619,11619
4,0
302,0
78012,88048
6,48799
7,63935
89239,84118
8563,8292
30,0
307,0
81,896
36840,35203
4180,0
39995,104139
36,-5148
800,0
94,0
3733,-257
39,0
34300,0
1,0
1,0
4879,0
101,0
1605,0
43089,79464
23,12684
11125,0
1,0
4294,0
12794,0
6286,33347
314,0
2786,16625
70648,80128
67,10995
5308,0
17412,0
5,0
842,0
243,0
527,0
23,563
68,36797
1162,49272
31,102911
1,0
1618,0
3167,0
9977,0
69409,43173
3552,0
10879,0
1797,0
1033,0
4505,0
82,0
2,0
27,0
15,11920
31376,10559
4,0
3909,0
690,0
2401,2423
1290,1290
66,0
1,0
56613,49457
52839,52839
15070,12409
540,0
463,0
4675,0
79,-1089
231,0
6404,6062
40,0
8688,0
29,0
20960,21482
1415,0
2,0
12,0
6186,0
2,99466
57778,102977
17465,0
1,0
9,55657
81494,81484
1775,22143
358,54776
30783,54087
2684,0
30,0
13493,0
3275,3960
2831,0
90115,90194
46739,46739
1,0
2858,0
5993,10174
66209,61805
72,0
4,69649
1,0
13,0
2,0
70344,63571
1,0
19,927
93291,97617
70,0
12,0
1,0
178,0
11161,0
667,42288
2232,0
377,0
55635,82370
3610,0
64838,59810
5,0
1,95560
1504,0
1,0
1,0
1714,0
1,0
1424,28710
9641,0
63,0
15297,0
49505,41070
33,0
19,0
48,0
46943,17727
24828,71563
770,-633
60381,72805
13,-39147
39839,38169
52,0
384,583
246,0
121,-1714
13,0
43,0
29343,0
2,22323
23,0
70,0
1,0
79181,79105
9244,8824
7800,0
48,0
286,0
1,0
5,0
146,0
35973,42684
81,0
200,110915
837,0
459,0
25,0
3896,0
5,0
130,0
1420,66166
8992,9125
49034,80868
92139,92319
162,0
1,0
9238,0
220,0
3,0
808,0
11047,14603
23,-5523
4,0
335,0
239,0
90018,85850
6211,0
62522,43236
356,0
239,0
1,0
92,0
18583,0
89,-152
232,0
35,0
277,74748
25745,13024
45883,77980
53680,53698
3,0
341,0
4,0
127,-11432
168,0
252,41179
142,-46055
1,0
275,0
5680,0
84439,77116
21714,3759
47,0
93,0
44,3240
4,59635
5398,0
24047,0
83898,80786
930,0
7386,0
40,0
6,64184
2249,5505
129,0
9,0
48388,48951
311,0
223,0
3,0
329,28630
35881,35153
480,0
6,0
168,0
18,-12642
3,0
2956,0
1,0
94764,92006
356,0
2324,2768
128,0
6269,0
283,0
3,26963
1,0
112,0
1,0
36,46052
645,0
1153,64775
30687,55322
28,0
4,0
6719,5826
31,0
198,0
97803,96532
11,0
521,0
45650,63234
672,-5311
59,0
10,0
1,0
25,0
4,0
55330,0
1,0
1,0
1,0
12039,-8612
88534,67994
1,0
2,0
31460,37644
98,78483
4,0
28,0
4,0
242,66432
155,0
3,0
405,0
28565,34038
1,0
10,0
1,0
2498,17325
58446,24417
1443,0
3023,0
10309,0
102,0
781,0
2,0
1,46636
364,0
120,37113
10248,0
26703,10906
203,3511
82806,66481
28,48827
353,0
9580,86489
34661,0
11,0
1,0
21358,21487
31774,-20779
25,0
1966,0
1,0
1,0
166,0
108,0
14558,15136
34,0
1,0
1,0
3,0
12,0
2,0
49,0
34,0
1,0
487,0
188,0
91971,162248
14518,13130
26955,56346
3719,0
273,35767
17,0
1,0
187,0
12409,0
1,0
2,0
2,0
91644,91271
68462,92160
11695,13290
1,0
33,0
1,0
4187,0
47,0
3,0
1797,0
8,0
6,0
60,0
3930,-3308
5691,-5078
9,23432
19956,0
56940,78939
6,9907
8204,0
40,-20076
5664,0
1,0
1,0
1,0
668,0
4,0
8355,2713
1,0
88734,87598
870,671
12682,0
11,0
59664,59664
2,0
4,0
106,0
1,0
1,0
22,0
16,19625
6,0
40,23167
29,0
975,0
2512,0
35,7803
6936,0
291,0
7293,0
936,0
21793,117465
11026,18008
20,0
4736,0
9,0
27539,75587
7950,0
1,-12989
4875,0
21326,41492
50111,41609
26,0
3,0
1,0
66,0
53015,70868
100,0
1381,0
830,44970
8621,1921
8846,0
37495,39460
26505,0
294,1818
4,0
80,0
4859,-37209
85,0
26,794
11,0
58,0
16,0
14,0
53,0
3992,0
1,0
55694,58367
7,0
17583,65516
14,0
1338,0
1,0
17,0
103,0
31,0
21989,79284
7,0
14,0
8,58447
4738,63359
34977,0
3,0
35018,96337
84601,101621
10580,30627
58123,70515
41601,40876
6938,15730
683,0
11371,0
3,0
53,29439
3325,80249
255,0
205,43845
1744,0
1,0
5601,0
29,0
57,0
95190,71000
8,0
7857,24071
33,0
4,0
6119,112606
1204,0
144,0
5,0
18,0
6,0
196,0
6,0
556,0
31,0
12,0
46,0
16,0
503,0
6868,6868
2,0
4,0
1036,0
1,1
2,0
14,0
24,0
6854,0
50410,107110
1792,2270
11685,0
134,0
47849,59697
14506,-1769
4978,0
2473,0
36,0
589,20508
13127,13574
1,31484
27,0
162,0
737,0
22,-2272
1067,0
1622,0
5,0
3,-44245
5,0
10,2097
21,5063
6418,0
6,0
423,0
21,40632
11858,-95
766,0
5081,0
8,0
25399,29834
141,0
17563,0
285,-11683
295,0
152,0
4472,0
410,0
39,0
11172,25208
1240,45346
32403,27706
7818,0
125,0
291,0
142,0
956,35191
611,0
27,0
81,0
152,132550
2,0
4,0
824,0
2857,0
47,51648
1,0
12,-41894
63,0
393,0
41977,52629
2,0
706,0
44,0
51683,63852
690,41564
154,0
56855,54101
1,0
14265,59662
23855,-2987
2,0
13119,37507
30,0
377,0
31,0
272,0
29,0
2148,9534
2,56612
2167,-7184
11,0
16,35105
35,2253
4999,0
9224,9891
19,0
12,0
9993,-12030
3,0
83,0
209,0
4,0
10034,0
26615,0
384,0
26,0
101,0
243,0
42201,35663
92142,92128
1682,0
245,0
189,-10854
341,0
38,82393
12,0
13584,0
1,50015
52,0
17421,25515
3558,824
560,15396
21,0
18139,37
2164,0
11324,0
11,0
871,0
3,0
20,0
7,0
3,0
40151,49024
96,0
64,0
61260,104041
1,0
113,0
98014,82887
1,0
1,0
11840,0
5089,6299
2,0
1,52601
4452,0
8485,62659
10274,10151
73,0
439,0
143,38309
5,0
107,0
20,69282
2341,0
37308,44861
16984,51448
55319,55319
7,0
3394,3394
1,0
11569,82602
43,0
1185,1183
7145,0
296,0
609,0
1,13791
3,0
63,67992
9,0
68,0
1,0
44,0
6460,0
30050,52992
11000,0
7,0
14082,64413
48613,56571
1,-5243
110,16109
7,0
716,0
14033,55103
1,1630
2987,2039
1123,0
4109,0
172,0
2,0
1,0
9,0
16,20725
52109,60898
13,0
154,0
2,592
25,0
245,48194
4,0
4328,0
1931,0
1,126260
27,0
1,0
2,0
1,0
311,0
7789,20146
2,-52
1442,1529
2,-156
14,0
2543,50064
1161,1161
970,0
6050,-25965
8442,33337
5403,0
9897,1985
54225,43374
27,-858
1738,0
17,0
4,0
4,69491
7726,7707
85,0
277,0
110,54299
2561,0
26070,94433
32,74678
6650,0
17,0
5702,0
6,0
15,0
6652,0
30260,33407
1235,0
2,0
52751,104986
51,0
140,0
60167,60168
64653,83080
637,0
25,0
1349,0
2537,0
29,0
470,0
2472,0
8,0
91,0
1,0
3761,4659
4,24033
28677,0
32,337
1601,0
1,0
40,0
74,0
5531,0
6823,-31298
214,8115
82,0
20368,70969
95,0
231,0
1,0
17854,0
4,0
14997,0
51,0
19,0
12381,34641
6,0
6,0
7,0
2,0
20537,43493
4332,0
50,0
31,0
1308,0
493,0
19086,0
5131,0
153,0
2,0
23195,83917
535,0
77143,132067
2,0
744,0
68164,63577
2539,0
5,0
170,71995
4,0
124,-273
8,-1736
6,0
23,38501
2630,34003
308,21047
50,0
1,35088
3241,44965
30377,44149
63589,59768
2520,2655
3,0
475,0
3,0
919,0
1,-1719
100,0
3,0
43286,33280
432,0
2,0
61959,62087
64,46731
3,0
19,0
6,0
4650,62804
6823,6875
28,0
3,0
1,0
3759,14892
1,0
1529,0
1442,0
395,53423
1,58713
1186,0
2,0
5,0
10686,0
1,0
503,0
3,0
5,59101
115,0
91,0
59084,76620
81040,74611
46137,72305
14,0
1,0
393,4590
1004,1063
31,0
13,0
9695,0
4,0
79,0
30,45977
1085,0
15,12575
64,38293
6230,0
49670,87289
67047,67555
2,0
31097,0
213,0
1,18060
66077,58249
8402,0
1,0
4428,0
4045,0
1,0
69,0
11,0
59448,64734
16353,6019
6402,0
7870,8446
8419,7388
61,60
19126,36815
75751,68849
5,27581
88,0
28,0
63,0
4074,0
30517,46827
8,7191
8021,0
506,13470
408,0
1379,-40551
8078,0
6,0
8,0
39,134
293,45478
156,0
34851,10112
69824,58343
170,0
1,0
8868,0
24817,0
12,0
18676,18337
491,0
7,0
482,0
464,0
13792,34261
175,0
1,0
32576,0
65570,55701
7005,116469
1905,0
634,0
2,0
32,0
1,0
558,28238
9,0
5,0
6,0
102,8678
856,0
1,0
4330,-6733
238,0
12,0
28,-96830
24158,24158
88,0
63,0
55143,61137
61,0
354,-31264
1,0
336,17685
5,0
2476,77145
1754,21970
10,31880
3666,0
1,0
1310,0
24797,49112
10,0
110,0
2022,-62216
46230,0
46,4339
611,0
32248,0
30507,36531
8956,-1270
1013,0
2505,52064
12166,12167
12,22792
287,0
160,0
1,0
21,0
273,29737
723,0
674,0
290,270
1,0
65,0
3,3653
286,-27637
567,0
4,0
49,0
31843,95096
88687,98189
134,0
2,0
7797,0
3451,37872
9734,0
22,66707
11794,0
27,0
61539,66227
22,0
272,0
207,0
3,0
5984,0
14112,32307
10,0
15,0
1625,0
9,0
868,65422
45754,87958
8,0
182,0
1,0
48,0
8,-602
1,0
375,0
91,0
8115,0
89,0
369,18616
95804,95973
10098,10253
4,0
591,0
1,0
355,0
2946,0
4,0
10,53909
79988,50064
444,21377
18,0
1,2605
1,34217
19311,144219
1085,0
21,0
16,37806
21,0
238,69197
3,0
21,0
1,0
10,0
1309,0
4015,0
40,0
658,0
13,0
18,0
29221,84118
4,0
25010,22035
73718,43498
216,0
34,0
793,789
13,52409
7,0
4332,0
55161,63908
1,0
51,0
57201,35947
1694,0
6,0
78275,30775
34,0
43,0
88,0
10,0
3,0
220,0
37377,0
65,-4539
2611,0
5210,0
42379,56211
45178,50615
22,0
5,0
2,50692
31154,0
54514,57955
2,0
59,0
73,0
2,0
366,0
317,0
1,75161
1,26096
1,0
478,0
431,0
1,0
40670,47911
2,0
591,0
132,0
5130,24091
1,0
9,0
14852,0
1,8939
5046,5046
1934,0
66915,48699
633,0
8261,119102
657,0
1870,1871
30,0
30064,32820
493,61684
12321,0
4,9726
93,0
20897,0
16,6981
7648,8876
23258,0
9349,34479
13580,0
64,105968
6,0
1,73880
46079,45971
49,0
25,0
6420,61054
1537,0
40,0
193,95941
425,43214
4,0
29260,0
1,0
30365,44877
30,27017
3030,1656
109,37749
298,17253
4425,0
48188,0
41,0
3028,0
4,0
96991,106951
3496,0
38308,39135
246,0
9,1939
20,0
1720,0
22055,-17457
7,0
63,0
130,33892
16406,21296
2083,6905
4197,0
771,40139
14,0
1,36358
42750,40561
26,0
15384,118561
40,0
66,0
42110,54888
2,0
306,0
385,0
536,535
39,0
44,0
1,0
28182,30070
1,20
203,57960
30456,29156
47509,65533
1394,0
65,0
15,0
95,0
1,0
11209,48960
1928,0
58878,89050
260,64372
906,0
1,0
1462,3445
72201,73437
14153,50839
12,0
3439,0
1,0
1,0
19685,0
11250,11155
823,-6681
8302,0
11685,0
80301,67504
2364,0
3814,30440
25,0
283,0
3,0
224,0
83,0
45,0
6841,0
8834,12761
55335,53079
22153,29252
4925,5452
253,9112
13,0
1,0
2058,0
112,0
91,0
203,0
165,0
26351,0
742,0
278,0
2,0
34,0
25002,0
98982,105696
1031,0
1,99661
32,0
16787,45073
554,0
18,0
4011,0
29,0
256,0
4,62651
9841,-13874
1,0
6,0
2289,0
21370,0
5,37401
25578,16770
53,53
69829,38020
250,48513
6700,27715
14342,14351
3,0
4,0
51,51
32,-6439
273,56281
8970,0
3,0
8831,0
75,23375
9738,23356
898,0
84,0
4404,0
2527,0
153,0
2,0
22,0
151,0
6313,0
45514,82166
301,0
302,0
1142,0
79,0
19,0
7223,6996
1,0
91,0
1087,0
3994,0
49,-1262
56,35115
8,0
7187,0
49525,74670
4,0
184,0
10,0
6699,7916
44715,44904
6,0
2903,31950
5074,76466
1,0
72,0
7251,0
51976,29244
5,0
3000,0
7759,0
1,0
259,0
3960,0
14721,0
27,0
1017,109439
360,0
65081,92934
1,0
3775,0
7274,0
3181,2349
5,0
1889,0
111,0
9,0
6,11984
61282,55436
5102,37712
19,0
1005,0
1,73988
2260,2264
14118,0
4526,11649
10354,0
5950,7540
1130,7746
1,0
258,376
13897,13897
14581,40274
3026,7654
14007,47945
1701,0
19072,14253
1418,-1962
56,0
151,0
27,57679
1232,0
283,0
6,0
1,0
3,0
178,0
357,0
1,0
513,0
5,0
715,0
84814,83645
93,0
87,0
4,0
1,55927
11462,0
28049,57175
2,-3567
259,0
17087,55691
31823,31350
59858,74735
376,0
27167,73188
49890,48894
1,0
33,68883
1,8305
580,0
633,0
10112,0
228,0
105,-22930
1574,1321
2,0
23442,73000
1273,0
2297,0
14,-6186
16,0
2215,35668
1,63179
13486,25299
36079,0
16385,0
88,0
20,28482
1815,0
1687,0
1,0
5056,0
17,0
58210,78858
160,0
3870,0
473,0
1484,0
4,0
7,0
169,0
6,0
1,0
88323,137121
715,0
7066,22599
208,0
88847,87748
5519,0
1,10314
2,0
5,0
7,91188
12757,-3655
9,0
4,0
14432,0
2,0
1042,0
1,0
318,0
3018,0
1794,0
37,0
349,0
12518,0
328,0
392,44832
65431,69213
40671,51897
422,74059
9,41726
195,0
186,0
8478,0
1,0
916,0
1,0
11,0
3,0
44,0
99,0
354,0
836,0
392,0
18486,78637
414,0
136,0
3660,17107
21,0
26817,5382
106,0
1,96135
2,0
2173,0
5595,0
343,0
3673,0
142,0
5713,0
12,-1159
53117,53173
1,0
13570,14327
289,31903
27212,0
2592,0
3678,1972
1,0
3,0
473,0
5781,0
23537,0
204,55338
2109,0
2,0
5,0
1,0
9419,0
1887,0
17,0
1,0
10722,7363
1770,0
1,0
2,0
6,0
49,0
8580,13763
1,0
432,0
24940,25756
986,0
185,0
23680,32384
83,0
73,0
2611,0
2,29205
1442,18838
4,0
11255,0
90,0
608,847
4390,0
3,0
452,0
391,0
105,8323
676,0
657,0
160,0
38995,76781
7534,0
189,0
5,0
3,0
43,0
8948,58636
73,17955
2451,86214
29,0
42872,98669
99303,101682
782,0
1896,3776
3,0
71,0
862,0
14,0
2476,60453
183,0
74048,99600
4,48218
265,0
151,0
1501,0
10,0
40327,40327
32693,43166
493,0
1593,0
47206,0
7,0
130,0
1,50
63958,49881
13087,13251
98068,114001
2650,0
17,0
1,0
29181,43636
2238,0
58839,65903
13620,0
26253,43473
91,0
77699,65376
1,0
79122,114762
4,0
45388,44888
4,0
27288,29748
2,-2
216,0
5970,0
16,0
1,0
334,0
28085,28085
107,0
27369,56299
14763,70509
1,0
62,0
3376,0
430,0
290,0
2964,0
25,0
73,24321
32536,45776
84991,65107
1462,0
628,671
19,0
6,20005
1943,0
575,0
9,0
13,0
17414,28891
41320,0
78,0
3510,0
6418,0
26,0
36,7023
702,0
6,0
460,460
78277,82011
4,179450
60,0
890,0
1,0
15159,0
38243,75527
123,39069
4,0
21117,21687
151,0
44,0
1766,0
4897,0
1,1
5,0
10,0
321,0
7,0
538,109635
823,76487
122,35461
20,0
1237,0
613,0
66236,70271
107,1341
25,0
971,0
73,0
7,0
41250,0
277,0
5474,0
93,0
4103,0
799,0
1,0
589,0
123,0
16,32544
9,0
74,0
44,0
8462,0
223,0
13,0
1586,0
2516,0
742,0
1,0
11268,-2703
60,0
1119,0
55831,-6088
359,46279
22010,44590
4827,0
1,0
1,0
80,0
872,0
12651,77504
6019,4370
1773,0
365,60694
15858,0
32265,0
30,0
19,0
608,0
6,0
54466,97195
5326,0
19,0
52,0
1,0
46063,48726
14620,31490
2,0
2831,0
6730,0
978,1246
1,0
29,15793
59,60
384,384
24733,43099
9804,9771
25881,49865
18639,0
16553,0
1,0
366,0
1,0
1868,-34365
70,0
1227,0
2477,0
13,0
1405,0
41,0
30,0
74,43311
1,0
21954,22204
20688,20760
1134,46134
34,0
603,0
217,0
47783,47780
33018,0
52748,50303
32,0
1185,1103
89170,81681
9666,0
116,0
17,0
95212,133338
64116,67279
2,63502
114,0
102,13986
3674,0
6,0
84,0
3466,0
992,0
74091,71115
76,76
10,0
631,0
110,0
39,0
126,0
7,102673
1,1
132,0
287,0
33825,0
410,0
9,0
67,0
39009,47957
50134,107767
1,52446
6,0
73,0
2095,26993
726,726
6,0
83,0
14,0
2192,0
12,8297
26312,26443
72234,55426
19,0
2188,0
139,0
32716,0
3419,41190
813,0
2,28048
2570,0
29,0
269,0
81774,80812
5,0
6744,6784
9006,0
87687,88675
5846,0
2,76507
88,0
20227,0
1,0
263,70138
7328,0
3,0
7,0
27,0
47322,10542
57,0
7,0
12588,10569
26,0
5015,0
2,0
477,53613
10,0
3234,89588
6057,8097
1,0
1,0
11980,0
1123,0
23,0
9,0
958,0
447,0
8,34351
8,0
31071,0
8066,31784
7,0
1419,55266
5,70535
14,0
61,0
15437,20239
154,0
254,0
468,0
11,0
687,59406
7225,0
8,0
22355,0
20415,3838
1,0
5373,57036
25911,30069
1110,0
368,0
2,0
8,7
2831,0
2,0
734,0
10,0
4075,23116
17,0
4,0
587,11558
92791,66294
2,0
1,79440
710,0
1,34942
5,0
3,126473
201,119706
2897,0
3092,0
6654,0
7,0
7,0
10850,13127
84,0
1,0
79,30740
105,0
42,0
845,0
8323,0
30,0
695,0
47,0
2896,-4356
83225,123487
50118,96623
2,0
1909,-19643
3,0
2,0
5,0
33,0
79639,33225
12,33144
199,0
4744,0
1123,0
21075,0
2301,0
21240,97697
15,0
5,0
35905,0
5536,0
21907,43477
1,0
26091,-7592
1810,0
442,0
12781,26720
22,0
41434,47655
508,0
7056,0
1716,0
280,0
1806,0
24519,24525
1,76252
10,0
1,0
10531,0
479,0
816,0
745,0
21473,0
9,131299
529,0
42538,60904
20,0
7044,36981
498,0
1814,78658
3977,35840
311,0
3,7000
1936,0
855,31875
13218,13516
74449,56103
1,0
99,80101
2,0
27,0
9765,0
12,0
6538,0
6,0
671,0
70980,76682
1,0
4580,20295
16535,85803
130,0
12637,71286
142,143
1049,0
25,0
4,3952
1,0
6874,0
28,0
4256,0
13,0
1,15177
4370,0
13,867
12785,22530
13,0
284,0
14446,18033
1,0
1,0
1,0
5,0
958,0
2441,63298
10,0
8358,8358
35,0
2,0
1,0
78816,67029
59930,59869
7,83548
1,0
3015,0
8,897
31473,20922
1,0
324,-25042
44,0
115,0
12957,39262
6,62104
3894,3897
2315,0
19137,0
15,0
1,465
94373,98889
51141,61097
49812,64628
1,0
3,0
1,0
2469,33231
9658,9658
14,0
7,0
5838,0
58,0
296,0
12061,102405
31063,25687
4771,39724
35,0
7101,12365
1,0
1,0
1,0
1,0
40620,34873
6,0
87689,105699
184,0
1029,-2964
8,0
15808,16182
133,0
41389,57953
12753,12749
69071,30534
3740,0
37,0
4,0
2,0
33340,30537
12197,13917
6,0
35,0
31214,25709
55579,55610
2386,0
21,0
3,0
14892,0
955,905
41711,67198
127,0
62,45918
32597,32574
11292,0
12,0
1,0
57693,73121
1,0
4805,0
1,65317
1497,1617
68,0
172,-36428
61095,61053
10613,10870
18,35255
45780,33969
84,0
7901,0
185,0
4837,0
1649,0
105,0
58222,52973
15855,0
1895,0
3,29301
2,0
10,0
27694,55391
15762,-12900
1238,0
1,0
19,0
70,0
1,0
1,0
1,0
3124,0
2426,2367
64,0
3,0
34,0
12367,19417
5,11882
8840,72044
20273,0
51091,49282
3,0
75,29427
46,0
3708,4198
1,0
3,0
5,0
7727,10180
59034,60249
55988,76774
71216,80607
655,0
33195,33903
19602,0
7396,30314
17349,0
10,0
1,0
63,0
5,0
493,0
4970,0
14,0
40532,94415
2697,0
2,0
2,887
948,0
27,112206
852,0
7146,75947
1,0
9345,0
5,0
56203,56052
12766,110888
339,0
2,0
657,0
20863,83530
2,0
901,0
2,0
1,0
1,0
3,0
7309,0
324,98854
39,0
195,0
723,6178
4,0
79,0
2265,0
58,0
59,0
3,0
113,0
1,0
57881,51066
1,8938
511,-687
158,0
39,4240
4,103564
39704,58765
7012,16143
3652,0
34878,34646
57931,73379
29,0
2,79217
103,39796
302,0
1,0
54649,27085
1374,1456
6,0
25557,44857
566,0
25,0
504,0
14,0
14062,0
1,0
1061,0
1278,0
2,0
8763,10086
533,0
2403,7777
2,0
2,0
1134,0
11750,18970
438,0
3,0
5223,5222
28944,0
2,-9493
38,0
1,0
929,55187
67,0
4,0
180,0
3657,4873
26099,48571
1007,0
107,103
4306,-788
48000,49289
443,0
136,0
1299,0
198,0
21,0
1126,0
33,0
415,34303
17,0
1700,0
41673,0
37,0
14,0
10,40666
1,0
9117,24325
2570,0
289,306
9601,0
26304,85235
21,0
6398,0
8,0
12,0
54276,74883
20565,-21542
2076,0
368,0
29010,11275
4897,0
230,0
46,2402
12386,-117
5006,0
379,0
1272,0
87318,87760
33,0
12,0
284,0
89,9497
39,0
12858,45606
2246,0
3,105081
14,0
3,0
39538,76612
138,0
40110,119959
6,8184
2,0
1110,0
16372,0
1255,0
6927,6919
9,302
58,17085
364,69460
101,0
54242,37562
8958,-12197
1429,0
356,149377
4,0
507,0
296,0
270,0
2540,0
57,0
10441,70062
43,0
14,0
19,0
166,0
54787,70291
49759,164560
371,156951
3,0
2145,0
4164,0
5251,0
1,0
72328,88372
482,0
66,0
4160,0
75654,77853
2,117495
5468,5468
78,0
840,0
9158,0
11618,0
523,0
992,35644
2741,0
20,0
304,3324
532,62539
4793,0
1026,0
9,0
1,0
2,0
13188,92288
14255,14730
33,33
55,0
2291,2351
13921,0
2485,0
13,13093
16984,54326
2435,0
6,0
3359,0
1976,1987
73872,92776
6299,0
12183,8065
392,-9424
68,0
46446,14609
73989,92751
7,0
472,42230
118,0
3630,0
16744,-20029
11,10255
1378,0
1,0
489,0
44754,44057
2,0
337,105109
1,177953
18828,66900
3656,0
462,0
71,0
768,0
98,0
39278,53303
3123,0
37,0
53923,36616
3,0
51,56306
29542,51735
1,0
27,-33646
4825,5006
4368,0
7,77716
8,0
19,0
2,0
30902,79809
16,0
68,0
904,0
330,0
115,0
6,8335
2038,0
2576,0
37950,88212
600,0
1720,0
3030,0
10497,0
11,0
8,0
96,-14686
51031,66683
69367,75041
1,0
13,0
18642,22104
876,0
25,163036
40,0
56678,40109
8,0
28,0
14,0
11196,11380
3658,0
26842,0
10,0
34098,71080
60928,56334
131,0
4,0
7876,0
1,55558
85249,71851
3889,0
1,0
1454,24852
1,0
447,0
2945,0
5,0
7,54657
1,0
354,0
26,71861
13,0
12,-25
16,0
13723,13691
1,0
1791,0
2,-21349
13,0
583,0
8,0
20108,37221
81,0
23006,-3339
6,0
2234,33590
96,0
8886,3612
17229,0
8668,0
1,0
1220,0
21961,70545
81371,78050
17,0
9,0
7,0
616,0
5555,0
1366,43724
5813,-35920
1,49467
12,0
4008,0
246,0
153,0
1231,0
63221,29651
1,0
36755,48120
7308,0
1,0
351,0
224,32151
6015,0
19339,54190
1067,0
6319,0
13698,13698
19985,17714
17,0
62,0
43,0
16,0
178,0
2091,14809
61,0
15,0
93216,87891
888,16781
12927,0
2,84125
28,0
923,0
10028,0
7,0
968,111371
2012,0
52,0
3816,0
1,0
152,0
3576,0
46875,39482
1,53169
79545,83199
2,0
55,0
8,0
88,0
813,415
114,0
4499,17842
27798,45335
45,45
53,0
1422,9407
74430,72041
13,0
11778,0
1,0
46,0
67822,42535
157,0
2,0
2515,0
5110,0
37992,38741
2232,0
463,-14297
11,0
53047,1248
68,0
2,6394
11009,12176
11350,0
1722,3416
92,0
13,13
223,0
601,0
1,0
1,0
593,0
1,27491
64,27231
36,0
99,0
12,0
106,0
513,-23701
1301,0
89,0
445,0
1532,0
2219,0
224,0
13,0
16486,16499
26,86007
9,58417
5,0
2469,19349
1641,0
4,0
1533,0
1,0
1253,0
1,0
392,0
3076,0
9,0
3164,0
5681,37907
11,0
1,6143
23,0
64,66133
144,0
2506,2522
39,43860
29,0
1833,0
12,0
90126,134468
862,0
334,0
15195,0
132,0
3,0
28,0
76,0
557,0
49889,64859
14,0
66,0
25,0
68,0
75,0
40,40
38,103663
2894,0
39,0
2966,0
3455,0
33,0
41120,55078
1568,0
23,0
684,0
54,0
2,0
8874,0
4,0
68010,91718
30194,56089
281,0
118,6944
1821,28858
513,0
3,0
6,0
5,0
50900,26184
8,25
23,0
1559,0
6341,0
223,0
16766,85456
4969,3885
34213,34462
85303,80744
2,0
37,0
1346,73318
73754,68659
61798,69194
341,0
1525,0
2097,0
21320,0
375,0
19213,120111
5182,-3154
8,0
853,0
85,56969
73356,72440
47,0
23390,0
21516,32060
3721,0
14687,16461
9,0
3,0
304,0
77,19230
215,0
85,0
2128,0
4,0
4,0
136,67668
13775,0
157,41616
2,55356
2463,0
9924,75256
28,0
40940,42084
454,0
34452,0
1,0
24455,0
12,0
1657,0
28,60831
6,0
94696,85269
2675,0
10,0
8644,43303
3,23563
71679,71861
23096,0
5,0
3,45423
23217,67845
6,0
2,0
537,0
161,0
2,0
71653,71503
323,0
3025,0
2,0
1,1792
19,0
2,0
34634,71080
854,660
1451,0
116,4916
29,6311
62450,69050
3115,0
60060,63816
72145,70874
206,0
6,0
8,0
227,0
3178,0
116,26978
42,0
1,0
189,-6785
59644,43253
17,0
70333,63760
10608,14051
910,0
6,0
43,0
2,65380
8583,0
1,0
42,77942
399,574
598,0
20,0
29774,75581
26581,0
7724,27392
1210,41318
3,0
2269,51318
1391,0
36982,50487
166,156
5,48064
32180,64269
2975,0
40656,27290
38,0
70918,112866
71,0
348,0
4,5767
2012,0
823,10870
1,43242
1,0
3,0
2,0
93830,101086
127,0
1,0
10,44862
4,0
1869,0
794,0
101,812
34412,0
30652,0
26,1866
855,0
41145,62055
9558,6248
7,0
37,0
13590,3137
1,0
10308,10189
7273,44005
32964,137092
30585,135395
16,0
1,0
2,0
68,0
269,0
6,0
19840,14831
72708,70912
9,0
27461,27517
5248,0
2366,5333
1290,-3923
2628,0
838,0
76,0
5083,71882
8867,0
684,0
178,0
8645,0
1,0
1,0
47,0
172,70213
3639,-12153
60947,43414
30,0
6054,12655
1,60943
6,0
39,52199
6,0
2,0
5,0
1,0
3,0
6012,0
4,0
81,0
511,4270
47330,82611
2016,0
96,19809
16295,16199
10,0
4,156
269,0
4442,643
100,0
18,0
1,27349
6,2435
104,0
2,0
12,0
76517,52415
4788,11803
39426,57111
7393,-29507
9,0
367,0
7,0
6,0
2611,80939
75,0
239,0
420,0
325,332
345,2535
17,0
84545,84545
1276,-153
5,0
34818,24296
18266,0
37,0
852,0
286,0
10,4199
491,0
127,0
684,21946
34,0
4570,0
5,0
4,0
5350,2870
86714,106342
38200,36496
2,0
54,14197
15248,0
53,0
5,0
1,0
3941,3941
192,0
3678,64735
121,0
4088,0
990,0
82724,171435
7,18263
3,0
21,0
51,0
1,0
299,0
11,0
32139,0
50,39658
9,19049
2234,0
8,0
7138,7137
53650,65770
19906,19907
129,0
289,46706
12,0
4465,0
485,0
852,0
108,0
30560,0
3,0
14,0
95594,97520
24972,37911
3,0
19226,0
23156,28861
1,0
242,0
49623,62835
154,0
53,0
6,0
122,0
9936,0
3,0
10,0
4477,0
1,1
3536,29808
3,0
4,0
3,0
70,0
1,29929
19798,20823
1,0
7,0
6,44311
91563,109611
1,0
55,0
6675,0
11,0
4,0
2,0
1,0
1195,0
2,0
1,0
218,0
4,0
5,3
17,0
26,51910
568,0
2006,0
1,0
2904,0
2,0
249,-18
10830,0
716,0
3067,0
5323,0
81219,84530
2,0
769,0
9609,0
13,-14542
12891,0
1816,0
22307,12518
265,43321
24310,27986
2,0
795,0
49900,68587
18,0
2640,0
2,-631
842,0
1071,0
71106,77460
9,0
80629,126051
74092,53175
20573,20886
1,0
257,0
6,0
1,0
247,1494
1,0
206,0
11,49601
7614,7538
1,0
210,0
5,0
97095,99238
96,81727
12441,0
17850,0
7,0
11993,0
18,0
1954,0
70,0
9,0
71488,89366
4019,21232
3303,-19360
1,-706
98492,77237
29594,76165
6,0
1008,776
189,0
6602,0
1,0
11,56095
287,0
21,8665
1,0
9147,-968
4,0
8296,0
1,0
1290,-11260
21,0
365,0
134,0
2,0
2719,0
2335,0
6766,6766
6002,0
5484,0
76,0
2526,0
21,0
165,0
16257,34875
359,0
138,27899
24,0
224,-19843
2,0
697,14136
1,0
4,0
647,0
3178,0
4,22532
5153,-19398
33372,62786
333,0
7526,6274
80,0
1628,0
216,0
1523,0
5433,15072
44508,67450
110,0
17,0
859,0
23,0
24,27
2,0
95,29125
18373,18448
1,0
1,0
2891,0
6417,0
1765,-7835
5844,0
966,990
214,0
1846,0
3039,1008
103,0
692,0
3,0
56428,43870
4202,0
50561,55236
52764,47559
6998,0
11,0
79740,70899
39,39
4669,-18197
7,0
1398,0
3035,23799
36527,166502
2,0
5,2859
2788,0
6,0
6474,17827
159,0
1107,0
23,0
260,0
1216,0
148,89615
80298,73924
11,-8058
5693,0
4,0
37128,37086
88186,88399
7109,0
8,0
4,0
9087,11963
195,8033
402,-5026
1699,19598
43,0
338,0
21506,0
119,108036
267,0
30,43232
22354,0
1,0
1,0
4833,29838
1788,16393
118,0
7689,55695
187,0
46941,54926
64798,64944
62495,61784
11908,89708
122,0
2,0
192,0
65711,72983
370,22438
201,0
10231,77574
104,0
5295,0
92,0
95,0
386,0
2,0
942,0
1139,0
1,0
12871,0
11,0
741,47099
5,0
8660,0
5,0
5439,0
71,0
37971,61786
220,0
2,211
3698,0
3,0
265,0
15145,2867
13,0
7,7
76314,110218
1,0
116,0
5,0
66,0
91388,93192
60,35020
1159,0
1,1
565,0
136,0
1224,0
307,0
1202,0
1,-267
10386,12979
4687,20866
1453,1453
2453,63823
49,0
6696,0
1,0
14,0
36,0
1,-2339
1,23153
1,0
63,57640
2,0
22,0
11,0
610,0
4,0
31,98750
3,0
588,0
5,0
18559,0
110,0
12,27200
7,16180
452,0
3383,4769
866,0
22,0
5833,0
69,0
18265,0
1,0
35610,0
58,0
18216,0
3,0
26029,125753
105,836
55499,87182
6427,0
2,27602
2,0
38,0
54212,30451
95531,73964
419,101307
6661,0
28,36260
22291,29487
165,0
6,0
228,0
181,0
1061,1061
25252,28774
7,14749
117,0
4,0
8,0
23,0
1615,0
1,0
26,0
1400,0
5,0
38,0
4,0
37297,26212
62,0
99,0
16,0
29185,24470
5,66737
9154,0
2,0
5652,0
2,0
22,0
7,0
1,0
50788,0
17,24281
101,0
20,0
7,0
45,0
520,0
19,0
229,0
1383,0
2958,15973
3667,5858
7,-12
1365,-908
2,-4267
1,0
7116,0
2703,0
5874,5622
1428,0
54,0
17860,54740
45787,77143
127,0
6,0
19,0
24,0
1979,0
353,0
2,0
3,0
3,0
55058,0
8,48442
45,-19363
53,24543
885,0
1,0
113,0
11534,0
7231,0
23136,17017
91,626
4458,14877
3339,98437
437,76890
2304,0
390,0
2300,0
1,0
79422,118180
61,0
369,0
507,56457
1122,0
2,0
38,0
79542,104842
2,0
36121,49201
1,0
26251,24114
5338,0
51,0
306,0
547,0
6661,6643
92209,123033
17,0
4244,6506
130,0
5453,0
13,0
50927,50398
19742,58355
233,0
110,0
6,5887
3795,-9557
1324,-18984
834,0
6163,0
86067,124919
242,11618
3,0
4193,4001
822,0
61,-7831
687,1210
16,0
1,89699
1112,0
38008,104451
313,0
6175,27642
27545,0
2,14470
1,0
8,0
3,0
6556,6554
2499,0
13,0
54188,54750
630,12790
8,0
3,0
725,0
2568,0
3,-13438
1455,0
4,0
12,0
146,0
24,0
17,0
30501,23145
12,0
9,0
7294,0
66616,84274
61,0
75,0
1,44644
3032,-15967
11721,39547
14347,6190
4276,4336
5,110926
71674,62539
54,0
62,0
70460,64772
622,0
20204,62415
33391,0
269,0
1,0
38343,38414
38627,114729
929,0
1,0
2374,0
143,0
1086,0
21457,0
53,32807
147,0
7,0
204,0
90308,107938
19609,19819
10985,12211
112,103
5,81651
60,0
19,1324
12,0
10,0
5374,0
57,0
59,5329
88,0
3583,0
5024,5022
13,16168
5,0
1891,0
720,0
73,0
6315,89563
19204,28529
32,0
24,0
4,0
58760,99530
2584,60790
52781,57565
56,0
14132,14140
124,0
55,0
332,0
2273,58152
79366,86794
274,0
560,291
353,-24008
68,0
189,0
1007,-24684
13,49820
8888,0
4,0
380,0
9,0
724,0
66245,108905
2842,-37464
46,0
2318,37726
2806,0
20353,-13620
9947,22598
3226,0
3,0
340,0
261,0
14,0
9,-600
2322,0
35,18898
21297,0
71,0
24,25372
1,0
17883,0
3867,0
4515,4515
10,0
2371,0
1474,0
16,0
2,0
7230,5548
279,0
1,36651
5,0
6200,0
50149,59299
46,0
3901,0
10,0
1,0
3,0
4420,0
270,0
3333,0
70445,55527
16877,0
80658,76467
1,56259
14,0
4,0
8140,0
16,77055
60,0
70,0
16469,43076
367,0
49,0
18727,17760
8,0
155,108036
1935,0
1,0
101,0
5341,40007
1,0
6,0
1,0
42,49069
4216,0
28,0
19203,43707
59534,94236
2,0
17502,0
12,0
550,0
216,0
3,-1206
5490,0
26753,53581
13,0
1107,0
60,0
2,0
26,0
253,0
3,0
1726,0
28,0
9,0
573,0
243,0
266,0
6720,6720
35,35
2,69506
25,0
5054,0
2423,49975
6086,0
7754,0
1076,0
29,62447
48665,47033
23,21180
13673,-20405
5,0
341,0
3,0
17,0
1,0
9,0
2,0
31,0
7,-2296
1,0
1478,0
28,0
114,0
305,0
1,0
71,0
1,57687
249,77
4974,0
44,0
126,0
28,0
278,0
3,5434
13,0
4270,4388
124,0
90209,90344
2,62096
1185,0
22,0
123,56973
8849,0
192,0
30,0
768,0
286,0
1,0
6,0
35,66131
71,87386
5,0
552,0
20,0
147,0
87337,127420
25,0
4,0
2453,0
61,0
704,0
11442,22143
5,0
51259,77257
61,0
16759,0
1,98668
1,0
1,0
22,936
7373,0
2,48585
9,46787
577,0
4509,4497
7,0
318,682
59346,65196
6,71973
181,0
24773,22746
93247,164079
25,25
80,19738
62148,64598
15,0
5121,-31079
8,0
2038,0
14,0
96,0
16,0
21,20123
3151,0
1,0
190,0
13,0
17263,49540
2,0
179,-8409
626,0
253,426
1,0
24995,24585
476,0
19,0
54315,52205
95673,74638
448,0
12,0
154,0
42,0
78269,38124
8,0
248,40374
755,0
256,0
6898,13343
82480,70479
2,0
2,0
8890,8887
31,51662
5223,0
23183,94045
265,564
10284,0
283,0
343,0
13,0
53931,90964
1844,76521
18849,18669
3181,0
28979,0
55,0
76088,71226
100,0
16740,-7098
1850,1850
27,0
5352,0
1730,0
94,0
9336,6169
1,0
20,0
2,0
7,0
125,0
74259,67450
182,0
20930,22876
75093,123716
55,0
7043,23714
5,54980
13,55980
1,0
1,0
183,0
108,0
157,0
19,0
23,50314
8352,0
222,0
14,0
26,-7151
3,31186
992,21969
1,0
41206,-5765
25,0
8780,0
34,0
3,0
33233,0
55942,84305
10080,8951
7,0
3781,0
22,0
2,0
18,0
167,0
8811,0
25101,49495
33,0
2,-26
7,0
3243,0
93,0
9311,0
6,0
24901,55694
19,0
51,15654
2,0
1,0
581,0
1,32137
5829,124867
2,0
12638,41478
29059,86084
441,0
470,48251
5,0
1,-856
1370,0
14,0
24,0
6,0
13581,14026
4850,0
3,0
57,70621
1,0
13614,24120
94788,106147
886,33209
42338,48187
6,67
37573,78880
30582,52180
1542,0
2,34434
2,64848
35260,0
1,-1466
5613,61768
8050,14568
50044,53684
10,0
5,0
64865,63571
8,43174
12,0
62,0
37737,0
11,34082
2935,0
20,0
169,10360
49084,45791
77,77
9,0
68558,35759
117,0
5158,28828
33393,0
49,0
17,0
1,0
65560,43808
2,0
514,0
4,0
41324,70251
11,3470
100,0
106,0
14,0
89016,81099
24413,-8422
171,0
47,0
61620,51031
1485,79582
7477,0
34168,0
3,0
960,0
36075,50256
5051,0
30183,77185
1162,36566
3776,0
76549,75562
222,0
100,0
4,0
2124,0
4,0
3,0
65,0
265,0
42434,54573
15,0
1,0
71,0
1,0
29,0
3,0
212,0
9915,0
121,0
23,0
691,0
161,94867
1,0
14,0
26,0
1562,0
15095,0
7066,23616
5076,0
47,0
13,0
1,0
165,0
13613,13829
5,24464
104,0
10622,0
15,88486
5003,52059
2,0
16592,0
212,44687
64359,65621
111,0
2327,0
555,0
59,0
18094,0
9031,9013
165,0
95,0
50942,126599
140,10852
28,0
3,0
266,290
135,0
4,0
13980,65689
1,0
25,0
43,0
1274,19449
3,0
1817,1822
7,0
910,0
520,0
19319,18654
28127,47458
31,-45135
8,0
1,55944
34,33472
139,0
2,0
251,0
832,147415
606,11396
4674,22816
15,15
83428,82808
78239,49503
17,0
49514,25040
26,0
871,0
3,0
2489,0
2060,0
77272,77429
1505,51325
110,0
3679,0
7835,0
219,0
16643,0
11444,-5079
6102,0
191,0
60969,57403
11387,13812
93658,104076
32108,15844
3,0
7,0
25706,0
2,111079
20494,0
1,0
1,0
16254,76702
653,0
2,0
5159,0
30,0
54,83227
41,0
6,0
40,0
786,0
156,0
20907,-8840
5,0
36400,36099
2046,0
6990,11794
30,0
435,0
63392,63580
11,0
2190,646
13631,65231
2,60301
7666,6601
130,0
89079,88541
1,0
3,0
4012,0
100,0
212,0
16,0
1483,154851
1938,39499
3,0
1,0
37,0
71321,56729
144,0
2,23537
226,0
1007,0
86,0
24293,24339
219,55832
54466,54478
9986,0
88211,88144
147,0
99,0
477,49592
530,0
32329,1613
8578,13487
27,0
1,51234
206,0
22,0
22,-25990
34,3773
22,12875
7,0
159,0
39609,36751
2,0
6,21872
8,0
272,0
7657,17658
888,0
106,0
42,-28052
2,0
15808,0
4863,57549
1,0
89,0
7,0
20,0
239,0
5,0
2,0
2203,0
23,325
20975,22334
40012,58637
49,0
17284,0
40,7181
2,34790
629,0
1,50660
1797,0
2,0
10068,0
18,0
4,83982
218,0
6552,0
22,0
3863,34484
21,0
6,0
16528,0
93311,93674
6,0
176,60697
1,0
1,-19337
13,0
756,-16927
16,0
1,0
9341,6591
4,0
8,0
326,0
4,0
1,0
5,0
11174,64375
46,-2170
4,0
1920,2632
1,0
63,60547
2360,0
71498,81414
1,7082
155,0
34301,-1086
40605,42466
112,0
88143,62366
6177,140885
24270,14003
23977,42370
13328,0
24,0
1863,0
128,0
24,0
9799,49179
2,0
296,0
22,0
1,0
19234,0
61742,58277
698,0
5418,5500
90606,85949
116,0
707,0
200,17772
47,0
3,-1361
337,0
11708,-32760
831,0
268,0
246,0
1,0
641,53782
37,103756
1861,0
14043,32608
1,0
1,0
16,0
34,0
2446,0
16129,17265
57,0
4069,0
260,0
467,0
1,0
4,-15
3531,0
42,0
12270,39766
1,0
126,0
2853,0
37857,35762
197,0
15845,12948
248,0
73,0
4493,37555
40,0
1,0
2929,34442
4,100182
52042,55537
19,32380
9,84797
4897,5229
15910,0
160,0
1,0
12720,21808
2193,0
12,0
1,0
3,0
1,0
17379,0
76723,78599
10129,0
1,0
52,63535
2,0
11,0
2183,0
212,0
579,0
22452,101925
97,0
5,63790
88630,108618
286,0
1159,0
352,0
84479,71640
2149,0
3,0
8,100835
7818,1622
8,0
31,0
24,0
23,0
12,46332
35,0
96466,81453
30,0
6,23307
1288,0
6739,6610
97,0
91171,60237
323,0
723,0
1776,40965
76935,107119
34329,50180
147,0
179,0
138,0
3195,0
38,0
28,0
1687,0
180,0
235,34478
6,0
3,0
14,0
58,0
1,13862
13936,0
1,0
5457,0
186,36907
5802,0
1,58204
15014,0
32237,37163
2263,0
4,0
53,0
10,0
1432,0
5447,68569
97214,125708
88623,92013
1,0
19807,0
1,0
6260,11636
2108,0
4570,0
32,7822
247,0
79907,101095
85946,68956
1356,0
6876,0
14816,-4960
8789,9711
5,0
44401,40081
12,0
6607,0
698,0
41013,0
5920,64972
2,0
30610,0
33889,54490
1,0
455,0
7911,0
19,25233
34,0
2,0
1989,0
30971,0
186,4559
265,0
4,0
18,0
13,0
924,0
27,0
2,0
3915,37806
12,15338
233,0
6751,-3396
94,10375
1,0
1,0
25742,6074
84545,87904
120,0
78254,84794
21678,21679
4,0
1,0
8,0
41226,57485
64709,49850
2,0
2738,0
3,0
57766,84018
1,112505
4,0
20440,0
24,0
4380,0
21,-16597
31,0
1283,0
26896,0
1991,2201
1353,0
137,-1187
229,0
6,0
268,0
937,0
3,0
202,0
1,30474
209,0
30730,0
23,0
28048,50755
3,-1799
9176,0
3967,0
78,3187
18,0
9,0
27,0
4,0
33764,0
6,6
3,0
2363,2286
2,0
1139,0
156,0
2145,3090
5892,0
3890,32935
11,0
2,0
6027,90610
32,0
89,0
1916,1926
22629,48654
3136,0
25,0
14271,15433
898,0
2614,0
1245,1304
1,0
4089,62613
15,55151
4091,0
264,0
1,0
26583,0
1,0
77,0
553,0
289,1509
4006,0
13,81820
43,0
249,0
89,0
82265,89964
1630,0
9439,-11907
10,0
5375,0
1532,0
7,0
3,0
8635,0
58,0
1,0
346,0
564,0
37769,82691
191,54167
430,13267
7,0
471,2831
2,0
57789,60199
11503,0
27845,23541
59087,34686
1943,0
22165,25070
2192,0
14580,17182
319,0
12,-2348
811,0
4,0
25,0
51,49
20,0
30,0
5,0
9518,0
147,0
23153,0
69,0
317,18121
3,0
47383,74413
3,0
53330,35383
43,0
177,0
205,0
2,0
67290,65152
310,21717
2778,0
15,0
431,0
774,0
2,0
2758,2760
3,0
45,0
1,0
10507,18321
2267,2451
22344,41023
6,0
8,0
4682,79717
4,0
16,0
706,0
22,0
4518,0
4929,0
2034,0
2289,0
102,0
2046,0
58766,17750
12917,0
3644,0
288,0
7,0
40,44352
111,20983
17,0
1,99047
138,0
1,0
11852,32940
2554,3000
10,1008
178,0
1960,0
2,0
9440,10637
656,0
13988,62135
14,0
4450,0
30277,30277
6,8
6,0
6,0
28955,50527
7420,0
8,0
6293,95821
1,0
674,0
2,0
37842,37425
3,0
21352,-9804
75,0
15609,29412
19762,25083
147,0
12,0
722,58905
2,81118
6159,131142
2910,5731
32,0
627,0
39,0
12260,12262
1,1
1509,0
21547,37183
2,0
731,0
81,134142
7,0
42661,88391
320,121513
25,0
1,0
138,0
1490,36614
1,0
23,0
101,0
134,0
2815,0
6749,-10822
2,0
835,0
15,0
12,0
47771,46319
2,0
682,0
1957,1957
1092,-12679
3,-493
220,0
19837,22070
986,0
417,0
60520,63411
4,75811
2,93558
4,59420
193,1559
323,0
261,0
38067,22517
50050,69808
23400,-9981
345,11965
17548,0
1,0
773,0
347,0
9804,63923
34,0
12,0
1140,761
9295,0
11,121477
8,0
8808,11943
72,45787
45104,43270
78465,77973
1,110249
4154,0
679,0
8678,0
1,36073
128,0
64,0
33185,33698
2462,0
32176,44787
6,0
16,0
69409,70527
5,28
14,36
5,0
1668,6391
63,0
3410,5009
2,0
2,0
88209,74297
3,5651
11142,0
8052,0
10,41531
10,0
10610,0
22,0
4122,0
41,0
3250,0
8,0
246,0
301,0
6292,24527
31,4709
3,0
16080,0
1,0
154,-24029
2,96437
31406,0
1080,0
984,0
1,0
18,0
131,0
360,0
1,0
494,0
79,0
2113,0
16568,20876
18804,13079
1,19
737,0
6092,75776
1,0
8069,0
7,0
604,627
864,28304
59720,53497
439,0
172,0
1,0
158,0
1623,0
230,0
16864,80273
289,0
391,0
1269,0
995,0
1,42418
2,0
293,0
6,0
3738,0
57667,58724
7462,48096
17,0
11,0
5,0
52303,53017
1,0
48,36508
1309,0
248,0
5,0
517,54135
3,0
1,0
20484,0
25436,26737
209,51443
52588,48814
1,15980
3,0
1,426
11089,11108
8067,20182
1,0
7,0
1,44864
20152,0
1,0
9,0
14478,18150
43288,68108
1,6544
538,0
16,0
13992,83072
99,0
20,0
46,0
7159,0
839,0
112,0
2379,0
12098,0
4,0
27,0
18,0
54,0
196,0
6193,0
3910,58035
349,-29084
3,0
119,0
1,0
3502,-7961
3,14978
92490,114910
11,6891
1,0
3,0
1,0
92338,86883
3,0
9040,70184
573,156035
2,0
96040,86813
18560,18452
8,0
116,618
697,697
3,0
4,0
165,0
2871,0
25,26
91660,97554
1232,0
3248,17090
37103,31577
1774,0
58,0
15,0
239,0
23,0
8105,0
1186,0
272,0
462,0
2691,0
107,0
1,36440
30,0
1466,0
323,0
121,0
467,0
1,0
642,0
8,0
19,0
291,0
14,0
30,66034
3,0
77,19119
72712,74153
72325,74461
39,49625
78,0
3,0
42,0
326,16689
2,0
155,0
2525,0
3433,17801
1195,0
218,33574
7065,10647
161,0
198,0
23,0
297,68749
1,0
360,0
8666,0
281,0
50953,63012
13,0
5390,0
68490,68586
1,0
229,0
1092,0
3,0
2,0
50572,0
43,0
30374,0
11147,0
1639,46445
4,0
3,0
474,0
1,136
333,0
7,185
5,46870
12801,45804
3529,62766
39120,83942
345,0
9085,-19418
4952,0
9621,57540
7,0
4632,0
27,0
875,0
885,891
145,0
1,0
2,0
1448,41112
5,0
22,0
1,0
215,38631
25,0
602,0
6789,63547
16,0
718,0
63385,71411
9801,0
28,0
4,35577
62658,86658
43044,43042
1,0
691,0
30,0
2,2
377,0
13779,13894
112,0
12,0
4630,4613
11351,11231
47157,47156
51,0
1037,0
4873,0
19,0
43,0
1155,40068
1,0
230,0
57,0
6482,8094
234,0
3267,0
21003,0
12,0
51980,92949
1396,0
48036,63505
14333,55248
50523,58206
192,0
1,0
7392,7372
64,0
809,0
1,0
3,0
35662,44045
433,0
10509,-13762
4169,0
1,0
17,0
1898,45751
54,0
7,0
4,0
323,-12129
21,0
825,0
5,0
12,4013
1657,1675
614,0
4,63401
260,0
21154,0
141,0
18722,16988
725,0
6,0
232,0
83,0
9164,32090
33,0
24744,0
688,-2595
9,0
3,0
15,0
9,0
3239,6889
313,0
2186,3191
1373,0
3504,0
8,0
1,22794
219,80352
1,74464
7941,0
2,2
1290,0
10,-12206
5954,0
9,0
65,0
7,0
10,0
2,0
3,0
1947,36051
1,0
59727,45168
1065,-2568
10,0
1255,0
188,0
32,98930
217,89393
967,83444
40142,40574
54,0
1,0
53,0
147,0
3725,0
75826,75867
44743,64978
106,0
19,0
12288,94007
64387,67263
10431,15769
9133,0
1,0
17997,15472
5,0
1,0
2,0
215,0
57,0
95601,118788
1,0
2,0
453,0
1700,0
524,0
1,85174
76,0
2,0
4043,0
3018,48927
1,0
104,-1091
19782,19781
4529,0
930,73330
18543,0
23,0
247,0
85,0
15,0
8999,8453
9136,0
28,0
3023,18991
10,0
4,0
466,0
56,79032
148,0
122,47137
9,0
1,63439
9,0
41989,61126
28,0
31300,45939
11620,0
8651,17672
4,0
36934,45081
328,-52
38,86685
474,93909
2,0
63834,63994
56,86405
46170,5146
28,0
11,0
26,59167
3802,0
820,0
1,0
2,0
6,0
12,0
9005,23113
14969,0
93,0
80,0
247,0
1,0
1060,0
19,0
191,0
99840,78089
6,0
47112,43640
92,0
2971,20821
1,0
263,23329
35,0
231,0
4597,0
133,0
11,0
7,0
4737,0
18236,18544
8,0
9,0
3,0
3,0
3218,26108
1082,1070
39986,0
2,0
3952,-15853
1,-16403
2,0
77628,78905
52,0
4973,0
84,0
241,200
3595,0
14,0
1197,3598
63936,96637
5,4138
98001,106865
30847,0
366,39123
16,39201
8,0
13,38624
615,17722
46,0
4500,0
1,0
745,0
2,0
511,0
6,0
15,0
26496,0
184,0
576,0
17652,132994
1,44707
1,0
7,0
39,0
855,0
1,15344
3,0
700,0
2,0
11,24792
3688,0
75561,72137
567,0
7408,0
1996,1996
8,0
30,0
791,51869
20050,20519
222,-13566
46,0
36,0
5429,12700
87830,83711
1,0
262,0
24563,63184
10216,0
493,20847
3,0
908,0
11,0
2487,45999
6779,0
25607,25607
2,0
8222,1468
440,0
42807,54287
8,0
2,0
1887,0
224,-17745
2,0
1,0
1,40685
1,0
24,-46815
25576,0
69784,75175
50146,43396
19,0
920,0
1,0
216,71452
3842,6510
25,0
8,46021
19,0
2,0
5,0
28,0
1,0
49269,77983
1182,-15946
189,0
17,0
8369,0
28931,52936
536,0
99,0
6816,0
1848,0
1437,1437
77,0
2437,0
16308,48314
1260,899
71970,67675
1,0
200,0
576,0
39944,17653
707,0
6,0
27,0
1190,0
960,0
18,37
4,0
8247,0
606,0
13,14
13128,0
1,0
5829,5819
1329,0
454,0
205,0
362,0
4782,0
9,-3906
83,0
27,0
397,1622
4,0
1018,0
64002,72710
1880,6436
8843,15129
23558,0
2013,0
11,0
13,0
917,40358
816,0
69,0
113,12443
4427,0
24,0
15890,73566
1777,0
266,1177
4341,-4929
6498,73805
16292,0
288,456
14076,11774
862,0
1328,0
1,106979
20,27022
3,0
112,35724
17,0
13,0
4,0
837,0
1,76603
1,0
2663,0
1860,0
51053,51021
200,0
16,0
2,24766
32,0
1,0
8,0
115,115
47,39950
7,652
10259,31521
5,0
2280,2274
1,0
3309,4258
1907,1622
412,0
2437,2255
1435,0
7230,0
42,0
1,0
4821,42378
656,0
327,0
9492,-1521
74078,98889
40,0
117,0
8279,-8235
63,43721
2926,20947
920,12111
5,0
3481,0
1,0
153,0
1586,0
285,0
275,0
983,0
4,0
16,-10674
15583,20117
197,197
73712,73772
4893,7432
6,0
385,97913
205,0
1,0
41,0
59,0
36827,44066
25,0
36062,78283
4143,4143
2421,27347
704,0
338,0
1,0
19889,0
97766,145199
570,0
10423,0
2,0
510,53148
267,0
43,0
2484,0
7,0
26001,0
5,31730
3,0
4,0
6,0
5035,0
30938,30318
2,0
443,0
1,0
6524,6912
10506,0
57312,61776
4079,27348
1,13745
28,0
2498,0
19156,0
9654,15247
18,113519
6337,6310
1,108054
84131,23218
195,25980
4943,4924
4,75200
2768,0
1,0
56,0
81,0
10,0
14691,-16863
15489,0
16,0
4,0
5,0
11,0
5007,0
3,0
4,0
13390,-3694
725,0
1,0
174,0
12,0
1,0
1,8770
13984,13984
6741,52333
7094,88391
20408,16976
1393,74885
450,124743
77,-4788
110,-3808
11538,7048
6,0
1502,0
84,0
1,-444
1,0
20694,68226
3344,0
3,0
10582,0
44406,74324
67830,90390
1954,0
522,0
18116,59710
1,0
49892,0
4247,0
1348,0
135,0
5,0
1,80726
271,0
9,0
2611,0
3,0
19794,11543
12,0
790,0
398,0
739,24936
18,0
113,0
14953,95760
38,21145
83914,126283
756,0
34,0
2,80283
2,0
64705,78996
21688,0
29050,0
1649,0
27,0
2,0
49,57393
15,14
37210,49241
2902,49492
40904,10642
32805,75046
33353,16892
57285,78465
13,0
8126,0
2109,0
94,0
3200,-12738
28571,28393
5,0
933,69941
2,58545
771,0
8,40077
1359,0
338,29322
13067,74529
8,-52
21588,55624
182,0
833,6996
1212,1212
342,376
208,0
23,29869
3,0
16424,0
32885,36040
936,0
5159,61898
740,18898
33,0
27227,26595
973,0
2252,0
55,9817
197,0
666,48342
468,0
22,0
5,0
1052,2985
7,20239
42855,12153
39,0
5125,0
21,0
115,0
2014,0
463,0
375,0
1,0
1,0
9,44885
28,0
15,0
55,0
154,154
55737,61724
1662,-6566
12842,-27536
285,0
2,0
3,0
698,19873
16,0
9,0
79285,144282
357,0
14,0
1,0
11,0
1652,0
543,74898
23,0
79172,32574
99,0
799,0
3,0
441,0
12974,0
80,0
9,0
1,0
8,0
380,0
19,0
1704,0
20,89027
83,0
1,0
1,102968
1195,0
28125,0
174,0
1589,0
307,0
1,1216
34,0
1,0
330,0
27,0
32253,62317
82,29374
269,0
19,-231
66,0
178,0
39843,77399
35,0
15396,15407
6851,0
29,12
71,0
12812,0
90,90
17,0
1,0
40279,39949
1,0
80616,100892
512,0
2249,0
2,0
14,0
1,122458
922,922
5873,0
2,125730
1418,26838
145,0
45,59231
13,0
1,0
1,0
273,0
248,0
11237,0
421,0
40378,47735
3,36758
10887,-1143
4276,100076
56805,31793
540,0
8,0
2480,0
9,0
1,0
1,0
51,0
182,0
3,0
19,0
2,0
64358,65409
1186,0
7516,81498
3,0
199,0
2074,2077
1126,0
57,0
16,0
24098,0
194,0
296,0
13,0
53,0
26,0
36250,36785
155,0
226,0
99756,98407
31959,31623
4,0
11981,37258
3959,0
446,75994
1,0
31,0
55,130484
2675,0
1,1
16,0
79663,75938
8,0
69199,6814
69728,84005
1,0
23016,23540
3304,3298
1900,1041
1,38768
11,0
286,0
107,0
152,84674
1,0
2,0
2785,0
104,0
17862,27049
4678,0
3,3
32882,0
80433,75618
3,0
59,0
41674,53211
3,0
29963,30523
9,0
2,0
4,-17909
21,0
42107,76611
35,0
1,0
30249,0
13,0
428,45105
19,0
25,0
114,-23697
6,7886
8179,7983
107,0
5123,0
63,2818
3888,0
44,18842
1680,90322
160,0
34,0
29462,0
306,0
57190,38415
30292,46078
47,0
99043,104932
1,0
661,0
1,0
38724,49077
76815,95454
196,0
537,0
32544,0
51383,0
680,682
2,0
150,0
4,0
11649,0
4,7576
3,119276
394,0
23,0
48582,51131
2,0
424,0
60,65
93799,108317
6,0
6821,0
10,44882
5915,-9143
5883,81149
12,74344
6945,5016
73628,95874
117,0
1200,0
30542,30659
5,0
64696,93924
11,0
66,76912
149,0
3143,-28797
9,0
328,0
9971,0
9217,54513
1287,0
29429,23956
216,0
1374,0
5,16
5450,4177
77786,85781
1399,0
62353,71673
12,0
131,0
2434,53466
705,-14174
15610,0
3,0
4306,0
3314,65528
9135,0
1474,0
4,0
923,86959
1451,5743
12520,27889
14,0
1275,0
6,0
26422,64145
3,0
15397,15397
9,0
26414,23834
1,0
606,0
6,51943
467,0
23178,16151
4647,22803
2,0
638,0
227,0
8929,0
30,88474
187,0
57,40365
131,0
211,0
52,0
74,0
12,52420
3461,0
94853,96828
94,0
22222,58947
1348,0
6,0
88734,42791
1,0
8,0
1,0
91639,77506
20628,0
12988,14804
9089,0
4034,0
45,0
102,36056
2,26
69,0
19,0
14,0
92653,93239
770,0
8,0
4,0
47,0
18,4742
4,0
123,0
10968,0
3,0
10965,0
202,901
29030,0
2,0
9,326
159,0
3,0
44963,81900
1,0
527,0
9861,89658
309,0
2,0
696,6962
1102,0
68746,84072
325,0
4647,0
1,0
1,0
52,0
74455,73886
2,57787
84231,86225
3735,0
69,0
7,0
3428,0
16,0
31927,35278
11465,0
1073,0
77,0
17795,36923
5,0
57,0
44741,55825
2043,0
248,24448
28146,45931
17,0
5,0
68,0
3558,0
139,0
168,0
192,5047
1156,0
330,0
68,-2305
5401,0
94,0
96,0
8525,77416
6476,0
14726,0
51,0
34464,34849
67,57981
13220,0
14,0
95,5425
1552,0
2,0
4595,4716
5,0
2,-303
13,87440
83,0
11,0
1,0
15907,42463
11,91
3,244
4140,4498
6,0
616,59015
62,0
339,12065
12,0
35960,57800
565,69824
6,65759
24035,0
3,0
69,0
6,0
903,0
2,0
32,0
1,91227
1,0
17,0
1872,0
1159,0
18310,0
323,0
21,0
77436,33580
15,0
42,13096
9,0
8,8
17,0
44,0
33952,20572
5,0
21,0
1,-19362
619,0
13,0
82933,89310
57,0
3,0
36764,50379
2414,0
9,0
6458,0
54020,55739
37,0
82195,59933
249,0
5,0
1,0
10,0
1,0
521,0
563,33464
220,0
22608,13890
1818,0
16,0
80,0
13,0
29666,0
2357,0
41,0
33893,12305
306,14521
10,0
8,0
29758,28312
439,0
249,0
1,0
1,0
1277,8412
3,0
5093,0
48021,49936
1120,0
5004,0
39,0
1160,0
18,0
16840,23177
1,0
3,0
1,-230
37,0
37,0
885,7132
9567,25729
5,0
34047,34058
82657,67088
582,0
3,0
10,0
9,0
33,-236
27,0
12,0
3103,76945
3,54371
2,0
56836,12581
1842,7214
1,0
7,0
52,0
91,0
11051,0
459,0
11,0
36334,76846
41279,42708
6895,9514
67930,98237
1,0
1263,0
8,112719
18981,53270
5,-1959
26700,0
877,-476
2,0
48,0
732,19523
2,0
130,0
281,45726
31441,0
327,0
809,852
23,23
237,57035
1269,0
240,0
7,0
29629,34206
57,57
3,-457
14036,0
71527,71405
40018,41513
8009,16667
12,13154
45136,36538
93704,88629
1,-8391
8444,12315
4,114202
6,0
693,88159
2,0
143,0
1,0
11620,85117
309,0
88798,95059
663,0
1,40994
38376,0
5492,9271
18528,0
291,0
19,0
56736,95339
48781,96843
86,0
18,0
16,0
5705,5684
3,0
12,-5362
2,0
1,0
6,0
66721,65143
10946,0
14927,18749
107,30355
781,0
1,68267
1540,0
42,8363
3060,0
47109,43717
186,0
16284,16236
93,0
10920,0
77601,81595
8,0
25,0
23,0
7,0
1,126123
2,0
77,12722
237,0
21,0
92528,98040
612,0
6155,0
294,-12194
66,0
1,0
31,0
1,0
105,82709
22234,24329
17416,0
2827,68719
3,0
3,0
181,0
26775,0
2,0
248,0
9509,47060
40,142358
171,0
2,0
92628,103709
167,0
21,530
425,97565
13298,0
55193,54825
22464,139020
52916,69942
2,0
485,0
26,0
406,123118
115,0
1,0
13,0
3,0
63618,71029
1771,0
848,0
121,134807
87,0
417,0
62700,105417
15,-10007
1,0
4,0
12497,12498
26,24164
71681,68982
874,0
812,813
3,0
12032,34047
30887,0
661,4230
21,0
8,31219
15492,0
7,94126
57,0
4,0
199,212
7456,0
20,0
61,0
822,5994
3025,2884
142,20400
1150,7377
68060,35303
390,0
3,0
4758,18491
1,0
1941,43146
125,14473
267,83610
1,0
189,0
1848,71521
2,0
478,0
73822,94722
192,0
59758,49163
4,0
3378,0
373,0
108,0
63277,65536
37014,44125
2,0
136,0
8,0
18,0
43478,10032
5596,0
1747,134552
25221,0
154,0
134,0
50,38085
2293,23657
1,0
1,0
151,0
69,0
8465,58718
9,0
3,25222
7745,11218
6,0
46,0
395,0
13,0
805,0
270,86835
22,0
34,0
8,50606
24334,42144
5,0
1,0
1817,47882
1,0
95,7808
2212,0
317,0
4541,0
4464,0
2228,0
15272,0
3,0
1,29384
8,0
5009,0
20858,21088
70093,78504
86,47115
222,0
6395,0
39902,47882
23,0
20,0
5,0
3525,28769
5003,0
34515,0
65774,46903
2182,42122
90,0
144,0
29,0
1827,0
633,0
16,0
38,38
1,0
57277,61601
1324,0
6836,0
21817,21817
1,0
200,0
134,0
50713,48619
1,0
38,23975
29,0
256,0
3861,66036
385,14714
25536,58366
15200,0
121,0
60985,111812
19395,19588
3593,44680
222,0
29,20078
1898,0
6409,0
482,0
1,0
28,0
9,-42170
295,0
164,3198
109,39725
47085,49727
74,15580
16528,88813
1,44901
6459,6458
3246,0
29310,43887
21406,15702
11716,0
15288,0
9,0
1794,0
75,0
679,0
145,0
56514,49032
23464,26397
563,0
191,0
8,0
1038,0
85,0
1053,0
319,20292
1098,0
69765,87401
1,-40630
25,0
89574,91604
4,6992
9,0
97,0
671,0
34574,43550
61,0
2,0
23362,0
315,0
2,0
3,0
414,0
2,0
1,0
23504,0
14,0
1632,0
14,0
5,10448
2,0
2,24952
118,0
1544,1545
1,0
11,0
10481,30505
311,0
7052,0
29,65655
63,0
9258,0
3043,0
648,0
23898,0
1623,0
995,81121
9367,8074
1,0
216,84141
6,0
42,0
1,0
42,0
142,0
41,-5
2046,0
364,0
51,3429
4482,4738
13,39935
67285,96721
2745,0
11295,11264
8,0
24325,24989
3432,0
559,78979
63,0
35,0
2,0
19504,0
27,53864
450,0
3,21680
24,54401
86,0
63809,50385
7,0
57,0
13,0
147,60584
611,49313
6604,0
84395,86809
4463,9744
1,82
2,-11304
6,269
2118,45076
533,0
16,63648
3,0
1,39262
1,491
93,0
2,0
26942,26271
48,65276
98245,91421
47283,69834
1,0
84,0
4338,0
66,0
32,0
1,12591
302,44241
8,0
3,0
47287,65418
3207,0
31,0
89658,100830
190,29228
8791,8771
62,0
41569,37316
13384,14941
170,0
15980,63510
1215,0
52,0
2958,0
6494,124004
11462,52642
3222,0
17,0
200,0
3038,0
7,0
321,91616
749,0
7,0
121,0
7,7
1,0
14078,13871
57,0
1471,0
2910,0
283,0
19061,77079
1,0
4479,0
16612,19874
52887,93206
4,0
466,0
14,-10371
1,0
5,0
1,0
28075,28075
3,0
22,21410
1937,0
2838,0
66802,77629
571,0
1000,0
4946,4914
1,0
274,0
46930,125699
83,0
2,47036
3,0
416,0
14,137137
5007,65986
439,0
412,0
5,0
5857,0
32,0
6376,6376
28,0
66034,64410
39091,0
21673,21033
477,0
3737,0
8,0
2021,0
1,0
159,0
2667,0
1,0
3,0
385,0
35,0
21074,0
9905,0
1,0
58829,46992
188,0
39,-1627
2,0
30,0
3879,0
11793,0
912,35186
18,0
287,59956
192,0
1105,0
22126,86774
3,0
10903,0
343,343
38,0
4298,0
1,0
2637,0
1,0
1,0
10797,0
13547,0
30072,135220
51968,63528
90,0
1,0
75,75
3709,5753
81,0
2085,-16077
4162,0
3,0
9956,0
16824,85965
92,0
7,-12073
1220,675
6,0
1,0
52281,84230
115,0
2730,0
6,0
79,0
720,0
556,0
10,0
909,15177
6,0
808,0
12332,-14784
2,0
70190,61078
44449,42535
1743,0
289,17484
7,0
58,0
24,7588
5190,0
7,0
494,0
2,0
9211,0
26543,64114
3578,12606
27,0
64807,105751
2,0
3,0
2,0
16957,27457
1435,0
2,0
649,0
2,0
1288,0
213,0
41,0
16205,12955
12553,0
8242,0
370,0
10017,0
16909,21092
1108,0
5,0
22398,-3765
5,0
31736,69719
1,119480
12,5326
23425,113688
20,0
4292,0
23199,0
771,-42311
64,0
299,0
20125,23177
12,105030
16,0
243,44005
1,0
229,0
72727,60547
147,57633
17508,50054
38,0
441,0
22412,19852
3408,-7614
1,0
149,0
41349,0
83,0
1,7482
20,0
54476,68997
13,0
406,455
121,0
6714,0
7,0
3,0
16868,0
72387,116455
41,30551
52,4263
2796,99466
288,148
11,0
71257,73021
201,0
787,0
449,0
19,0
195,40135
25,0
23250,0
4,0
28,0
327,0
1230,-8916
1,0
17,0
8,0
88,0
48,0
29,0
17401,11912
22,0
118,0
12,0
28,47952
9574,63706
234,0
21,0
35957,246327
1360,0
1,0
2,7316
187,0
1376,1746
1,0
1116,0
4783,0
402,0
18932,29184
52,0
2,0
383,16338
81029,76906
1,0
2,54422
8,0
36928,50071
3,102040
5,0
17909,41124
1165,62797
461,0
84293,85436
1,0
16068,0
7,0
9574,0
3208,0
4,0
8224,0
1,5711
92396,92340
544,112445
1802,0
23141,0
1,0
15075,22765
23750,53758
804,0
71,0
345,0
2020,2018
466,0
93066,94813
7,62667
26,0
27,0
50,0
4,0
2,34419
25926,25659
43,-587
2,0
1,0
1,0
122,0
2,0
104,0
8565,0
11569,69008
11661,0
1,0
56,0
1,33576
27,24606
3,0
70431,84495
25,0
6,0
1,0
54,0
1,81740
381,68099
6563,0
29,0
57679,37656
98836,90759
90574,101652
15213,0
354,354
27619,54153
107,80898
459,0
1,0
31721,0
2525,0
20952,66952
271,0
1544,-421
106,0
48291,48417
82,51463
2,0
6947,0
611,612
232,0
20,0
202,0
1946,-35639
1,0
36,0
1,0
5,0
3,0
3618,3612
16674,-19805
11213,57086
38,64030
3873,4625
1,0
124,0
3,74276
682,0
14,0
41887,116241
61,0
182,0
26,-27181
4,0
1063,15902
13,-688
146,3359
1636,0
5358,22823
2,0
65630,60955
56076,77423
5492,0
6,32926
12567,52104
1587,0
274,0
26,0
6044,5308
5,0
25939,25660
12,0
100,0
33,0
1,0
22522,0
312,0
6993,23876
763,0
85626,86528
10164,0
11953,31579
11447,3101
16585,0
6,0
1,0
77051,78482
28,25326
1,0
11183,0
24806,33443
37,27490
93,0
1,0
5513,5205
29735,0
1,0
3,98406
30815,0
72,0
45206,42190
10208,0
11288,59958
1,0
1,68380
3,19214
1,11622
81358,83748
2,0
4721,0
4053,0
2088,0
1,0
6258,0
17,0
3,0
3,56
33112,-4133
1,0
9898,0
2059,110351
6,0
14,0
54048,86838
22,0
399,0
13068,0
70,36858
591,0
4,29127
11030,8428
50,0
22692,0
6,1033
1,0
99567,99567
1,0
4612,0
10270,0
1,0
69858,87157
94706,98113
7,0
22,0
2,39201
7,0
17,47620
1480,0
4633,0
1004,0
6070,0
3,0
3,0
2,86712
3478,29055
4601,0
401,0
20885,0
6308,0
228,0
22,0
1467,0
77,98930
59628,74464
42799,0
46,0
9204,0
20141,0
3304,24345
18,0
3,0
60,30298
2,0
54567,16486
14169,49123
2174,0
75435,84198
65584,62758
19588,0
2,0
13,0
5,0
1501,0
58824,74337
59,14462
1789,35344
9,0
7289,22126
172,0
23,0
139,0
3,0
73123,73334
25,0
5100,0
27,0
688,0
12,0
51,0
3395,0
72,0
85,0
44795,54927
148,0
194,-1783
57,103119
1,0
6,0
12,0
1,-3602
6099,0
612,0
1,0
1904,11535
10,37178
2,40543
97738,97961
131,0
566,0
13,0
3,0
1,1
66,0
80,0
12618,68450
1,0
82,55559
7142,0
6,0
298,0
2,0
3453,0
724,0
3,3
2567,2631
15523,21098
11,-5909
6,0
171,0
1,0
935,842
1,0
332,0
107,47636
379,0
22747,46682
3,0
22,0
1,0
1164,0
27,0
3,0
2168,0
2,0
639,0
57,0
1,0
313,48614
1173,0
189,92282
70072,66563
15,0
99461,66154
4145,0
50575,77618
1,0
84555,96529
18478,0
74178,81777
63,0
22229,39565
9639,0
77087,78444
546,33921
1436,0
2,0
214,0
61192,90276
21177,43489
55471,58680
21507,119067
2,0
2741,64624
516,0
6,0
60483,58413
1,2009
191,108127
507,0
25,0
12069,3220
3532,0
485,0
90084,63483
1,0
35,0
1,0
8002,57802
213,-587
215,50844
26902,54046
14,0
29,2020
2334,-11038
5236,75237
284,1315
4,0
2,0
148,15568
173,0
26851,82243
1,0
1480,91559
2115,0
880,0
18526,13242
548,0
108,0
381,0
83620,80302
1,0
248,0
20,0
1658,0
519,10838
4,0
11,0
85573,85576
370,0
23,0
1,0
2671,0
162,0
55,0
1,13872
836,4863
7306,0
1,0
9858,-13979
2153,0
8916,0
40142,-14953
1,0
2,0
94,0
5742,0
1,20530
22937,0
57,0
4,0
6369,41408
750,0
12,55904
254,0
194,0
61,0
70635,100054
1753,79406
3,1122
832,24052
14,0
4,0
603,0
4,6262
68,0
6,0
730,2748
15,0
1026,0
1,0
1,5893
467,47233
1098,0
17697,17284
5,0
2,0
192,0
7,0
10,0
9042,2186
1,0
49,0
836,0
46,24671
363,0
192,0
127,-18926
63603,93065
28632,76324
1903,126090
1183,0
2,0
26120,59109
7,0
85,-44238
1125,1141
37,0
20155,89048
2440,0
9,0
4,0
8935,15829
13,13
55,0
2,0
8,0
68326,45718
67,88864
27,0
70,0
31657,32070
5691,66044
99,91074
28,0
315,78627
29370,88020
532,0
7,0
993,0
35255,77941
4439,4439
1148,91
52,0
53908,53787
50,0
60844,73917
1788,0
93,0
117,-668
468,117242
4147,52498
953,0
286,0
1,0
1150,0
17,0
2,-20640
9,95821
15,0
27,128731
280,0
1,0
1318,0
229,0
6011,0
20791,41251
2367,0
525,0
2110,2129
288,0
1,0
3,0
11,0
6922,11622
210,0
385,0
96,59322
23,23
1,0
3,0
428,0
414,0
56755,48125
5790,6918
1690,26643
19,-16456
11,0
92,0
2429,0
11,0
7581,7567
35,65118
49576,49576
21,0
71,213
2326,0
87109,131623
22828,107441
5,0
240,0
14,0
2,0
4389,0
40744,87495
221,0
810,0
47,0
4126,38443
287,56308
2,0
17306,22916
9340,0
8,0
3,0
6209,87296
67683,74612
2,0
22758,72033
13579,86391
181,0
1043,0
14,0
21628,0
111,0
3801,0
3419,0
6,23398
54374,145598
55,0
9009,0
442,0
420,35093
3,67459
255,47109
20112,103408
126,66087
9437,0
1,0
15,0
1,0
39692,37977
271,271
32233,0
813,0
62,114
81171,104770
2,36363
9769,0
338,20080
104,0
692,0
2,53944
1,0
2781,-34410
23045,34957
1,48626
9,0
22,0
6,56773
6477,816
78,0
86,0
42,0
3182,0
380,0
23,0
2019,0
3099,0
14,19067
28,0
4,0
1,0
871,0
6510,6512
456,0
2,-8673
45,0
15,0
1,0
4683,52389
778,778
59,56570
90,34541
52768,67220
7,0
115,0
250,0
93,0
1105,1105
20039,0
8,8956
238,0
12995,0
227,0
1493,0
258,0
4,0
6,16981
1,95264
1,0
23,0
80,0
387,0
7,0
15,0
287,0
247,62233
14,0
3,0
5989,3538
1263,0
59160,61619
12,0
129,0
5,0
1,0
95526,109603
80,0
244,0
2,0
9278,41266
12,0
2,0
71,73
2,0
1689,0
10,0
2,0
2,0
1,42463
59714,84910
4,0
7,0
67418,47331
116,0
5,0
15331,0
7,0
2037,0
2550,0
46754,32979
10,44853
15,0
18454,18564
9,83113
14,0
11,0
57,57
27,113797
1130,0
270,35550
4537,0
2327,0
65076,67068
16,0
1,0
28,0
3,0
2,0
861,497
15,5426
64,0
3,2
2,0
10030,0
161,0
4761,0
18,0
1,11095
85309,105610
5,0
7227,0
3915,60068
9583,0
4,116287
539,4351
79246,78911
9,0
4,0
14408,17207
88,-5427
18373,0
7928,21059
217,0
368,0
7,132059
189,0
11,0
2347,2255
63,10611
19291,43524
2799,23575
2,0
1,0
93,0
409,0
2,0
4,25264
1,0
5534,108076
284,0
59037,57935
51,0
32,0
131,0
3737,0
1,0
24284,0
9248,0
2993,0
1,0
2,0
69018,100863
14,0
6,50569
84,9731
810,0
1536,3650
527,79236
762,0
85048,77795
249,0
782,0
988,988
2,0
173,1538
1921,0
1656,0
58,0
967,0
185,0
10012,14316
5,54806
81,0
29,0
148,0
201,0
140,0
1,0
9834,9989
6,0
779,15095
116,0
78407,86165
27,0
5792,0
4056,0
15423,19057
24038,41721
1,0
50413,90737
106,0
844,0
136,0
6507,0
1,0
42,72428
5205,3656
7,0
75889,71707
1,0
39,5850
235,0
5,0
9,0
13,0
40338,0
481,0
48032,43517
3724,3724
41890,50913
3,0
931,0
5355,0
67,0
61,-11166
1,0
997,0
21,0
43,0
4262,35348
12458,-19122
6888,0
52,0
1918,0
1,7840
7,0
3420,0
1237,0
25,42141
2,9919
3852,0
11,-79
1,0
5056,0
16232,18135
2,0
12,61355
4858,0
1,73134
14358,0
5,0
32109,2640
4,0
1,0
8681,0
11412,11431
15756,31511
1,0
60,0
52901,41636
4255,23548
141,0
16825,24029
10,10
9,0
570,0
2,0
280,0
5,0
1,0
7,0
38898,36801
1076,0
1065,0
6,0
30015,0
428,3236
1,0
413,0
18,0
9963,0
20518,99314
10,46601
299,0
506,0
38799,92815
1067,0
20,0
22098,70747
9,0
42,842
1692,0
12,0
47,0
46,0
15,0
65,0
12215,0
324,0
16,0
73968,84182
4331,0
526,0
1,0
1217,0
12,0
17,0
340,0
24255,24640
28922,122893
15,0
14875,0
275,0
2,0
3,0
20737,22419
8,-28106
32,0
1977,2006
23,14846
53456,86591
12646,1875
1267,60873
60400,112302
2622,0
391,46216
1875,44396
13,0
13,0
39717,36800
261,0
3503,0
184,3988
15,15
25,-23422
1,77794
22,0
10,61977
24529,0
23,-935
1301,12686
2,0
82,0
76404,75090
57372,142487
284,0
3,27761
4,0
9,53504
223,0
1,71373
1,0
3,0
8,0
30,60125
3,0
2,0
870,0
22,0
2,0
649,0
1,0
15,0
61069,102781
62,367
427,-9039
45,0
11,0
7251,19366
1,5657
531,0
77727,84683
129,34129
48,-8740
1737,0
17045,39631
87,0
1658,0
1,1637
5,42866
64,0
292,0
1,0
5822,9065
19959,0
128,0
567,567
13,0
48601,0
4,27113
67268,79364
2518,0
45105,0
7888,44926
3598,0
991,-37676
11942,21374
134,0
689,0
75,0
3,0
32599,45521
50,0
4,0
41887,42845
1,73379
888,6844
7295,36206
463,0
175,0
3794,0
116,0
827,1010
2,0
2749,0
1,0
91714,90855
253,67976
2,0
48648,57145
75394,95287
2,0
22,0
953,0
2,0
21101,0
1,0
1635,0
1322,1322
1,68169
1,77281
64435,65717
1,0
784,0
1,0
195,3102
3,0
20795,0
13900,0
7796,0
14398,0
7772,0
2766,118142
156,0
113,0
326,0
2,0
10599,0
2,0
1617,0
1081,0
26,-4713
44,17760
1417,0
100,0
1,62824
838,0
5223,0
1,19282
1,0
1,0
54320,107906
3,32967
264,0
123,39596
5889,0
48,38316
1,0
2,56029
8,-32161
37985,37982
2,0
1822,4157
22,0
2,0
5,0
72,0
14033,14019
5,0
591,0
6928,0
9,0
570,0
81718,107251
91,0
3027,0
824,0
95,0
4,0
83790,71549
23248,34397
63,0
10371,0
7002,41736
5247,0
26505,104753
1408,0
6,0
1,43229
1912,0
4,0
2,0
3675,-1424
20334,19439
4257,4270
245,0
1453,-11312
1,0
419,0
10,53904
1372,0
5972,0
617,-17962
191,0
16,0
9138,0
54,0
4,0
2,87877
4059,0
4,0
50565,58084
13429,0
2,0
34,0
339,116181
24,31626
26019,51602
420,0
7,0
387,0
7,0
11078,-49616
249,0
87,0
2398,0
248,0
2803,0
11,-51
37160,68696
1,118501
414,27947
22709,-32762
42768,0
34,12858
2,72932
10208,110599
31,0
244,0
57421,76779
278,0
208,19649
2,0
18,0
268,60824
8,0
12,-12559
1068,0
335,0
7,0
6,24434
5585,0
266,0
33,35944
2663,0
112,0
53911,55558
1,0
1,0
671,0
21,0
1909,65910
35195,83112
4,44604
1949,7988
970,0
1,0
31399,30934
5637,50582
9,0
3318,0
78138,89217
60,0
731,0
2574,0
1,0
2,0
355,0
92955,96860
7,0
111,0
23265,32420
5,59114
1,0
3621,0
21,56339
1,0
388,0
9,0
30643,57840
4,0
4115,75922
14,0
36426,0
1561,1563
14570,14570
592,0
46132,45752
899,0
27584,24255
3,0
38,0
18940,108505
21,0
213,0
7,0
52,0
36411,40362
1279,0
1435,0
33,0
85,0
1,0
18814,0
3,0
89,0
228,0
23049,0
121,0
52,0
624,0
323,0
1955,0
18396,28753
1,96532
80631,80638
3135,0
164,0
46862,81941
17663,0
176,0
4,-571
39487,38714
2,0
1,0
2,35065
1,0
21861,13304
403,0
276,0
39901,102548
2,5671
30310,79209
628,0
523,0
4755,0
1542,26507
74,74
6049,0
10,0
36,57530
2569,0
214,0
10,0
25,0
1047,0
1968,-4612
1,-154
10,0
264,-2550
235,0
31974,0
77697,69262
7239,0
5,-11468
4,0
216,0
79190,89561
9749,62939
1,18788
72,0
1044,-6394
32,0
43930,55183
131,7165
146,0
1064,-3543
2,24882
20,0
25,25
29,73702
24,0
2713,27713
2666,0
277,0
6850,6865
1937,2367
2296,0
7628,0
104,0
83,-17745
1,0
1233,1314
1,48638
1,0
1,0
3,0
2,0
77,0
66,0
12,0
1947,46504
763,0
2908,0
13655,40251
3436,0
45,0
487,78225
7370,0
16949,18371
98337,93256
632,0
2929,66086
39034,39004
5,0
6,0
7,0
16,0
15,36212
67,108190
230,134
9405,0
6,0
53,0
1414,0
61,0
84627,82475
21,121859
37473,42802
105,48372
27,0
254,0
2267,0
29935,0
1,0
1508,0
3101,0
93288,92999
19522,-932
8049,0
86,0
2,0
31157,0
45003,52764
105,0
13064,28802
23,19519
3159,3159
17004,13860
11793,42317
10588,75305
18839,0
15998,-6663
1,0
28657,58723
131,0
188,0
8,48665
1,106018
127,51414
4060,-1978
1,0
1299,0
39,0
357,0
217,0
27888,26955
9784,52627
18925,0
335,0
180,0
7,0
84,73
183,40691
78068,95002
58,31968
30184,20342
13,0
50218,63161
10821,59723
1,0
15,0
124,1701
2,97
992,0
141,0
1589,0
1966,0
1,0
881,881
5,0
215,0
45350,115763
87,0
1,-24210
40,45603
172,0
444,0
71,0
48470,61894
46843,68796
234,0
16694,17106
29,0
37,0
838,0
126,0
49,0
1,0
278,0
435,0
8,0
16,0
11,0
48,0
152,0
971,0
409,0
3975,15042
1,0
13670,55325
8,0
9366,0
12,0
42,0
83761,62972
16,0
96786,96800
92,0
1095,0
33609,25087
38,0
18303,48917
1,0
23101,29513
636,0
90,0
2,0
4849,0
1,0
1,0
18,0
1331,0
211,0
1,14131
55503,73632
7,0
2386,2399
1,-840
734,0
4122,0
42078,62460
11165,0
28,0
2,0
3303,0
2496,0
777,0
68525,75334
44,0
30,0
130,0
53426,0
76,0
828,19128
6,3350
44,23433
16,0
46,6450
7510,7746
1,60442
224,0
8431,-32797
3360,3730
1,0
423,0
598,0
25,0
6,0
75,625
6290,0
656,0
53392,33879
12539,0
26556,0
79873,79884
342,0
366,0
29221,75274
4,0
25488,0
11591,1722
4,0
62,4814
2208,0
483,0
34,0
10,0
25448,0
17740,106086
701,698
48002,93265
29,1543
14,78284
436,0
10,0
3,0
2,0
12,0
470,22684
3,40650
56,0
73,17949
513,17603
698,0
4588,42898
244,-14060
2,0
285,-33436
1037,46878
1872,0
12122,39095
53,0
7,1881
29467,2752
8,0
35,0
76,7027
1,8523
262,0
7,4699
34,0
98,1166
34,-9700
10693,0
13105,0
13,0
2212,0
16,0
1445,0
16003,0
103,0
17,0
35,0
1,0
255,0
89,48518
692,0
8876,0
48132,-21568
1,30938
8,1749
3459,0
14,0
5,0
5787,5787
506,0
2,0
46,30448
30,0
29097,61530
3669,0
1,0
4758,0
38,0
9108,0
57269,92356
1,0
4796,54903
5328,5399
203,0
11039,0
14832,5722
19748,52774
6479,0
10,0
412,48312
1,0
5,0
65,0
9167,9194
5126,18012
860,1407
2,19891
132,0
87904,106340
984,77902
4,171
4,56944
1,0
15,0
3,0
27,81848
53639,54054
4965,3275
2,0
47,97437
347,-178
92506,91496
8,0
445,0
41,0
14427,-28133
1,0
133,86613
10,0
54,0
17514,16981
213,0
52075,0
8,89191
331,0
47256,62053
70835,77143
328,328
3,1180
2,67438
69083,77809
20,0
43,0
5,0
8049,0
34487,39073
2596,3048
206,0
39,85
229,0
27651,58309
2,0
1485,0
21677,10866
1,0
1,0
66781,78344
14591,14138
126,0
35534,41455
516,0
1332,0
7,0
919,0
5619,0
1878,1166
7,0
13155,0
4397,9890
6,0
38,32110
92,22156
875,0
1,54413
68,0
10,0
1211,0
1,0
5528,0
118,68667
3,0
455,667
2,0
4382,57763
194,0
4403,0
14321,14321
1,0
7,20611
200,0
70763,67359
3,0
1,0
9,0
464,57702
29,0
2,0
4668,24449
92,0
2,0
2843,0
19731,19109
4676,77519
4,112612
3,0
169,0
255,35294
1453,0
178,46774
6899,11892
77,33446
44439,45487
1,0
1,0
6393,6399
1,0
394,0
169,0
3,0
1,0
13114,16969
3,43907
1112,590
12,0
9,0
8,0
35,0
55,0
124,0
1,0
4,4
25933,37146
912,0
1290,4247
4162,0
16,0
9728,94847
52637,43241
728,0
1,63446
10,0
6,0
756,0
96,7990
1,0
1,0
1,0
1,0
140,0
408,0
7395,7395
909,-35563
987,0
72,51588
18,0
563,0
10,0
213,0
41723,0
43033,51669
3,0
3,0
7,0
76,0
1095,0
295,0
27,0
115,0
14,0
227,0
7,75579
748,0
23166,85749
2,0
7399,0
1330,0
375,0
6,0
5,40927
5,0
4,0
14,0
39039,63591
30323,66968
18,0
389,0
15,0
7,0
39,0
4,0
1,0
26,0
1,0
1692,880
23982,35217
2,0
84032,119688
6,0
8797,0
497,0
3269,0
899,0
9528,9543
61805,81693
35,0
6,0
3924,63109
240,239
979,0
1379,0
1,0
1,0
25,0
4311,4333
5659,0
18587,0
7,0
22,0
2,0
2,0
11,0
2,0
2,0
2,0
143,0
25568,32742
593,0
8,0
10,0
2000,0
1583,0
38,0
74,3101
947,0
166,0
475,0
152,0
63165,75188
487,0
2,330
9919,0
6159,0
722,0
2861,0
3,0
1,0
1,0
16,0
29895,61691
1,0
30977,16749
2172,0
1,0
3127,0
25,47341
845,0
309,0
2750,0
243,4785
137,21650
936,0
287,0
14,-17182
48969,80967
87135,86266
2231,0
1173,0
2682,0
15,0
7,0
69,0
11,0
4464,0
1,0
16,0
182,0
301,0
57,0
70356,81225
139,0
25346,49331
20,0
26,0
7,60468
6457,0
72883,79625
16,0
2355,2887
21,0
19663,0
1,0
5522,0
146,0
2,0
192,9682
19,0
248,0
1474,43698
3284,5474
124,0
49,0
21,0
1,0
2509,0
1054,0
1638,0
48656,53550
1,0
110,0
13615,0
2,0
3,167420
3909,0
1,0
540,0
26,0
6,84084
1,0
4,0
1,0
77,0
49800,28833
70,0
74,0
4,0
1244,54852
7262,0
1256,0
390,0
81948,89148
73595,68272
20415,19110
1739,0
319,329
2,0
674,0
18,-3284
1025,0
709,35626
2,0
1,0
9,0
12,12
157,0
7000,0
28421,0
1,0
84,0
370,0
4,0
2,0
133,0
194,34556
2747,0
1,0
99,0
30012,0
855,19011
324,0
84712,74160
22562,58753
22,0
250,0
135,0
18500,0
8,0
175,175
7,0
62290,61196
80115,75055
1,0
610,0
148,0
1,0
79813,98641
5,0
2331,0
44749,53119
1058,0
15,0
881,7990
49,0
2,0
53,0
26382,22854
311,0
59,35021
63314,68366
198,0
1590,0
2246,0
2101,0
2,44916
837,0
10,-16962
3866,0
3758,3996
8918,8918
850,0
509,0
91,0
11521,45688
134,0
461,0
3,0
286,0
89867,99848
101,0
3442,45676
19661,0
4254,0
67068,48632
80793,78500
12,0
54,0
260,107151
6,0
3,3
510,0
33,0
13098,66349
276,0
3480,0
22,0
20,65214
39,0
193,0
17662,0
11018,70817
12,-5285
122,43266
26137,31815
30,0
1,0
16759,0
7646,0
36374,0
413,0
10,0
52,0
346,0
58404,62309
10,0
1006,0
37389,47179
3348,14589
2600,0
14992,32382
9,0
3777,0
339,0
793,0
10,0
14,0
3885,3885
33131,60053
2,0
3,0
13,3267
7452,0
1,70442
3,0
917,0
167,0
90,97289
16275,36590
1274,0
38848,21449
71,0
706,32073
714,0
1551,0
25843,-7020
6,0
9647,56024
22426,0
15,3521
2,0
59,0
598,-30488
1485,22164
1285,16082
1139,34300
2,35894
3422,29142
15433,15399
1494,0
1,12331
30,-2558
50586,46985
2309,0
5963,0
18,0
138,0
35,0
68,0
36,70679
6197,0
6,-4960
1,0
1,52494
6694,0
119,0
1232,4088
3,6507
21847,5878
3070,3070
1,0
148,0
17323,18791
1241,78402
95748,141428
5824,2142
2162,33818
3,0
65,0
251,0
314,0
4871,0
584,570
6,0
616,0
726,16927
140,0
30577,71219
11971,43208
49,0
105,0
15804,0
80,2715
352,289
242,0
30977,22852
26,0
228,0
22180,0
6,0
92452,82525
55114,133421
15664,17458
3,50986
841,0
784,0
174,0
23,0
2412,62772
1,0
829,0
28,0
53925,68918
27133,97846
11385,83422
1,8805
1073,0
21095,36473
240,0
5,88731
84974,163720
4031,0
25,1443
253,0
16,0
6,100581
1,94096
28,0
3,39929
2,0
128,0
5,0
13,0
6,0
271,0
570,0
31095,62006
116,0
727,727
78495,68126
2,0
3,103396
7,0
11692,95656
5853,0
2,0
29308,60707
293,0
3091,64297
190,0
16,0
121,0
94920,112262
2404,20437
7,89376
13,0
1247,1677
35,0
17205,0
75,40267
422,23228
4,0
4,0
780,0
450,448
87,0
1,91849
5049,0
56,53903
11,0
2,0
5,0
16,0
305,0
1,0
13900,5210
318,318
212,0
4317,4291
4,54630
22,0
356,0
894,67686
1514,0
10707,0
1,0
6,0
528,0
83981,86300
12,0
45737,120141
502,0
675,0
5,0
105,0
66602,95919
76893,88729
912,0
15,102846
38,94630
1,10333
3,0
3,0
155,0
46,0
2,0
4,80165
174,0
1090,0
51,0
4050,16661
3,0
806,1077
2250,0
2,0
1,7138
394,819
295,0
7288,129207
428,0
9,0
230,0
6012,0
3,145803
25,0
458,1112
768,85304
2,0
2,0
2,0
18077,91236
34857,34963
8,8
64,0
2,0
4,0
68,0
3,0
18,0
3425,0
14120,-2047
3221,0
48483,45186
918,0
292,0
7789,0
62196,58351
30022,82158
2,0
88,0
95,0
146,89158
12516,12543
3411,3789
2,2568
431,0
54,0
1,0
4,27308
10146,-5062
229,0
1,0
60,0
329,0
284,0
11620,0
40348,40074
7,0
519,0
52427,54432
976,0
68,0
9,60610
1,0
3029,0
271,271
474,468
4,65137
914,0
315,0
736,0
2557,31927
1,0
1858,0
1961,1910
69,82781
2,0
240,0
15,0
565,0
6849,0
62,0
91444,65899
180,0
8,0
5642,0
30,0
83,1687
2,-800
2512,0
19303,21238
4965,0
32,-65
3,0
9046,7291
1,0
9,0
5882,0
1,1
895,0
90773,91336
8,40271
68,0
1127,0
8,0
8943,0
1,0
3214,519
16781,27210
2,9587
4172,0
95,0
47167,76805
91884,91509
4,0
9,1597
75,0
5018,0
14206,45957
53680,53684
5,9260
3,0
1,0
36372,118687
1630,0
14833,50470
44,0
19798,19802
20544,20531
1412,12909
4,0
27,0
213,0
1666,0
622,0
465,0
91748,92381
46,0
13,40646
94,0
2391,0
942,4879
493,13549
78771,100345
60213,61310
115,127
10526,24000
35,0
69978,69863
575,0
1044,21891
181,0
41406,86388
1,0
100,0
15825,41303
4,85749
186,109895
69099,68201
52,0
114,77791
7,0
15643,72059
7,0
53774,93053
88,0
44458,53410
16,0
83,0
925,0
10,0
1,0
215,0
85,-16131
13,0
533,0
653,0
1,0
60407,45108
8,0
1,0
1,0
28291,28317
20,39524
1,0
2364,24366
64,0
101,0
9,0
3933,0
64,27654
277,0
66,0
25096,0
82811,86373
201,0
6024,0
41,0
1,38761
384,0
258,0
372,0
42635,87846
42,0
33,0
637,0
84129,63100
274,0
9345,21116
18800,65135
14,0
2,13552
307,52203
4857,52545
37,0
91,0
24,0
437,1118
5,0
13,0
1,0
246,0
1,0
2107,0
8,0
3474,0
1395,43138
858,28569
102,0
6284,31922
8842,18169
9,0
1,0
88,50950
3098,0
213,0
2,0
374,0
59956,59917
119,18488
2810,0
23422,46410
1085,894
50,0
162,19578
23,-9717
90205,72647
1358,0
381,-1831
512,46721
5,0
8,100077
5,0
6439,0
279,24904
1,44309
218,0
11,0
3,0
964,0
45675,45658
55,0
1,30893
1,0
1,0
1,0
1,0
2,0
1,0
17388,43981
31,0
6324,0
730,0
4139,5160
455,49872
3,0
22697,59771
1924,15717
7,0
35916,44990
3851,8318
1,57448
1,0
19995,0
741,0
642,0
1,0
15,0
31636,31211
2959,2990
97485,134671
14506,8063
72,0
35,33
261,85824
29,0
8752,0
729,-20378
23,0
106,0
14,0
25938,34226
866,0
2190,3293
9,0
75,0
1060,80954
114,0
8,0
48,0
3,0
11346,0
1,0
8,0
25028,0
44457,101346
24,21185
8,0
113,0
186,0
82113,83283
5887,82840
6,26724
30,4184
17836,49867
213,0
50,0
12,0
9,0
9,0
38,25845
17,0
46,0
6900,64046
1432,0
14847,0
67,0
58,0
1207,0
6,0
60603,78381
922,-13595
1,0
373,0
641,0
5,0
9305,0
5,-28252
140,0
587,0
1,0
654,0
4,25829
12567,0
129,0
239,0
2360,0
16,0
12277,0
4361,0
1,0
51,0
7,0
89292,94090
1,0
14827,15788
138,0
13,0
570,0
1,-3864
375,0
42301,52612
622,67547
11,0
307,0
50,0
3056,0
1657,16313
4638,-42338
2076,30489
2292,2292
6,-40544
8406,5683
1517,0
8,0
5750,0
3,0
368,204
30,0
3,0
4,4
2,0
471,0
27685,16670
4,0
671,0
72,31431
1,34798
294,0
4326,4326
3502,18759
412,0
863,0
83,0
1,49912
2,0
1,0
31771,102602
23,0
1,0
7829,0
1,67207
352,403
3,0
1,0
15057,73143
603,0
474,0
6599,0
12,0
3086,0
37437,102057
42101,122901
95,100
26789,26975
92,0
50,0
2248,0
2,0
45724,42876
69550,86897
1416,0
3,0
1,0
59283,24663
3,17396
656,0
57,0
969,0
3,0
5474,42311
8,-117
9,0
12,2732
43,0
2,0
649,670
80,0
14548,0
24,0
1,0
15168,0
18,-4211
13,-1149
1,0
9354,0
978,22473
5,0
309,0
956,-150
3083,50167
26,0
10112,-13205
50,0
2,-4478
3,16
25242,105772
329,0
6,6
34206,38131
13,0
6,-233
48954,18129
1352,34203
226,0
204,0
2340,-35058
2017,0
1,40630
6063,0
14173,15543
63425,60908
15455,0
7293,0
41114,83113
3,0
43,0
23789,0
76458,69162
4,0
319,97560
73,0
18449,0
1,0
89,0
117,0
84,0
17858,17625
3,0
8,16076
10,0
1,0
8,48152
42531,97087
1,0
10510,35799
30985,0
1358,0
5885,0
386,6825
2,42696
48509,22070
2,0
5097,2808
6746,6036
4861,0
170,0
1,0
122,-2779
80609,150452
7165,91347
1,0
430,0
1,0
60,0
17771,0
32,0
48316,48104
9,18203
1,-6216
1,0
13103,0
357,47796
16063,16258
346,0
7181,19796
4464,21606
36338,36293
3885,0
2,0
8,0
3189,0
2,0
111,37959
1,0
658,0
18,5408
2,0
8,0
1829,20097
69023,110502
61,23413
82,0
4,0
108,0
9,0
258,0
5,0
397,0
6,48641
183,66656
64129,67457
89,641
3047,0
159,758
17,0
76,0
14,0
8,0
93941,120957
1,15656
467,0
20,0
31,0
5447,0
1,0
26249,99045
2,0
99273,98224
9140,0
561,0
9,45176
3217,0
467,0
2,0
2253,0
90,24561
51,83275
83,0
21,0
16,0
495,0
51,0
368,357
1199,-1374
13,0
20,21
74,0
70073,70461
5197,103184
5,0
1,15590
24592,88394
9,0
1679,0
83,0
2,56764
1,0
72,0
48,33999
35,0
67,24980
5,0
4343,0
1058,0
12,38717
11,0
19142,37918
1089,45145
7049,7487
19080,18912
1,201
17108,0
39363,0
3371,0
124,80132
5,0
5449,0
2609,0
236,0
6296,0
198,0
3,0
11,0
1059,0
448,0
36,0
201,50756
27796,27826
1894,0
745,52463
34,0
70584,84954
1,0
59491,68569
23473,23486
54,0
1183,24862
34760,70562
58,-20840
1,0
105,0
6840,50029
6,0
27238,57369
3,0
4,0
62476,61548
266,0
8,-496
9,0
31,0
56,0
30595,22647
766,30625
17835,29881
12,0
47602,58501
2,0
1,0
31957,72514
5564,0
68868,71906
57512,57060
5,5
313,76476
1,0
9913,31408
66167,59636
14360,37424
1,0
431,0
15676,89219
25,0
204,0
34,150737
2893,20871
55491,68608
39,0
184,0
61,0
58,0
75543,101314
2046,115818
116,0
13,51333
60758,38126
1,0
126,6319
2,0
1091,0
114,0
289,0
14732,0
182,244
12,0
152,0
11893,9305
1,-13341
49,0
2,0
41,98648
94422,140738
1855,69304
3,0
2117,0
199,0
1,0
84,48437
13,0
3,0
22,22
679,0
1254,0
2159,0
310,579
7365,0
19,832
277,0
39515,81674
515,0
91879,86364
44,2206
19836,64592
7,0
1117,0
1,0
1,9917
13815,0
10,0
22214,13488
24324,34391
52798,91044
80507,102144
67,0
1,0
61,0
23,0
342,0
5500,0
6765,0
27115,0
1538,0
6,0
54104,73640
28,0
16834,62973
23014,0
4,0
58790,58102
159,10112
5,0
24,0
1,0
9503,-45393
2,38968
94071,79203
3,49856
141,0
300,0
1417,0
187,0
9,81364
5,0
57,0
14,32687
41,0
843,0
10,0
1456,0
3,0
181,0
5519,0
5041,0
3,0
1898,63857
34,0
4,7157
36664,30778
26296,51914
6634,18318
4,4
15595,30657
23499,4010
6179,0
2762,10910
567,686
19851,0
5,0
23,0
1,0
13,0
16239,19765
1,0
2,0
20,0
1672,0
179,12141
9725,9822
2135,62334
68163,85434
11,0
1238,0
263,0
11638,64388
87726,134236
82,0
478,0
45534,50005
3,0
4957,0
11922,0
7,0
536,0
4529,5131
218,0
1197,0
39,-155
78,0
2076,0
2509,0
208,277
100,0
45796,0
924,0
22013,58617
1113,0
4843,0
1299,0
16120,0
1,0
18752,18752
46,0
10,0
38579,82260
332,0
294,0
33,5238
1,0
7044,50355
19,30807
1,0
43595,0
1,0
460,0
7,2510
1,0
17,10482
14,0
998,0
1699,0
24,0
1,0
3,0
85063,185383
184,96366
11264,0
2704,0
28470,0
52867,58157
44,0
1690,0
36780,31425
2,0
2,8497
26433,36785
147,0
75586,108112
1388,0
8,0
74161,95094
20,17507
19,0
1109,0
62,0
2114,0
477,0
59,0
56,72423
70,-650
12453,0
37,39008
192,189
1,0
5,-21512
2632,0
8186,0
10,0
11,0
118,0
2950,13729
10884,0
117,80123
2,0
89,0
1121,0
2,0
15434,99711
38366,38401
1739,0
5051,0
1,0
1226,0
1,0
1346,38071
47,0
1,1091
116,0
4274,0
23,0
38640,-18291
108,7364
27,0
229,0
2,0
1,0
5,0
28274,50144
29780,77534
94,0
2,0
8,35294
3743,21322
7,0
259,73690
4,51475
17275,0
5,39149
7,0
5487,0
655,0
3088,0
153,0
3217,0
1384,1384
5325,5015
2995,0
104,0
54,0
11272,0
2086,0
40,0
228,0
50175,109741
304,0
15,0
225,0
51125,48804
89976,89274
74,0
128,0
6,0
51827,9348
229,0
538,0
334,0
35,0
104,0
399,99859
198,0
274,143031
14102,26450
9,0
77892,49634
3451,0
7,0
70115,75878
844,69228
16523,-37112
45,0
23,0
4726,115234
293,0
1,0
4510,0
4576,24205
3728,58408
7460,0
2178,0
9,0
1699,138302
33789,56974
6,0
9382,0
24,6800
57,0
5959,87940
66961,68893
3,-677
2,0
85,0
16,60253
26104,27904
27456,28223
23,0
14790,0
2,0
292,0
8,-444
24,24
22,0
26685,29280
2,0
1129,0
2,0
2703,0
2190,45752
19616,0
5077,85942
11767,0
8967,12347
470,0
4770,0
24,74804
11628,26878
809,0
1418,42186
100,0
1813,0
34,0
118,49040
1,0
141,0
3992,0
52510,0
1,0
18105,0
1066,42374
6411,0
30497,0
1081,66596
7,0
513,0
50,0
43025,51499
6368,0
10920,0
495,0
2854,0
892,0
2619,0
30379,44291
7,27267
29,0
26,0
18129,20752
339,0
618,-14546
1,0
2858,0
6,0
2385,73344
16111,77556
24172,21849
20638,62714
21,57953
106,0
44,-3423
2149,-967
1,0
14929,21425
1,0
2,81290
16647,71614
6,0
703,0
91642,82308
53,0
55,56156
1,0
7412,9874
2,0
3493,33266
1,0
1290,0
388,0
7939,-20761
3,0
86,0
2,0
231,0
16,0
451,0
1,-8258
2923,0
45302,0
44,0
2123,89629
244,0
1151,5502
34,33834
141,0
23019,23023
1211,9659
5977,0
1274,0
9929,0
44,0
3,24259
3689,0
19783,0
4,0
6,0
1,7964
38563,49271
2,0
68280,71500
7929,75705
11,0
30,0
264,0
21,0
50339,53915
742,-28041
574,0
509,-6763
256,0
1,0
3,0
13,0
9,66735
24,0
21883,0
4790,6947
3042,-10389
30,40444
7,0
2,0
19,0
1,0
3908,8980
100,26780
1,0
2344,0
8,0
36,0
1,0
349,0
3,0
803,803
66348,25301
561,0
113,0
5,24654
2,0
1,46186
280,278
17,17
1,0
7,0
3,0
7278,0
8,0
19394,17077
234,0
458,49617
16,48958
131,0
24,0
733,0
29246,108591
23672,54472
233,0
10,0
764,0
1,0
20,0
12,0
51,0
9,0
195,3676
73241,73260
23455,111173
398,498
20,95100
1581,0
21403,0
2683,0
1100,0
1933,0
10556,0
40132,97411
1,0
2,0
20313,0
53701,53725
7,0
3,0
6,-3395
1794,50424
1,-5209
1119,0
8,0
446,63689
2746,0
2,0
1,0
6,0
599,0
1,17827
4384,4361
13,0
34360,33892
13330,-31833
3383,0
4,0
31029,47875
1962,0
535,0
14774,0
2141,1524
609,0
11937,11901
1234,0
6943,94407
72875,140109
17327,0
81,0
51,0
1423,1473
20573,0
4,-1137
1,0
2825,0
4,0
17408,-22969
5007,0
30,0
14501,0
7,0
657,0
1964,0
2,0
666,12065
44097,84136
455,-7016
1,0
6,6346
48,0
2985,0
1,0
367,367
575,574
38,0
83803,64735
204,0
9371,76730
665,60653
6418,0
3768,39262
9,0
1677,0
11958,56138
42120,45182
4,0
669,0
6,0
7,0
1865,0
19435,41097
76,0
589,0
13533,13536
41,40052
13,79
1,0
136,0
10,0
2799,80172
9,0
62393,37116
1691,72414
1,0
1714,0
822,0
31,0
640,0
3152,0
3371,0
1964,0
1,0
4,78757
461,0
2,0
79920,81592
39189,0
16424,17743
6,0
83,0
37,0
42,0
9604,0
309,18901
247,0
22,0
165,0
2712,0
8,2375
2,0
76878,68008
1,0
523,0
23770,0
421,0
6039,92333
537,0
1002,0
4,0
29,0
14311,26732
1,8752
193,0
203,65508
94973,122348
10462,8326
10,0
1,0
3516,46801
52,0
32,32135
4,64439
13,0
12110,38193
42,0
20419,31475
4,0
3,0
380,0
44,90485
3,0
1161,0
46,0
1043,11460
4385,0
1307,-417
199,0
18,37
1,0
36,0
84,0
22,0
2354,0
20750,56391
580,580
35,0
21733,23471
27,0
325,0
2365,0
1,0
129,0
77116,47199
15043,97587
5268,5740
11583,11583
6593,0
4320,104428
314,0
2059,-51218
930,0
98,0
1,0
8940,0
6,0
7,78858
1274,93628
18512,18512
4619,0
41,96541
29,0
57036,58164
1,0
55,0
62025,62040
1,0
158,0
62,0
12,0
1,0
93954,99465
13702,0
947,947
16073,0
20,139
2174,0
1505,78534
306,44726
19799,-421
37860,0
19831,25438
4616,0
5659,0
30,0
3850,0
85210,128587
8,0
26332,30511
2020,0
47,99261
2777,0
1,0
576,0
4,0
45,0
2,0
110,0
785,1928
24253,0
3594,0
41,0
60,16311
207,0
262,0
2192,0
6784,0
10350,13057
9,65875
248,21570
265,38382
460,0
2,115296
93498,44904
12200,12482
206,0
638,0
6,50970
2198,0
1433,-23712
72791,33964
9875,0
601,0
3053,0
24885,91843
24,0
80030,80857
13,0
119,0
200,0
5,0
11,85136
1,0
1264,0
3,66587
517,0
185,0
13,0
12,0
1362,0
56748,65477
5,46466
90526,91066
60,0
4,0
10240,0
668,0
1,-10819
4724,0
2174,0
7062,17274
37687,117628
5015,22931
54763,50913
33318,6033
36393,64547
6833,25314
1967,0
832,0
6,0
2739,5986
285,0
49,45107
4598,0
26,0
13,0
240,0
185,0
16972,18145
13,0
1,103638
29,0
46588,86836
1,0
2525,0
8842,0
10909,11279
6,0
401,10388
1,0
3634,19731
63737,54971
283,11386
5469,0
2835,0
14,0
221,0
2,0
3793,0
8,0
7572,49400
9430,28473
1505,0
1,31167
49731,69469
112,0
9460,-19211
11,0
1,0
31761,0
24,0
2,0
4,0
200,0
1961,3079
139,0
80893,80396
3109,0
12,16981
2,0
2,0
677,0
3,0
342,0
166,0
4297,0
1,22519
893,893
1,0
1,0
6094,0
68,0
4868,613
1121,968
175,0
7,0
1901,31975
23192,37973
2,0
13,44523
93466,62627
554,0
2,0
1263,65787
5688,0
1004,0
8615,6080
1,0
2,0
11,93360
17,0
7102,55293
16153,0
1006,0
3,93486
6,0
1923,99111
2,0
678,0
6,0
111,0
6,0
7,0
1,0
3,409
35057,72343
42,0
371,370
1,0
167,0
7287,0
2,0
958,0
95873,112794
2,61725
338,14765
153,0
218,0
6018,0
16570,25309
49882,96166
71621,74417
320,0
7927,7732
5958,0
85805,61067
424,0
3,-105
247,41221
16,0
343,0
432,0
19,0
28034,36712
11488,0
8828,49720
46,0
2,0
242,0
16225,0
14,0
13,34686
1,6162
939,24486
158,0
5,0
4,69082
16848,0
250,0
754,41748
4115,69636
5,0
41,0
4090,0
13,66
154,0
1856,0
86,0
12,47314
3,0
46,0
9,0
1,0
4116,0
48552,61147
9,0
10194,0
3418,0
5,0
26,0
4,0
42,0
89988,106845
37092,39270
689,689
2145,67425
58199,48931
34090,0
28,50092
668,0
11577,0
2514,0
1088,118667
32783,31831
380,0
39,0
6,0
470,0
1208,0
42,0
3,55256
53092,53100
17538,76073
40,0
196,0
1,87345
9,0
17,120250
1935,1934
9,80444
49,0
122,0
2019,0
5,0
102,0
55,72944
5,0
111,0
3,0
607,0
265,0
5445,0
2,0
1731,0
29,0
1848,0
793,27361
3,0
6,41164
700,9084
1,0
12,0
2,0
11213,49503
5,0
8,0
241,0
1267,855
106,0
440,17355
138,0
1946,74992
10,0
2,35077
8,0
53,0
1,38019
112,0
181,86861
4,0
4,0
5353,0
79,0
1,62319
15757,0
49,16980
17433,17465
6,0
1,0
10608,0
111,59
2,0
2,0
2,78360
6,0
2,0
43,0
18005,0
1,0
7,0
22725,57289
434,0
1,11744
758,0
2,60108
13625,60413
309,43067
1,0
127,44901
55178,90921
1484,0
4,0
1420,0
1,2876
99,0
17,0
15410,15914
1,140079
71160,76600
10995,0
45,0
24,0
935,0
1001,68270
2,0
41,-1999
705,0
4,0
28948,39640
2,0
1,0
4,0
110,0
14,0
17,53839
914,0
5141,0
10437,14597
45348,68017
1,0
15867,12945
17273,0
4468,0
1,0
4,64192
16,5987
134,0
1,0
1568,0
34910,0
15,0
30,47482
25302,43146
5,0
16243,0
537,0
46445,51267
58,0
191,0
6036,6091
11,24835
48,36
2,0
38,0
44479,64111
215,0
3615,0
57,0
5109,0
10824,10824
326,68612
1,0
2,91741
61532,42520
69295,90901
260,574
532,5163
381,0
140,0
14294,14294
30458,23498
399,75283
228,0
82923,83355
12906,13443
2300,0
15,177
12,35476
86,0
3196,0
1969,22460
49,8229
31,0
4,0
5987,26605
184,0
4955,71204
67,0
3,8529
1871,12590
432,0
1,91368
19,0
14486,5876
60,0
10,0
10,3036
41121,52153
7,0
35,0
1,0
68,0
41674,57198
1334,0
19819,85123
2718,0
21239,21261
2,0
292,0
11,34338
8,24413
170,0
66874,63539
1,0
3,0
4,0
2698,18907
41725,53117
6,43641
212,0
5249,0
4,0
69,0
7487,14208
19,0
13021,66216
12,22598
1576,0
775,0
729,99427
134,0
37,0
1,0
1,0
3168,0
16,0
119,0
2302,0
21,0
1,0
865,0
1178,0
22772,24559
28535,0
134,0
1,14111
2,0
12,0
2635,37493
9,0
369,0
23,0
4001,0
3528,0
668,0
12614,-1127
99020,99076
3,0
40,0
1,0
132,0
8,331
305,5678
40101,78516
8118,16108
21025,94090
106,0
27369,27367
28,0
19106,-22480
3120,0
1,0
1101,0
3,0
24474,0
2,2
20,0
242,0
31,0
7,6500
3723,0
94885,113199
59813,59679
48,0
1,4682
3,0
933,0
25,0
205,0
25114,64444
16,0
21,4268
32,-5959
14,0
934,77841
64,0
2,0
56786,82227
2,0
637,0
1346,28973
7,126787
42886,0
13789,0
292,5795
314,10211
2103,0
858,0
14414,0
150,0
359,0
230,0
9951,0
3,0
23,0
139,0
13,0
4,0
20287,143446
1405,0
13,0
2,0
75,0
113,0
657,0
82,0
2052,23671
44,0
280,0
214,113220
1,0
35,0
69,0
4933,5027
543,0
291,0
1,0
2,0
16331,0
353,0
154,0
1,0
177,0
1,21
39,32400
7106,0
214,0
6,0
60914,60006
4,0
3,0
60544,80110
2,0
140,-9719
28,0
324,0
9589,9600
213,0
12,0
2,0
15327,0
27,134473
2,0
38,33911
130,0
6,39245
2,0
1,0
570,0
7880,0
63,0
3,22036
22,30232
32,10
5,0
12,43883
1322,45169
55,80795
2,0
9252,9333
38355,51944
198,0
73,0
42,-29459
42,-58
1,409
12,0
49053,29442
98,19157
1,10716
3038,0
582,0
20680,0
4593,0
2303,0
3,0
35557,36262
3,876
591,0
4,0
2132,0
106,0
1022,0
4,78923
5966,24786
97659,135911
1548,1587
4870,0
15,0
1,0
24482,91683
99,0
74,0
127,0
5,62540
43,0
36817,0
4104,0
89597,83602
68,0
46821,53827
4,0
1155,0
339,0
1,0
10831,44137
14,0
478,133108
1401,0
1,0
33,0
283,0
9252,0
42522,60299
2,0
203,0
19358,0
9,9
702,0
43,0
69,0
255,0
1787,0
40,0
4,0
17,51291
4,42672
91,0
495,0
30,0
9,9316
5,0
3,0
5,0
8,1372
314,0
9196,0
2,0
2,5960
55078,53566
3888,0
2,0
2,0
10,0
4166,268
49,45434
1065,0
175,0
29,0
2567,0
225,0
2202,349
3,0
1164,0
99172,100038
103,0
213,0
16,0
49,0
8415,8415
1382,0
15462,20340
96497,99480
26,85066
10068,0
4,38854
54,0
1072,0
2946,0
777,0
2205,0
6426,0
3,0
1274,46042
1111,0
21,21
73,0
103,0
969,0
7916,0
1625,-3463
2521,0
2,0
19301,40160
13233,13798
400,0
1,0
252,252
5,0
7854,0
1,0
322,0
3418,0
20,6867
22,0
25143,40774
2,0
7373,13536
97,0
619,0
89786,86365
99335,97145
5928,0
3775,0
1,39842
3496,0
393,0
258,0
1,955
2613,0
1,0
1,0
1656,0
625,26987
3,0
54812,71529
4971,0
3,-23535
200,0
14,25527
3,5649
21522,19263
123,32685
37506,0
529,0
4,0
1,13903
15843,27505
32,80562
4420,21900
6,0
994,0
1,67863
1,53599
8817,35391
1636,15887
42519,22318
46,0
16579,16579
2,0
1,0
322,0
240,0
187,0
5577,0
70754,70508
19418,18747
3,0
4,0
41,0
3,0
67113,82051
21,57974
4,0
136,0
2,0
453,0
15807,97418
4,0
16979,0
1860,54485
2478,0
5,0
13,0
231,0
80,1643
1,0
1058,9271
7090,7319
178,0
1,0
60,0
17,17
53,0
14,0
791,44275
50,0
65886,26062
4,0
747,0
20,0
34380,47890
2316,0
78242,71080
874,0
9,0
27,0
15465,0
645,0
2113,5520
2,88862
1,0
6,0
97643,144358
114,0
23,0
40,0
10,0
80976,52415
39,52087
36129,73270
10,0
43,0
2162,0
32,0
4708,4678
2226,0
39169,39263
27730,76472
17233,45588
4657,-537
687,16778
2350,3625
536,98755
481,0
5409,0
1,0
6,0
1523,1992
14,0
2,0
7,0
1,0
2,0
49,14429
47923,48121
5,0
17,40280
46247,72712
60148,97606
11,11
3,0
81365,80299
9590,0
2069,31748
1,0
446,38190
1,11058
1387,33637
18559,18549
425,0
69,0
55770,161133
3740,-2556
45386,0
295,0
64,0
1209,0
114,114
2112,0
22,0
4,2826
666,0
3319,0
13,0
2853,0
6,0
13,10965
25,0
66,0
506,0
72,0
84696,85013
46103,33480
870,0
938,0
844,0
24510,24504
25926,-7489
250,0
7,0
99832,96090
418,418
8205,8135
3222,0
2405,0
13,0
25,1270
4,109821
16642,0
419,0
432,-6446
15209,22945
12,151790
1565,0
2,0
419,-501
14,0
403,0
72503,107596
17211,20175
19,0
2437,0
12,0
21,0
3,0
81,0
1,0
2,0
27,120059
34981,0
262,0
4661,0
45618,38320
174,0
22,0
927,927
8113,0
1,0
555,11484
126,0
25470,30481
2,1801
148,0
15785,16521
1,0
474,0
3868,5272
17,0
303,0
1,0
34,0
34,43912
35759,35788
1452,0
35144,35244
23,41237
20,0
224,0
546,0
17,0
11,34232
6,0
15283,49855
47575,103160
1,0
9276,63885
33341,78535
7062,4702
41,0
174,0
5159,0
13,0
72681,0
324,0
67571,60780
6,6527
9,17
75,0
18,0
699,0
2101,0
4107,63897
797,0
12,0
570,0
4,0
13036,15928
18,77630
495,0
93961,99559
26,0
20,24888
106,68101
19,0
7,0
2495,0
11,7170
312,0
9883,20571
7,32838
1421,0
54778,68477
40681,8301
1,0
24,0
1,0
47,0
62,0
2149,0
3166,0
1,0
26678,44263
7,0
78067,118132
791,0
257,54034
719,57257
708,0
47,40312
20787,31510
71157,51958
1061,15935
8,0
43,0
4,0
142,0
12615,0
2176,110538
27,0
15,0
54535,54260
2957,0
755,0
1,12280
49209,53837
3836,0
10095,0
458,13676
49627,81453
221,0
9191,0
118,31251
821,0
15644,87705
37667,76670
98,-8294
2,0
136,0
2372,0
2609,0
2,0
1613,4557
4,0
47543,42248
10,0
1,0
3842,0
528,0
26132,0
17161,17489
11,0
2157,0
1,0
79,0
5805,-3136
47,0
20,0
3,0
1,0
20613,20638
2542,6180
1,30421
1428,4504
21166,0
1,0
338,0
1,0
51,0
115,0
3815,0
50,-209
52,0
91734,114620
1042,0
4,4909
19,99976
444,23187
1588,0
14018,8462
36753,35131
99849,97625
11,11522
1753,35332
2,0
11,37251
2,22685
52,0
6,52525
1,73062
447,0
3,0
55829,54665
86,0
11507,24716
1,104932
1,0
1,19398
18,0
21021,19309
2942,72373
1,0
42,0
3,0
4,0
193,0
21975,0
2352,0
123,7757
10,0
172,0
10664,75093
1249,0
20,0
2,0
20644,13551
133,0
50,87772
494,0
1097,0
53087,65051
4,0
12504,0
19,0
25726,46904
772,19052
89,9598
61018,101814
4,57872
1015,79208
2,0
17,0
14,0
7556,6941
3,0
35499,41155
1330,0
2,0
256,1214
839,0
49,71455
102,0
42117,59289
57124,98359
881,0
4187,20991
222,0
1531,0
20,0
55742,2877
433,51437
2471,69932
129,0
1610,80088
39598,25729
450,0
5,0
1,46800
10,35001
498,0
1,0
36014,130006
295,0
12112,106223
3,52672
6,0
424,26484
16529,0
4,45728
7,0
9,0
32,0
19631,3494
58808,38270
12,0
293,0
9,0
21890,58196
2155,1818
3,0
2,0
5830,8325
1729,0
8,0
1,0
80,0
13074,0
877,0
19081,0
594,0
4288,59355
599,0
23299,0
51398,48190
387,37450
137,0
34477,0
2,0
11138,98829
86,0
6,0
1344,-1534
200,56474
2,0
3591,3473
8,0
12586,24041
219,0
72,0
76,0
29,0
21,0
58,0
2,107920
143,82836
21,0
12,0
21,0
5172,77436
3589,0
44,0
48342,142253
86625,88387
724,84677
159,0
1454,0
137,0
38193,40387
85,0
9127,39623
850,0
2,0
1,0
14,0
62211,19669
145,0
16,0
596,0
224,97347
17259,0
637,58680
34,0
7,0
141,0
11,0
113,0
6,0
8014,0
202,0
10,59109
7,0
938,0
38,0
2,0
1,0
11,0
1551,29545
27614,60864
1024,0
1,0
5557,111536
32953,56701
1,0
793,7747
8925,0
7,0
11,56268
2,0
3,0
98556,110650
1,0
1964,0
9225,0
29964,0
3,0
1,0
3988,0
344,0
35,0
1,0
140,0
1711,0
106,0
5,0
780,0
90579,110608
6634,34207
63335,62184
7,0
3045,0
9369,0
59,687
58186,47280
91,0
2,0
1934,0
13,0
859,0
1582,0
1,39850
6,0
1,0
1715,0
204,0
8,0
335,0
10172,12506
126,56244
55108,53333
1,0
288,0
3,0
438,45913
729,0
987,103215
2,0
174,0
31312,0
1,0
9854,0
98,0
17,0
32366,100023
86,0
6,0
1207,0
3375,30460
57,0
9648,33204
163,21714
5597,25115
3,0
21769,0
20,0
13391,0
56,0
99770,99162
52051,62104
56244,74981
1,0
5,0
30,0
1,0
5,0
6,0
2080,2184
13536,13831
45,0
9171,0
95610,96098
6,4379
42,100964
845,0
16056,16402
1010,0
34521,33965
4,0
11,0
19,0
677,0
9913,11145
100,0
1306,0
189,0
15,0
62,0
12,33713
12,0
5441,0
10,11628
2,0
334,83904
55672,113603
43610,35218
1107,0
2,0
15,112425
3822,0
8,0
284,0
8917,0
42,0
624,26369
10091,0
15,29287
75,0
309,0
1,0
1986,0
38791,68371
7,0
5014,7728
1504,0
47,0
13,12
5007,5565
2264,0
341,0
31539,0
9597,14425
101,134667
620,0
824,0
518,4277
29365,0
1870,76545
75,0
1937,0
8,0
304,0
1306,0
114,0
1,0
6846,0
7592,0
132,110710
16011,16035
12941,14704
7,48816
20084,0
20067,15365
9,0
618,0
14027,34148
1,0
36,0
22212,0
670,670
1855,0
22101,37056
82,0
4355,6352
12117,56772
85,0
2,0
8,33167
5130,5124
1,0
34364,34122
785,0
99839,123966
15935,31217
9344,0
4,0
17,0
6293,0
3652,0
21966,0
614,0
10026,6685
31273,78486
17494,83058
26,0
1,0
47825,0
7,0
1,0
5874,2967
375,44826
452,35154
8421,0
11221,101576
1,0
37,0
2,51897
29977,30103
942,0
909,10065
2425,0
528,0
2567,41459
13309,13324
37660,0
921,14142
20117,1820
1,0
92,7465
95,-4046
472,31896
12,6
998,0
1,0
1,0
18499,127812
70673,40731
470,81910
92,0
7716,8382
177,0
24050,15000
8,0
87324,86933
180,4431
43,31975
9326,0
5,0
15257,22112
142,0
1,0
56,0
4,0
2,49525
5,9872
1,0
2,0
1,-9537
46453,30766
2870,41076
4,0
37977,0
7189,0
595,0
7,0
17,0
45291,45292
8327,0
10288,0
3,0
52,0
441,113542
182,0
12209,93536
3,0
10082,0
37,0
2940,3066
41,0
496,0
9880,9880
2261,0
5,-26
64409,79472
54,0
5,0
2,0
248,0
11162,11127
93650,91411
4736,-39239
30076,47237
1013,58658
3221,115124
988,0
467,51834
2,0
1353,0
7018,70651
6,0
94,0
1,31916
49,0
2702,0
2,0
225,0
30572,30546
31,0
78414,80003
50,0
1778,0
75,75
3181,3181
53,86269
29051,12471
194,83131
4601,39366
11162,11203
6,0
1,0
5,0
102,0
74604,141891
10986,0
67,0
173,0
43573,37292
5650,79346
7,-15493
616,0
3014,0
2718,1690
41886,0
4,17589
3,0
8822,0
26,0
172,0
23602,38447
23870,0
16,0
6011,0
317,0
124,0
30,0
36,19067
5,0
11,0
11089,0
3,0
10149,0
17,0
122,0
4785,0
1,29433
92045,87523
1,86089
442,0
23,0
884,0
515,0
3,0
2,0
71,52647
1674,0
65417,39089
178,0
454,0
10,41728
2,0
4,0
15,0
47294,32227
26,0
5285,0
86,0
32305,79170
337,38945
209,4845
1,0
18,0
2264,0
50955,-15473
1,0
6071,200
101,0
13,121054
5,0
3,0
3,0
5876,7343
5916,8143
4,40525
15,5585
26,3358
3,0
1357,0
2,0
7421,0
45,0
20014,62462
1169,11491
1,0
3367,0
68776,64102
378,378
36,51727
3,66913
90534,75116
742,741
2,0
250,0
1,0
12,0
27,0
22762,0
6,0
1,0
1177,0
9,59757
2933,10814
20,0
74,109014
2,36328
31,0
70,0
2,0
1771,0
1,0
1031,0
6364,61449
7285,-7822
4544,5251
3,0
5,0
1569,94982
2097,0
8,0
2,0
9,0
2,0
3,0
5,0
464,0
1,0
13,0
2792,67014
35190,33793
55441,0
114,0
48299,52727
742,55043
212,0
446,0
1541,0
552,-16573
9,0
34624,36225
60,0
549,0
107,0
2009,23468
3,0
49,0
11664,42144
22,0
5501,5398
45921,56922
1,0
1724,0
6,0
70174,122987
51924,73308
73,20301
3,0
613,0
2,0
15968,15411
1,0
1,0
2520,-4480
6,0
3194,-2055
494,0
2134,3209
5,0
19,36830
6,0
168,0
954,40085
99,0
6057,86861
14139,0
360,0
8443,-25518
79,0
1,0
11006,11006
3977,0
5128,15707
240,0
6080,0
15355,20404
18,0
11,0
68828,64129
1429,0
2,0
76,0
1,0
147,0
55,0
22269,83768
25,0
21771,50820
11,0
62923,62715
528,0
2312,0
1360,32735
1,0
540,0
153,157
135,0
10,10
101,0
3,11830
81,2524
869,0
4187,0
596,46116
19,0
2,0
17,13109
558,0
41456,0
37,0
99,0
26,0
3100,0
337,0
7,18090
7559,0
67,0
4,0
1,231
27199,0
315,34169
1655,0
448,50474
126,2790
109,0
3,54519
2,17664
4515,49142
44451,38459
22,0
64,0
1,0
10462,12870
13868,0
10,32519
186,0
1808,1737
237,0
4,0
14,64732
735,0
4519,0
52517,53507
28746,0
356,0
11,0
74567,74280
2,0
9516,0
7141,41146
1,0
21,0
5,-308
370,0
885,1657
4888,0
1,0
19,0
3,-79
4,47819
1,0
377,-10182
1255,0
1046,0
57655,65262
54,0
252,91286
22355,47388
19,0
3593,0
2,0
28243,23298
83989,131604
7285,27588
21,0
6970,0
3152,0
1557,0
35279,92690
5,0
4,0
72435,59130
47446,47167
3,0
10,47446
2,0
19193,18987
16,0
9,73454
203,0
96,129746
54,0
43,0
1,0
10,0
1,0
2,0
28,0
49858,72481
4,0
4474,0
2,74947
11884,25971
1,0
1708,0
5,47971
25,46632
75,0
10,0
12696,17390
1,0
70,-1682
53,0
56068,20554
1,0
1,0
795,0
202,0
61,0
18806,24962
279,0
9,0
1426,96142
9400,0
21,-41072
4329,0
365,0
77950,74003
406,0
11,0
1936,62465
63,0
3123,0
5307,5474
122,0
1,0
3,0
17916,0
205,0
1,0
6936,1839
145,0
1,0
69,0
131,0
1,1
1,0
78,0
96186,49052
5,0
138,0
1003,0
46555,0
1,0
1338,0
282,2830
131,4351
1,0
7083,7326
39462,61158
1250,-7545
32,0
18332,13396
93598,93592
4,0
1387,11038
2240,0
1000,18997
258,0
58519,76782
31097,0
4435,2510
98538,54034
28,0
1,3034
1,0
6,0
12,0
40,0
15,36950
4239,0
3,-15616
81042,130407
43,0
7753,0
1,0
135,56929
1178,14454
2,94424
43197,43241
819,-24025
3,0
1,0
518,0
96,0
122,0
789,5782
1,0
11,0
9433,10092
34,0
57,73434
30029,40787
1,16149
17,0
3104,71790
1018,0
918,-29790
97790,108825
694,104637
28,0
6,0
1760,0
260,350
5,0
266,266
39,0
239,42047
7,73374
2,0
6,84568
1,0
252,0
598,0
40,0
6450,0
1753,0
107,2478
29807,49746
1244,0
137,0
3,0
1,0
428,86908
44388,74938
42,0
9,0
49306,48656
1,0
1,57932
107,52699
14686,0
1205,0
321,0
857,7316
72,0
154,0
546,0
56,0
35930,69533
2,0
2,0
14069,0
3,0
917,0
18,0
22727,20820
28,76552
2299,42642
265,41071
1,0
5,0
3080,0
44,8256
3,0
5,0
6,0
2,0
586,0
12592,0
17,0
80,0
95,64087
3,18238
1791,0
39,0
89,1003
78651,149169
69752,64492
55712,81223
24,0
2,-20841
1,0
82959,83903
400,405
42,0
23,0
19732,0
46628,-11639
1377,0
183,0
31182,35203
12,0
534,0
1,0
11,0
3,42384
15,-9303
63,0
100,0
7,0
37,0
93109,94884
442,0
1189,0
2194,0
1944,0
2911,0
174,0
13,0
20427,0
28896,26944
40,0
4127,76118
6,0
55107,55263
3,0
3713,0
11041,0
6819,17235
20572,134766
30,0
5,0
42587,39921
39,0
54,0
4,9397
17822,17112
2,0
90,0
8,0
3,30284
697,0
392,0
4512,0
63001,61393
2,9304
243,0
39,0
18212,0
2143,0
805,0
64,48398
2000,0
6739,0
632,0
433,0
292,0
47,0
1,0
2,0
72,0
139,0
930,0
485,0
23440,30939
4,51213
1,26519
6,27638
12,-584
332,0
10907,0
850,0
1,0
1,19122
3533,42328
23,0
10307,71995
91461,50469
10,0
15973,0
1149,0
53,35918
60627,138341
2,0
14,107308
46376,19285
248,242
4,66652
6124,0
12570,0
1274,0
211,0
1,0
23,0
11442,6884
2338,0
74922,39410
80850,68331
19251,53746
8354,8560
1,0
21,0
2,0
31,0
19647,91839
94693,82870
33,33
1260,26414
1,15542
15,0
4201,0
319,6058
3,0
9,0
195,65346
1,0
229,0
292,76200
19,0
50544,50542
1708,0
34595,34920
105,11543
98,-7493
26035,37939
29,0
636,0
4813,0
8,0
1,0
31,0
12748,11107
3,0
120,0
10122,20383
30,3846
17,19453
1104,0
9,9
15,0
788,1301
19675,21797
2,115866
226,72
2,0
2,31749
44,0
8342,0
11522,0
8445,0
6,72386
144,0
2391,19075
38088,100645
3,76248
3,0
20329,24169
1838,1815
118,0
380,0
84,-21439
686,645
91,0
1,67010
49012,53909
32952,55613
67,0
2219,34619
89,0
4,0
4568,0
20746,41778
18,0
1,0
36,186783
8683,5091
10441,0
46419,64143
33,0
6520,0
65360,39043
7619,21957
41776,70262
92,44434
14799,-33870
21592,21561
3,0
7,0
25,0
2219,0
149,0
906,0
5,0
2396,0
18117,0
1,28240
122,-6704
1,0
460,26749
5,0
3339,18334
2004,0
53,0
1785,39734
1,0
28,0
4,18211
1908,0
594,0
32,0
25,0
43794,148069
32,7
1817,0
581,0
1098,0
1643,0
98449,48919
5,0
1,0
6180,6211
5,0
51,0
4007,0
2432,0
3,76867
2226,0
753,0
4,0
31,0
40,457
3978,0
57,0
4,611
1,0
18,0
81,35002
13,0
50,0
301,23566
2705,0
157,0
1179,0
77553,80081
51,0
340,0
16,0
288,0
2,0
9,0
39,0
124,0
30769,83650
203,0
83,0
348,0
22,45852
1314,0
73410,72663
36669,36669
1241,0
595,0
276,41181
11,128055
78914,76853
617,0
434,0
5,0
931,0
18,0
8,-473
70,7181
1108,47533
1593,0
47,0
22,0
456,0
65,0
44,0
4,0
17619,77592
4,0
183,182
41908,41902
79898,56417
32428,56536
12929,0
27908,0
4352,41456
315,0
82672,60724
6180,12370
18,0
136,0
24222,0
3,-920
56851,39947
62,0
98276,103285
8239,0
78313,78355
2,0
30954,56938
13007,0
1,38273
55888,50614
11153,13987
11,0
2,0
2,0
76324,88301
33819,47176
17,-19623
10267,8143
1,0
161,0
2,0
658,0
13,0
1,0
4769,0
1556,0
114,0
2,0
22,0
123,0
2,0
5,0
6576,10525
10,0
39,0
4,0
67,86885
538,0
5,0
5428,20559
14,0
1403,0
34323,74026
1,0
2,0
669,83786
6482,0
1167,0
412,0
1,0
208,0
174,175
65,63246
85,0
1,24685
48,0
3,0
40384,44689
1,0
28,0
1602,24597
10468,0
339,4532
558,1777
14244,18054
1369,0
165,92584
23320,0
5383,0
10409,0
285,0
3099,9870
1125,0
22,0
6,0
130,0
1918,0
9,0
83693,92795
4,0
24012,4447
9747,14349
403,0
9,0
58962,101536
1264,2172
6996,0
44,0
7,38743
80260,72360
1,0
165,0
311,55012
18146,17794
2,0
134,-24580
2,0
35,0
6,0
119,66
2,0
27796,24583
21676,0
3961,10986
482,0
6720,-1815
15499,23811
2,0
7,0
600,31952
2527,-18590
28197,80115
48254,52737
24246,24248
118,0
16439,0
15,-291
22,31354
947,10928
6,0
19574,21679
2,-1119
1761,0
6707,10099
6638,0
1,0
6,0
6197,-31823
6,-16
4804,2007
32,12050
31,0
1,61892
394,30225
1,38280
86387,57365
44968,38699
10168,0
1829,841
5,0
8155,57708
2304,0
3,3
1240,-28842
18,0
3,0
342,0
1284,1285
87,0
12,0
5,0
10755,12741
3646,0
89061,88815
609,69278
1,0
9,0
2,0
59667,48303
279,0
675,0
1,0
26830,0
154,0
11,0
45,0
17065,18235
69,0
13811,0
136,90329
36559,0
144,0
1181,0
108,34373
78,0
5,0
64094,64099
1,0
211,0
1194,0
283,0
436,24866
40,106677
54925,52314
523,0
293,0
856,0
1,0
64710,95496
1,0
5472,0
13914,56305
17041,23514
4,0
730,2281
3261,0
8587,0
2154,0
65,-2063
39224,33993
18,0
3,0
9294,10816
63590,58021
32,31500
3590,0
5,0
19,0
644,0
72,0
1,0
6,0
859,14626
28,0
98472,93504
1,0
3495,75630
48848,90515
29386,0
3645,58033
5312,5238
9198,87253
106,106
8441,27507
2489,0
1,0
842,0
180,10671
14779,0
2380,0
56,-528
17,0
1224,0
538,0
37,0
57,0
4688,0
63,52049
974,86853
14583,17001
32,101780
25,0
162,0
507,0
97728,94401
492,100480
9,0
341,0
4,0
471,0
93306,93423
17578,19267
7329,0
1787,0
4,0
199,0
2630,0
1,0
14,153769
12,0
2,0
2836,0
128,33158
27081,50850
1,0
5626,0
510,0
1,0
76618,102446
971,70516
19,0
31,0
28,0
1,0
64,0
118,0
32,0
20959,0
8637,-2133
3,0
16229,0
1,0
27,0
18,18
2550,0
316,316
228,0
68471,71988
73,0
18413,32528
2166,0
4258,0
2,16272
45,65591
3422,0
1135,0
19740,0
597,72871
393,92366
10,92271
96494,110754
6,0
445,61321
385,0
14,0
1687,54866
351,0
3637,3544
16,0
3522,0
3,3
12547,0
7,0
3,0
74,0
1,0
59,0
4,0
6,62184
229,0
14,0
745,1620
1229,0
2,0
44818,48337
436,-15204
7,62758
61959,65243
33,85984
5600,5589
596,594
5352,0
30,66774
497,0
3,0
1600,0
312,0
7035,0
1,0
1,0
90135,101961
6268,6377
2436,0
2070,-25336
2957,0
17261,0
334,334
87182,82149
61209,0
1983,0
11,0
2707,0
56,0
1,2931
70395,76322
73,0
463,0
107,21785
859,0
3274,0
134,0
566,0
62,0
282,85998
3,0
65,0
235,1736
1439,0
96408,97926
4638,32382
311,0
836,0
3,0
4,0
254,0
221,0
30586,48663
59400,88300
79,0
1,85699
1,0
8,10866
1,0
1667,-2489
290,0
22025,0
53,0
17,0
706,0
4046,0
2,0
2,73145
5,0
21,-2563
632,3809
89,43760
57,0
5,0
350,61292
25,0
41,79420
23205,23270
90431,91022
7,0
4,0
1298,45981
458,0
8,42783
378,0
179,0
238,0
780,0
1,0
331,0
2510,0
9,0
559,0
3704,0
97199,110266
15,0
1,0
8,77310
1,0
13,0
1342,0
107,0
102,0
15681,16716
624,0
2,0
2,0
3540,0
95,0
2,0
3537,3526
3,0
9,0
7670,7469
261,0
22348,22348
27,0
4,65838
4620,14908
2,0
10,0
249,247
1,0
1390,0
843,0
38,35988
15993,0
1538,0
5,0
13,0
21,0
3,44651
11387,11366
3795,49297
552,0
3363,0
7,0
2922,0
1282,0
133,38668
46,40613
6718,0
5,0
43533,45425
9353,12161
446,0
1,0
7289,5986
8,0
2,0
55788,76660
18289,18506
164,-9628
51585,51740
1,0
3,0
49,0
7340,0
10,51997
9,0
10,8962
142,54303
398,138963
4,0
8391,0
648,648
28,0
236,0
8,0
7767,-22385
1757,0
924,8645
293,0
19,0
4812,-2821
142,142998
30,45646
3,0
14863,5593
1,0
36,0
1,0
108,0
1,0
23,0
114,0
1874,0
22074,20957
2710,0
102,4284
38,0
97,0
157,60817
78,65644
7,0
32554,40676
9,0
1,345
3,35877
8,90653
9,0
249,0
525,0
103,37890
139,231
34,0
35,19058
5,26326
6,0
553,0
9979,0
10,0
49383,58249
6,106679
25307,53291
5,0
1,0
195,92
17457,53612
41,18082
34602,0
126,1917
8695,47000
7629,14743
114,0
10,0
3,0
2,30940
1,0
14783,0
8,0
27,0
95380,106251
1030,0
11727,50351
14656,23221
235,71285
1,0
826,31836
69075,56017
2,0
223,0
2059,-17581
3,0
1025,1308
2,0
197,0
16,30404
308,6453
1,0
24943,0
4864,28747
4,0
7032,0
23,0
7200,72639
2859,0
6876,0
89698,102428
8,0
6,39672
9,0
2,0
41,0
37,31550
208,17219
10,0
27,0
47,52417
1,1049
1937,1939
1,45027
23589,0
25273,20250
13,7990
87,0
6098,43428
1774,10773
4,0
30,0
5146,0
20697,12505
683,2180
1,0
59267,23673
173,0
4,4
8,0
25,0
1,0
3,0
3416,46821
1,91756
60,0
6724,0
19446,0
69,82754
28,0
7469,0
3,0
20439,21079
4,0
33824,33824
179,13584
48,47
20224,23263
20618,16429
14,0
309,0
26914,-2271
1,0
1,0
924,-10460
1682,0
150,43338
28,61740
1371,0
1,0
69,0
21259,23163
28,30264
1,0
1,-2071
29,34383
33689,33415
56719,61294
1,0
220,53688
2,0
66,-8408
1,38937
121,0
23754,49952
1,0
147,0
703,0
61191,148932
2,0
1866,0
2,16648
840,0
29252,67793
2465,0
92,0
1,0
2,0
2,0
39,60676
40277,62819
135,0
8,-19507
34,0
41346,30341
35136,40661
9961,0
14849,6768
4,0
656,0
530,0
84,0
19345,0
53,0
4,0
3,29431
21462,20155
550,0
4,0
613,31676
6,0
21278,0
46,0
359,44938
61,0
23,23
14,0
95,0
31,0
666,0
21,0
10592,0
15340,67257
1490,0
546,0
1557,0
5,0
2064,29604
292,0
67606,58554
8,0
987,0
105,0
52,0
405,0
12,0
9,0
9,38299
4311,4328
525,0
428,0
141,87999
46883,19184
339,0
3,21225
1,0
2,96601
2220,0
55754,53479
990,0
1389,1374
59,0
266,6548
567,0
18,0
5005,0
548,0
7,0
9645,10365
245,0
56953,59121
6,0
1,0
6,0
40,0
653,-31053
114,0
86945,84155
88619,86828
3,94915
2,0
1,0
2207,0
5976,23902
1,3869
14899,0
22593,33782
25,0
244,0
288,0
523,0
209,0
3702,4391
29441,58613
27,0
14456,0
2,0
18457,81755
2,0
8087,8068
2276,4773
1,0
93,0
10,0
921,50368
41,0
75,50346
4672,0
5,27777
525,58799
930,0
2,0
2505,0
11360,0
359,0
877,0
2664,0
4450,13069
364,0
118,0
22154,38794
12,0
2989,1790
19,0
46728,0
153,0
158,0
4,0
20618,-12252
280,14839
176,186
619,0
29130,0
6,28030
121,0
1,0
958,0
125,32539
4,0
2125,0
112,50442
3,0
3,0
46409,73794
30999,124997
153,0
8330,0
32589,29044
46,0
3117,0
3,61713
47,0
28,0
1423,1423
36505,40785
106,0
22,56746
3,3
21,0
3,0
26089,58357
12,0
22660,22674
1677,0
2,0
1,0
7,0
229,0
53,0
152,0
91547,91472
12,40681
686,0
17126,15938
1,0
4581,0
2,21225
6441,-33106
61,0
172,0
1839,0
484,0
7819,73035
4,0
52,57507
2,0
12,67102
11,68767
17,0
1,0
6049,34157
194,0
3,0
1,0
8145,0
5,55453
12,0
181,0
15551,0
20624,16440
13,0
20,0
347,109422
30226,30245
3405,0
25506,31638
6824,0
166,0
1353,0
4,0
27,0
340,0
4586,0
12349,40906
184,0
30,0
149,0
3426,0
18,27361
79343,107818
6915,15411
57373,0
8,0
46,0
2516,51219
266,0
2,0
635,2417
1,0
10951,0
215,52021
1233,0
41420,86454
294,0
7,-18870
50,0
1,0
25869,24994
109,70194
202,52350
31,15271
7339,0
850,85658
2,0
2425,0
10,0
4220,0
27,1132
330,4022
151,151
3616,0
350,0
6,0
19600,5863
2,0
23,82922
1,0
4,0
7,0
7,0
7086,0
6,0
79,23460
12352,0
2084,0
2153,0
822,0
9,20957
938,1443
2,0
22,41715
576,0
18,-1074
9014,0
1439,0
94228,77824
38,0
2,0
1895,64264
141,0
6294,21410
7519,0
1,0
781,0
2,0
61383,61081
124,0
1,0
98,23590
32583,0
19,0
18430,18416
2153,19446
9,0
2856,0
3,0
52,-188
6880,0
101,0
1,0
1215,0
270,0
2867,0
91,0
4,0
4,0
11,0
62,78
8,0
2,124
59881,43744
74587,72298
224,0
4768,0
114,0
94240,96435
3,0
10120,10067
4079,0
3395,0
10,0
389,0
8900,0
2877,0
10859,0
118,83475
26776,32273
1,0
2,0
280,0
1015,0
551,58519
1992,30942
1683,-131
11647,0
13,0
1,0
1189,0
112,0
48278,82052
3096,48520
1,0
15521,0
31,0
54413,59038
25,0
46,0
45155,10268
7438,15861
3030,0
91986,90131
515,0
1,0
2990,0
6492,-12272
2,0
3037,0
99632,88853
837,0
3311,0
13,0
5,0
20,0
2726,2286
175,18464
61,0
21,45297
13306,6745
40937,60967
5,-16204
35930,0
263,0
51,-1944
8449,8529
1,0
5,0
2505,0
161,0
5288,0
242,0
1,109932
59299,58816
16,0
58,0
305,65560
1,0
327,44381
66634,64438
25923,26939
3727,0
431,320
1,0
1,0
3395,52731
2061,0
324,13026
5742,0
3,0
17780,0
501,36465
1,0
347,86264
1,1930
850,0
8434,0
196,0
6,-1705
11,0
2726,0
750,10796
70,0
11,0
11,0
2,0
1298,0
22,0
34303,33567
33523,49567
5,0
89,0
18688,18688
32,0
51329,57682
6,0
1140,0
13648,13648
185,0
1489,0
2,0
190,0
85,0
440,0
903,0
6,0
202,0
412,0
53760,-674
1840,0
693,0
1,0
19362,0
16,0
14,0
19,0
30,0
23,0
13973,60719
41102,40975
1,0
52,-6405
944,0
17129,0
63667,63630
112,0
2679,0
2133,2635
677,25823
10042,0
74570,78979
61797,61734
1,0
384,0
3,0
8,71106
5,0
15922,15922
1175,0
1,17050
962,7147
2,60942
41,0
10,-1864
27,0
3,-7
458,19464
641,0
1,-407
1485,0
20646,0
28,0
97675,97886
451,0
569,0
4413,0
20152,0
494,0
691,0
4,75163
221,0
9462,44950
60949,60862
3,15552
2468,0
1122,0
1,6140
28,0
3,0
1,0
2,-1630
188,1690
1937,0
7835,0
24,0
83100,85376
1,0
51,0
354,0
11072,33664
24539,62433
2,0
928,0
45552,39898
48638,48104
1489,15259
63268,108915
132,0
67442,46315
62,0
40,0
1008,44372
13,74674
146,0
452,22815
10167,0
3,0
8,0
424,0
2419,-27780
2,0
9,0
107,0
1,0
381,0
62,0
1452,0
7,0
11,0
685,50494
3491,0
223,0
1,0
6241,0
18,0
53,0
6,0
1,-24011
6,73941
1,84195
1774,1767
627,0
42,0
5421,0
2398,0
217,0
8,0
7,0
10,0
236,0
16093,16106
9209,9176
11942,38768
14649,0
2832,0
1515,0
2187,0
688,0
67,0
442,0
1,0
5075,0
7,7
55,0
1775,0
17872,19633
723,0
207,100885
4,0
5,78865
997,0
2,0
1,0
256,17177
1,67081
350,0
21660,19313
1978,0
32,10294
1,0
4,0
110,0
71958,73051
4473,0
4258,0
37910,47533
1871,0
5,0
1,0
1212,0
2425,-6846
832,0
1120,0
1398,0
1,0
34950,34835
50,0
75954,78410
2,0
13417,10251
30032,29994
3928,0
1,-22108
1,0
23663,77285
4170,4171
7384,-34073
26,0
10741,50026
5,1010
6997,-37228
1,0
12,0
38,109200
58,0
525,0
7053,68998
157,0
1298,0
4681,0
5,0
76,113046
94,66045
369,369
197,81460
1,0
194,858
50,0
158,0
2,14768
4,32651
28517,0
647,0
235,0
3,-12383
108,0
66,0
35418,0
18904,0
1,25138
3,0
40,0
50,0
27246,58979
17329,17310
2194,0
38,120790
16,132355
13,0
173,0
3,-37272
32111,77352
33,0
37,0
1405,0
222,-21414
23,0
253,0
578,0
19733,0
12,0
83,0
16561,0
2753,0
1,0
24534,0
96,0
5207,0
7,0
53682,56189
4,0
19912,0
828,0
1271,60945
912,0
13380,26448
1,0
345,0
2129,2418
8999,16416
1766,99400
7,56191
2,0
91578,91573
78742,57493
12,-72
487,0
10,0
16744,16749
1479,0
3,0
26107,0
34,0
95799,125358
4739,4797
3481,80407
242,0
1807,0
23454,61078
70632,119697
13,0
732,0
1,0
25,0
22,0
14,0
22,0
2585,0
4018,3987
10499,45097
145,66759
6792,88740
11878,67049
6420,10859
6,0
1,0
22,31007
18084,18088
3496,45908
5357,0
28,0
5,0
31098,0
442,0
11603,0
17,-1567
325,0
865,0
26821,0
26192,23099
31,799
47,0
1472,4257
3014,0
393,53284
1,11314
3,0
8303,0
2366,2255
3164,0
55930,102597
18851,0
247,0
1,0
6,0
38,0
1,0
536,0
8575,10170
2588,0
88,0
1338,0
51697,73643
2,47098
1403,0
1,0
2354,0
319,38286
216,14861
1,0
4302,0
2518,6051
9638,53588
15341,12503
190,67184
2,0
3,58132
2,0
9,-8631
3,-1466
39142,97749
268,0
4,0
1,0
9578,0
150,126624
2197,0
19500,0
43,0
170,0
8,0
60597,99287
10082,80184
6,0
168,0
2320,0
92,0
336,0
1,0
166,0
58,0
822,0
22,0
1863,0
73553,73232
12,0
1,-2957
1609,1928
472,0
2,0
8,0
55770,21428
33,0
1852,0
6613,37933
32656,0
175,0
46789,60536
26,0
5,7721
61,0
12072,22205
4,41873
1,0
9164,26091
7099,18561
24974,77278
930,0
51,0
8187,0
1875,0
771,0
1,0
5519,0
4518,0
27,55594
7,0
230,20881
1,0
431,0
77,83855
1,0
23,0
13,0
12,0
14,0
1036,0
3,72063
88,6666
514,28438
7,0
196,0
7,0
22964,0
2,0
477,0
112,0
17,0
20329,0
6,0
50,0
118,0
18,0
5759,54997
99,73130
1075,0
30402,43441
595,-1014
40992,0
139,0
2619,35257
76019,79715
31148,0
5952,0
6852,0
44,0
292,0
31497,80368
6183,0
369,0
4,0
4587,5708
6,0
9999,0
618,263
5,946
59,0
4,0
2010,1723
5,0
23888,0
41302,63519
1133,0
14498,0
5,93628
64932,118052
4356,0
403,0
13180,-23278
1073,0
46,1468
1,60351
7,0
63336,65907
19608,34365
10,0
630,0
124,0
2,0
3478,0
1,0
355,52029
274,0
31,0
1,0
1089,141752
11,0
176,17293
5,0
10,0
10,-1112
3806,25491
29600,39632
4326,0
581,0
6342,7520
38,54540
1,1180
689,0
10552,10546
1017,0
72400,71889
1,0
3,0
5,5
2,0
345,0
9,0
50993,96253
35,11293
853,0
47608,0
1,0
57799,57220
3,0
38,0
85,71227
21,0
9587,0
445,0
3264,0
14,15184
43,0
712,0
59,0
1206,0
3,3974
172,0
61,0
2,100850
25974,22049
293,0
17931,29613
18,44161
2,0
1,0
149,82432
48,0
4,0
38436,77354
2,39105
1,0
345,0
14750,7903
1219,32016
22,0
1597,42591
51212,62017
745,0
9,13200
42,0
1,0
13,0
1,0
2,4358
41,0
939,0
188,0
5510,5465
374,0
66885,66957
1,58518
15325,60979
16493,7809
137,0
2,0
1,0
7503,7926
16906,0
1,0
25397,35377
1,52260
3,66329
24942,33345
141,0
2739,0
4027,-51855
293,103148
58381,66567
2,0
75523,75413
6,0
23126,0
4,0
4124,57802
14170,15073
13,0
11587,0
6,0
4671,0
135,0
78868,70766
863,0
1031,0
57465,61012
1,2027
4,0
2093,0
61,0
419,0
8,10
21284,49749
2,0
290,290
34,0
24,0
34384,0
50,0
615,0
66,0
1021,13321
2,52908
323,0
2023,0
495,15544
5823,13113
5,0
2167,0
2,0
964,0
12488,109934
13,0
764,-18563
2,0
1071,0
32202,120276
116,0
290,0
43404,41956
90,0
352,0
1,0
3,0
78,0
18837,0
2,0
2,74339
45,-1474
11662,14891
98,99
41211,109102
25925,0
11,0
8328,0
3,0
42,0
137,0
42682,38217
1,0
6,20720
18163,0
201,0
523,0
6293,0
3357,3662
63104,57578
16,0
83691,84678
27047,73600
106,0
20466,0
66,0
116,0
4,0
18804,58092
530,0
66198,73278
2,0
10739,0
140,0
1536,0
10855,0
18582,24268
2295,0
2339,71137
48171,59893
1,282
9169,0
79103,111788
14,14
132,0
271,56626
139,0
4398,0
494,17073
1,133420
206,10448
43,0
2330,0
29851,0
12731,0
3,0
166,0
62,0
478,0
348,0
125,0
2,0
44287,0
484,115616
64,0
33,0
2,21588
838,0
361,0
1,0
1084,0
22801,30130
1,0
6968,50927
51890,49785
171,0
1,0
1063,0
80213,0
42,1768
47691,82056
2643,107798
778,29126
10753,41750
1,27001
861,0
100,0
35975,37756
1096,0
339,98713
37,0
168,0
3,5436
4,4
216,0
44198,66281
20704,0
92,0
22468,51088
2,0
68,-5619
16638,0
7,0
295,1784
91,0
906,0
16,63171
33431,0
57528,84448
42,0
2,0
15589,49187
77,46210
6,0
730,818
4739,0
199,0
2,0
189,42094
7386,0
33382,28364
6,0
76463,59668
1,0
2554,0
4,71837
4750,4756
40041,0
18,0
1,59149
824,0
648,6579
4730,27987
20213,0
62210,58318
2,0
217,0
1,0
67,0
159,0
30,34011
298,3906
62535,105203
15,15
79,0
236,0
1,0
42584,23400
517,0
4557,11184
125,0
5027,0
48629,61079
2,0
7,70205
6,0
21759,53451
6,0
11569,0
14,0
19067,0
40,0
1036,0
49001,72196
5080,2179
371,0
2,0
382,107619
10,0
255,23776
12,0
75,0
3469,0
1,0
138,63709
63,0
10,0
2922,0
755,764
6,92366
2,0
11154,9737
43,0
398,0
528,613
16399,1489
1332,0
1555,0
1700,0
5661,0
7,0
19,9280
13,21801
3,10157
835,855
75236,137575
28730,28586
1,7182
289,0
21323,0
72,0
321,0
2350,0
1,0
209,5992
1,0
1,178
41075,92563
1241,-22463
10600,0
62206,64124
4,0
851,895
1069,557
5,63496
1,65612
92146,106763
1,0
52,0
30977,129964
27858,0
119,0
22461,35443
180,34910
19,0
64775,68924
3,0
732,2500
80,0
183,-37825
219,0
8,0
6,0
3543,0
8486,58230
516,0
3,0
21,0
1,0
319,0
11316,0
3243,0
1,0
16041,0
9100,0
1,0
2227,-1275
1195,0
55728,39066
489,0
81650,47543
11024,21259
1374,0
934,0
76539,76502
60174,0
1428,0
7,0
5903,0
322,0
28018,0
111,65560
290,37487
4,0
27,29442
4494,0
73727,76139
24011,0
12596,14611
925,0
36017,36016
2417,-19399
1,0
16355,0
2,0
5,0
95,0
1,0
1975,0
11,0
16,0
278,0
1314,0
16285,17718
224,96994
1988,0
566,0
607,0
4629,43691
14103,0
36121,31311
36301,40029
363,-6090
333,0
1138,0
57,0
6,83204
18448,0
332,0
1,0
1,0
9274,16596
9488,0
34,2566
1357,0
19,0
8064,0
8403,0
341,0
8911,8810
356,0
1020,0
372,0
303,78279
11,50379
57,58
8458,11254
1780,13250
1702,2090
1366,0
4,0
68,0
3,0
89317,90007
2561,2197
99218,98951
4,0
231,0
8,0
2688,0
76747,108191
515,0
237,0
975,7449
5,0
176,0
2925,45834
22,0
7,0
7,0
24655,34669
6731,6722
1,0
51946,66447
22,0
20,0
55,0
1,0
17,0
11,0
676,0
353,0
6,0
24279,0
25488,0
1977,0
1788,0
10623,23089
1321,0
1367,0
3,0
20,0
585,0
12688,-13367
11611,34877
69042,91868
2,0
38106,37953
37,45320
6285,0
1938,0
218,0
148,0
144,0
5540,60397
66,0
38,0
6,0
2252,0
72,0
1016,0
3,0
8,0
71607,72198
2,36463
122,17302
48,0
976,124632
3827,0
230,0
9849,27791
27536,39998
1651,0
493,363
1,0
706,0
6,0
8,0
2,35276
32,0
5,0
144,0
1794,0
268,0
582,0
2,0
1,0
4223,0
2,0
216,0
29,0
179,92705
3,0
10,0
1,0
90811,94593
1,0
816,62129
3190,-28345
53,1843
816,0
247,0
6,0
16242,12722
63811,14782
7037,0
13188,71568
30089,0
62,0
4,0
6,13989
3,0
1,14484
39,0
9,0
4,0
175,0
2861,20102
69,0
1,0
51,0
1125,48060
223,7380
10,0
4,0
31,10173
5838,0
90,0
366,0
1,0
276,0
792,-6233
247,0
4702,0
3953,0
1867,0
14,0
11042,80372
421,69067
8266,12775
13,0
4,0
38,0
55816,62885
21,0
6,0
80,0
6755,0
1,69826
19070,0
292,0
50,0
7,0
2490,56377
1,38867
72507,64192
1,0
56189,55853
2044,0
1160,0
1,0
82,-261
46,0
24,0
1595,0
727,0
1104,13025
27,0
992,0
471,0
27426,0
1582,27362
4,0
836,0
5444,4736
6,0
16,3800
399,0
47249,0
74735,74736
38501,84502
86416,94548
78,0
1920,4373
494,10776
3,221
67,0
9921,11084
4512,79413
5452,6744
1681,17332
26,0
3,0
36264,102550
6858,56888
16138,90515
9629,9629
1,0
20,0
2897,0
541,60751
2,0
4,121572
139,0
69532,55733
18459,2068
7,37797
793,0
45736,65117
9035,0
2472,2472
156,0
1,0
2736,0
3013,3379
1,0
1,0
2404,0
4878,0
289,0
6,0
11131,39456
591,22404
18188,0
27999,24288
599,0
293,0
11,0
12193,40007
33732,0
67,29654
10,0
11,0
9,0
78,0
12792,41789
12686,0
55712,86913
2761,0
2674,0
42035,48929
8453,0
21691,47652
49938,-15147
1,-4
6,0
22,0
111,0
7,53793
4916,0
15274,0
2,0
18,0
6792,-14818
267,0
4856,0
286,0
21,0
497,0
65,0
35,0
69948,89271
6505,12490
1,27884
75,0
134,16062
8,25127
7292,8555
20,0
23555,85372
6,78715
1,0
87064,86906
1,0
688,0
72,0
51317,45868
1183,0
8244,159887
2601,0
16,0
1,-1754
1,0
1,0
1,0
17,16064
56409,50038
168,0
3427,45236
1599,0
25,0
339,332
63,6583
24,92617
42,0
60094,86893
1,0
15998,58843
372,0
923,0
78639,72570
297,42446
3,0
29,29
447,4383
8054,19374
3,0
10,0
6,0
2,0
9462,9461
24187,59548
255,2245
19106,0
2,0
13,0
44882,56350
2623,0
61398,14922
3,0
238,16559
4576,17249
1,0
1238,0
527,0
1823,0
1692,65313
2056,0
2414,0
1145,0
55,0
2,0
2,0
5,785
3307,44985
5240,29170
47147,47329
3050,0
311,0
15,35117
4,256
3151,4975
17,39636
924,96827
16896,16969
104,0
1,0
329,0
6,0
2,0
1,0
28,0
26056,75704
83,0
2,25816
10,0
139,0
254,0
5446,0
24530,0
3,83972
126,0
416,0
484,0
3758,58862
2950,0
7602,0
29,0
3,0
45,0
28,0
8,0
5,0
2239,0
69091,67316
7550,47751
151,0
129,0
7324,0
3,0
1373,0
3,10892
204,0
762,0
855,0
1,-16648
7,0
2158,0
1,1
192,27545
21,0
104,0
56010,83857
1270,0
3,0
2905,0
4,0
3516,0
24580,17899
3,3
1365,0
2611,2611
57,89389
12606,2153
6256,6261
9099,0
3,67725
7,0
120,46978
29,0
6392,38287
1,0
3471,0
1073,-12281
10,0
92744,92380
61661,85664
54635,46495
56592,59302
1886,0
240,64094
2,0
12,0
1686,-9920
1,0
27292,20980
15,0
372,0
389,0
13,0
998,0
4293,76112
526,43320
1279,0
209,0
52578,50929
5055,-13570
1616,0
12185,80358
9399,53134
33874,44270
1,0
10,0
4479,-7927
3011,0
20,0
3000,23006
29,0
71,0
3,0
4712,0
8,0
6213,54721
7,0
1342,0
388,64790
118,0
3384,0
5918,0
22922,78422
346,0
887,64782
1680,0
5,0
2891,13600
1,0
115,0
1,0
3,0
19,0
10,0
21,27351
3,8534
3,8379
5568,14673
226,0
19559,0
277,-9135
55983,55958
6109,0
5,0
50327,45312
3,0
63,93649
283,0
72,0
69097,79489
40,0
95266,100511
53859,80901
250,0
1,0
27310,0
53160,128692
15,0
21,0
35,0
1,21673
1,0
2022,0
17015,20688
1105,0
6,0
2,0
33839,53513
124,0
2,0
1032,0
131,0
3,4669
1981,0
42658,54766
6044,4251
96878,96883
2520,0
688,0
169,0
15,0
1778,0
23,0
1,48228
2,0
2,0
5,58470
7638,0
7,0
78,0
5,80907
22188,72697
146,0
4,0
9744,81657
179,0
16,0
35904,19133
462,0
4956,16470
1,0
185,0
1,0
23,0
38,0
30723,0
16072,16996
15,0
586,0
14,0
28191,43919
12,0
2214,2214
12681,0
1,0
63,0
3861,63847
939,0
5970,5970
388,0
1,0
27,0
2755,37911
1,127486
36618,137993
4651,0
90150,90167
92555,94229
20336,54645
134,0
218,0
1,0
3,34586
13887,0
120,0
8138,81209
775,578
96543,61475
3218,0
5,0
10,0
35112,37684
7,45072
49697,48476
278,0
39979,39982
6,0
1149,0
2,0
86,0
4631,0
1656,0
3,0
1,0
4657,50878
2889,0
6718,6205
1,0
64,0
808,7257
34081,40040
17365,19422
75,0
2,0
6356,80453
10448,10948
2,0
15943,0
59,0
16,0
8183,0
3999,3999
29169,59186
644,0
22,-20433
2,0
2,0
5544,0
318,5289
91593,96990
464,45881
44,51872
33930,54507
132,0
2892,0
13185,0
44868,57783
3,0
2,0
4158,0
1,0
532,0
851,44358
2,0
15,0
57,0
263,0
2,0
4,0
2663,0
10334,25200
35,0
11,0
9455,0
1055,0
1,0
5677,0
525,0
3056,2537
1537,7094
773,0
1,0
257,0
70,-1338
1,0
435,87569
51179,92926
56723,101975
85,0
48205,67388
23285,115313
84505,87550
5346,8520
1426,0
13,0
9,0
3,8395
7327,71762
24,0
38179,0
648,0
1,0
709,0
11933,87412
5,0
7,0
2,0
2,0
12545,12549
2498,-25389
1,0
48,0
84,36399
109,0
3,56771
99949,94796
1,0
7,57645
1,0
3517,0
112,0
463,0
1973,0
9,0
11437,0
12228,168415
660,0
764,0
397,4206
69,44957
24630,44311
77478,58746
12,0
8004,0
1,54858
617,0
96,0
2158,42540
8,0
13246,0
107,0
14262,0
3,0
3398,0
20756,104368
272,239
564,0
28,0
265,0
13,0
4,0
38453,37773
3206,0
672,0
191,51735
1,0
36,12793
44,0
1,0
41,0
1118,18450
297,0
508,51535
103,0
10141,50463
2,0
2,0
1051,0
46,46
490,0
585,0
54,0
87460,84217
10,30400
18,0
785,785
102,0
58062,89859
44,0
24,0
12,0
13,0
2,0
17,0
9,0
64054,90908
14,0
1853,0
23,0
1,0
10,12185
1,0
2068,0
19287,63463
7,70768
36118,15007
16,0
2470,0
33506,36040
6924,6924
71,0
53677,51123
59973,54135
54128,60573
2288,2861
7789,13479
43966,60939
186,5120
21,101228
24372,24292
767,-11405
61,0
99616,57265
2484,55169
2,0
47,0
103,0
17,0
6,43592
15833,0
12405,13752
117,0
25,0
27,9055
28,0
266,0
2598,52239
3,90246
1,0
51,0
28,0
4147,0
1,0
634,0
33394,55505
23,0
22,76264
3,64817
728,0
118,0
1,0
7301,6848
51,0
96,0
124,0
15807,67493
1,91931
83265,84490
5768,-11590
14248,0
196,0
92219,94805
221,101013
1,0
55816,66360
60459,151175
1199,45371
1243,0
1073,0
5,0
2,0
9696,110618
128,0
40350,65042
490,0
18491,148772
35,0
88,0
7438,0
8279,0
1,0
19,0
2350,0
5318,0
10867,10867
1,58294
1,0
26081,0
21812,27479
179,23478
121,0
3120,2976
44,37474
6,71709
25913,46407
30,0
11,7593
81884,69522
1135,0
55235,86129
1891,0
1805,0
278,0
85,0
39,6155
8,0
32,6460
126,0
19678,28786
672,1743
250,35713
1402,0
6,0
69678,71654
6848,15024
6,18
22,0
4154,0
11,0
32849,40477
26216,47976
4599,0
5700,0
3,0
3994,60210
54,65276
123,0
12,0
1,0
9,0
985,0
43,0
7774,0
13466,48760
2,0
65,0
6967,6318
16,0
76,59010
723,-7663
2969,0
1031,1034
1,-19041
18,-2981
71549,0
8615,0
279,27955
63,0
84,0
2559,94684
1,0
254,0
4205,0
3456,0
1,28505
41112,96787
31661,99342
46,0
2121,83074
72973,57282
6841,0
1,0
81,0
1218,0
68177,111061
3,44617
18038,45623
47,0
15913,338
59,0
82,0
1,0
31,0
1512,34987
6,-4254
14,-41164
3470,3439
175,0
5,45569
46359,51274
19357,0
1,61023
14888,0
34,19170
7,0
2,0
1030,6909
1,21563
6391,0
6,0
204,0
84,0
734,4677
104,0
10572,0
1153,0
7,0
61,0
27,1960
12371,0
47763,82888
3,-8266
398,0
1,0
18,0
97248,81113
5,0
2,0
312,0
8289,8109
7,0
101,76
6,0
4575,4595
2,0
3514,0
10,0
1,80353
104,101683
17559,0
315,0
8019,10585
730,0
1494,2779
29054,0
96929,95067
108,0
29590,30647
14300,0
539,0
1,16073
32,0
4,0
38,0
97060,96024
3242,0
275,59157
10551,0
1,0
7,0
47064,54915
370,0
404,0
77107,79016
89893,88684
1,0
9,0
16051,0
28,0
2,0
67,0
3,0
58902,63331
152,51568
22,0
3,81350
459,45656
26647,26664
3,0
18,0
505,0
16,0
11,0
58002,85045
4172,2865
20862,50380
15,69335
14605,0
4714,0
65,0
7,17509
92,0
1,0
9,0
37309,63891
85218,85702
11,0
947,-14929
1662,0
14395,19614
6391,0
674,1132
603,0
4752,0
5,0
36657,0
54,0
2418,0
1,0
16296,0
4,0
1030,0
2172,12348
5993,0
1343,0
1688,0
19,2425
697,115224
10,3992
2,6675
7340,0
58,6384
2,0
42226,-15021
23515,0
72444,98381
2,0
3851,0
408,106807
26,0
30021,17299
48471,0
9,0
19,0
284,0
74937,75669
2598,0
230,0
7180,0
11381,86532
216,0
638,0
8462,-4476
28925,21098
9,0
697,0
4237,0
11,63336
640,0
12,0
2514,0
1598,0
51,43778
386,0
1,59956
62,8167
198,75703
1427,0
20210,19548
6,0
8229,9532
1406,65554
3,0
3750,0
54284,48248
8,0
64,0
64,0
12,55759
1792,23283
64980,28289
8281,8337
9706,9771
91,0
1118,0
6,114665
689,0
7,0
2564,1417
19,0
10,0
21938,21938
3,0
18,0
1028,0
11,0
531,40675
2334,0
10,0
3,0
213,0
1,0
1137,0
644,0
1,0
15389,90792
108,0
1,22350
53285,56432
1,-100
6,0
37,0
96320,97963
35685,94635
19,0
30361,109711
16467,0
56202,54298
34496,0
17056,96453
8933,0
17,0
55658,55460
599,0
65216,24657
37512,168634
234,0
18003,0
2,0
2890,0
1540,52908
2754,0
4,124632
3,0
5,0
35696,48906
4,125778
8,0
66,0
7266,13124
5990,0
305,0
12,0
2268,31164
2,0
25988,0
22776,22776
9,40895
96731,92490
3385,0
64,0
945,0
6766,0
57,0
29,0
7,-1716
2,28704
1,0
987,0
2,0
37,0
599,0
61827,69489
10,39829
41,0
221,0
6,58413
21105,20937
4234,0
53,0
4169,0
1092,0
479,73113
3,0
2,56188
16,114509
1,0
14,0
193,0
1,0
1,0
14,0
18612,18612
61,0
25,0
1,0
40704,40395
6608,0
8826,-4277
66608,66608
10914,0
2,48125
857,0
18,-1381
110,0
6,0
494,-3002
1,0
31,0
789,0
2633,0
1,0
224,0
1015,68518
81200,70361
5863,0
1,0
1425,0
20,0
1,0
5,0
13328,84135
553,0
393,0
1,58267
1,32923
3217,0
573,0
40852,67135
25,0
543,0
84,0
1,0
6357,27548
490,0
1086,0
1,0
15,-18598
2418,49006
28460,0
3325,0
1,30881
44587,55750
24420,52752
54,54
1,427
6186,0
10,0
75,45843
432,0
82553,80756
16,56018
187,0
4993,51680
7132,75472
81889,78263
390,0
1,0
8,0
41,28372
175,0
86129,83876
2,0
1,47397
1,0
18,0
45129,56780
3520,59890
1,0
42,0
4602,0
7377,0
58931,51270
70,0
30,-11186
5,82746
29893,37449
2264,0
4,0
1,-18
24,0
175,197
4,0
53,0
31,0
19,24
44954,48403
27,0
89129,105701
599,0
2,66283
58470,24630
1,4639
33,0
91,0
3861,46694
38540,78732
36483,99106
16812,58313
2,1941
2,118190
1,0
5,0
1,128757
9393,0
6,-623
27,0
1,39769
94,0
863,0
2,0
17223,24528
29638,45255
5,0
1,-20230
99538,99889
11196,0
3104,0
2240,50986
4287,0
39,0
942,0
3949,0
194,112216
15,0
7870,37705
3922,41591
1005,0
76381,76381
773,0
12,0
81936,87682
13465,0
1,0
43371,70291
14,0
20,0
2,0
565,0
3,0
69898,151402
16841,0
28632,60626
58,0
219,0
9,0
1,0
19388,0
19,-3951
92,0
34483,35913
7,678
9,0
2,0
4346,0
202,0
25,0
2559,0
6618,0
1,6264
160,0
2708,0
2,0
12148,12384
40,0
2,0
1,0
12236,38186
13,0
6907,0
2820,13814
2585,0
3,0
460,0
6134,0
233,0
3291,3282
38,9323
88898,88551
1,0
3989,0
20229,49705
29,0
467,0
2242,20339
1,0
5031,0
3434,0
31,0
121,0
55260,0
775,718
37,0
473,27463
1709,0
14,0
4819,10048
1,0
1,0
65,0
7,0
9,0
867,0
281,0
3260,0
7,0
1,0
1990,0
36,0
10,0
6123,0
65324,108464
2878,0
3989,0
17,0
792,0
52,0
421,0
3,-6702
23,0
37,0
21,20201
220,0
10393,9778
12500,0
2,0
39,0
651,0
26898,87026
238,0
4832,0
1396,0
27,0
764,24000
13117,0
247,0
13,0
10373,41338
14311,0
168,-2520
76352,92400
1,0
54,0
2,0
1974,10220
84594,90049
26911,0
921,0
16,0
1,73338
27737,26429
6,56372
43504,50862
3461,0
1,0
33952,32242
4123,19942
8341,0
2245,0
895,0
18970,0
195,0
7397,0
15102,0
217,0
2,34629
1379,96177
2,7401
30412,118866
6789,0
34,42199
504,0
2939,0
1810,0
31,0
15,0
38935,10663
74,0
3,0
14776,14605
8,0
4287,0
23,24
12468,0
857,0
422,457
3209,67620
768,13393
436,0
38635,59563
6002,0
157,0
3,6230
9,0
886,0
220,0
19,0
356,0
773,3001
450,0
34,188
7140,76424
3029,67820
233,0
3570,0
31,0
219,0
13,0
64,-25522
6667,4317
87202,57767
31,-26698
1584,4966
15193,46020
66,-12354
2,1673
5,30937
59326,143078
10,0
51434,38837
77,0
1,0
485,0
78717,83027
1,0
21599,69109
109,0
184,75202
1,2588
13893,23977
76851,77964
61,0
9513,69996
657,0
241,0
106,0
1,0
9917,9895
2,53627
16,0
1,0
134,0
7,104844
6539,41625
44306,51971
107,0
9919,0
17,0
13556,0
200,0
26,96038
32,0
20,0
1503,14
3,1630
19,0
8,0
3848,0
206,0
16527,0
28367,52187
1,0
7,0
458,0
8675,0
797,0
331,0
1,0
35,0
62226,65923
2,1337
48,0
16986,0
63596,62818
26702,102895
57448,61773
14855,23448
7423,0
1,0
593,-23360
1,0
4,49566
1357,0
573,0
299,0
1333,0
2,68233
4,0
112,0
7,7364
7,0
21,0
27,71538
12,0
55,0
1,0
11,715
1483,0
75378,51651
31,0
32346,39990
4114,0
48227,56614
21785,97671
64,54
54707,54707
190,0
32,0
5628,0
6,24554
129,0
111,0
2166,2166
34733,61736
7590,0
4444,0
49,14155
1152,0
1,0
4,0
262,72604
52,-48310
1209,0
3,0
4831,0
8504,14992
1,47942
804,29080
651,17948
16502,73531
2841,0
6,0
9848,0
3194,0
1834,0
30,0
7,0
6227,0
5,0
546,0
4,0
5388,16210
63,71454
11,0
5463,63872
6500,6561
953,0
78,0
156,0
1234,1166
1844,0
985,0
968,0
11587,6206
11937,53997
347,347
2,0
9607,66511
3,0
753,0
30976,28114
23699,64751
4875,0
34108,44359
202,37
13,0
1130,0
67803,66873
11,0
143,0
336,0
791,791
129,0
157,0
92938,149313
4855,0
82791,75225
62,0
52,0
74326,72367
5,75394
1275,-12499
3,0
52740,91908
5,0
2,0
581,0
84995,84597
26760,70834
3,89210
9,0
77,0
1381,0
668,0
1763,2968
17,0
1,0
185,0
5434,0
238,0
3,0
1406,0
4,99857
1,0
2,48559
1,0
4,0
3,0
12467,0
1,0
420,13553
3088,3723
105,0
3,0
84,0
14,0
4609,0
9243,0
3811,86635
70,43085
2220,0
1329,1333
1,0
2,0
9,0
2,2
57299,62870
19271,0
8928,40895
3146,0
4393,0
251,0
1139,0
21685,56432
12919,80004
356,0
174,0
3,0
14344,0
2,0
37664,63870
94,0
4,0
10884,0
707,0
283,0
73999,97612
228,0
4,0
73,0
360,67260
7,0
4858,1302
44,0
10719,0
243,0
555,3069
1,35762
6640,34537
84725,88284
2,-2275
22,0
39,34
2,100336
31,28876
1,0
1,15531
482,0
26,0
23684,55252
7832,0
977,0
64439,64302
992,0
186,394
13,4772
195,0
13,0
285,36298
3260,0
3,0
141,0
2435,0
69,46066
5,0
367,0
5168,0
15,0
1,0
30,0
64200,78104
85,0
40,0
16930,0
94433,100544
948,0
1,0
1,0
194,25358
423,0
104,104
86,97
5,0
19,0
926,0
36817,128243
10,0
3,0
23459,0
456,0
1,0
24,0
402,0
1,0
14447,0
1616,7954
916,1678
56003,55997
45314,157996
8555,0
18,0
10382,45423
238,0
88343,69334
36891,38510
52,-51
14,0
2,0
1051,0
19600,22999
5,0
113,57779
6723,0
67407,57667
18,0
3821,0
16,0
73,0
7457,41517
13,0
20,65181
1056,51478
63,0
249,36387
24,0
1512,0
21240,0
20,67389
1,0
33,0
1,0
2,6918
2,2
2273,0
13,0
1004,0
36166,95427
5,9424
51,0
10,-3185
1502,0
3,0
262,0
1,0
47,0
618,-31683
355,0
596,2678
6515,0
2,0
55,49834
7,-4156
4,91636
1908,0
243,0
1720,-1082
93,0
95618,99229
2071,0
14,13181
242,9981
70305,62443
2,0
18,0
18939,53258
1,0
30,43517
2,0
2895,0
1748,0
10564,0
2,0
1,2573
415,0
888,0
4,0
2,0
52,0
3,0
3878,10783
2,123571
20,0
300,0
30992,0
59232,55739
8229,123937
58008,69437
112,0
5,0
760,0
6,59452
37824,68990
265,0
2,0
4165,0
2136,74541
1,26981
8,0
4,0
21,0
12,137138
120,0
20602,0
2,6943
20,0
19,4423
5,0
1017,0
1,0
34,0
426,0
1,0
18142,45232
53419,61609
3,0
7,0
131,0
6,0
30,0
1,0
2,0
26709,66688
31574,72927
2,7962
162,-4154
27930,30740
633,0
38566,56282
9952,39625
41556,65349
3,0
27746,102839
8,0
13847,81057
187,0
1998,12781
97,0
81,0
866,0
1791,0
937,0
32,0
52,0
15678,0
1,26165
3,18932
1,0
496,36869
64933,62439
344,0
9,0
14324,7601
26911,27212
2,-18519
6,-4784
43,55180
380,0
5412,0
1290,87886
72,17876
2935,1032
13,0
10221,0
3,0
7,0
1535,0
12124,0
1,0
160,0
161,38082
7014,22744
1,0
680,49937
1695,1753
138,0
6689,0
288,0
1,0
1,0
27,0
13396,20467
1,1
59394,61882
16,0
2556,2556
19,0
1,0
3,0
1388,1347
2,0
3,0
1794,0
6246,43143
7,0
61029,70388
41,0
313,0
10,0
1264,1253
65,0
28,3223
1,25034
2,0
227,0
4898,0
6,0
12,0
9,0
1118,0
84,0
15084,15249
189,114619
2538,1965
27,0
537,37503
2301,30163
22,0
353,0
114,0
36875,49049
1489,1489
2261,0
53,0
37,141670
31,0
2,0
15,66019
56,0
2777,0
2,0
12,0
16,0
89,0
1835,1920
96166,12745
8418,0
41178,0
147,-31844
332,0
256,43301
1,0
6492,0
269,0
9,0
16,38913
1567,0
70678,75539
130,0
1258,0
15,0
1,0
88785,87751
8851,-1056
3428,12910
4383,0
1236,0
1686,0
4682,0
4,0
1253,0
38211,6921
20954,20954
321,0
334,0
4,56496
526,28366
1,0
1,0
28,5720
6381,0
5587,29632
14640,0
1,82656
44343,74301
23110,0
22936,0
5,0
3,0
1,0
1949,0
3,-9844
11265,0
4491,-20260
105,0
1,84342
13,0
182,-1477
2609,0
41852,-8701
44,0
3,0
5,68210
20,25454
26511,28748
671,0
4,0
11,12892
80683,83136
1,0
3049,0
744,48548
51095,52855
3,104439
19711,23004
267,0
7,0
83561,-1212
19960,5570
14834,0
19111,19108
147,0
296,0
2021,0
214,0
226,16582
2,5079
3,0
2,0
190,0
29051,65971
2,0
45,0
2,58550
64170,36421
1278,0
635,0
415,0
2,0
37,0
3035,-6551
1134,72797
6,0
1,0
43,0
1,0
6,0
2427,0
22782,23109
39270,86513
13413,0
16,0
912,-20686
17590,22261
1,0
29668,15070
948,0
244,0
9259,0
66,0
198,0
1,0
4,0
238,0
5,0
1055,0
9,0
15459,0
4,0
9,0
41961,71066
1767,0
20849,20849
302,7522
3,0
9,0
14,40394
123,31148
27,0
82,0
21,0
78,0
11,0
4,38479
1420,0
1009,0
178,0
258,0
1,83688
1,1
1,119978
1,0
4483,-21
3422,0
18784,38783
1860,0
172,0
2457,0
29441,30940
4045,0
15986,0
39,0
335,0
1477,0
93587,90718
4,0
78,0
2,2
3599,4020
12999,12959
1178,0
4,0
5,0
64,57994
2,0
1,0
7968,9013
84363,108870
16745,60499
454,2074
3,0
3571,1815
10243,0
2,0
6,0
16141,11135
39413,40114
3,0
1607,0
148,4238
5495,0
576,0
418,4125
657,0
510,0
53156,84514
23397,16101
779,0
5,5
187,0
7,0
59,0
7164,-2521
7,0
103,0
17499,17381
28294,61093
39,0
1088,19345
7458,50748
23339,23093
204,1397
14675,123520
36,0
683,0
2,0
384,0
100,0
129,67316
3,0
11,0
13,29182
106,0
14,3974
1,0
1,0
1034,1427
785,43356
12485,51650
3,0
6,0
6,10357
10107,12200
50,0
35,0
5640,0
49854,104881
882,90542
1821,0
37,0
57047,48973
560,0
314,0
21545,70482
632,1338
15,0
3923,0
6,0
96276,96191
114,0
78,0
131,23080
3,0
1,0
10,0
57469,71587
55871,55259
294,0
3,0
50,0
9,0
20,0
316,0
184,0
693,62627
2281,0
2019,0
164,0
1,0
12107,23693
5,0
43528,52292
5508,23702
2,790
6,6
1930,0
4048,0
490,490
2165,0
8784,91520
29,0
90,2
815,0
61,-2
4274,0
4615,0
1,0
7020,0
3,0
61,0
10095,90824
95,0
180,174
20,83040
2,0
1582,47532
1,0
1,0
17,0
27720,-8610
749,0
13,0
6,0
4,0
13,0
179,0
2378,2389
1,0
14164,-31264
503,0
8,0
64,135229
13571,0
31,0
1,17188
10547,10377
2484,173453
3,0
4303,0
15012,0
1346,27252
28758,0
32,31
966,23174
1,78823
5291,0
136,4570
152,0
90844,94420
361,0
1090,0
2369,0
16,110357
7810,63258
7,0
1,0
8,0
102,0
3,60177
13,0
1,0
98603,128039
49563,35917
577,0
4,0
89,0
702,0
3,0
12,0
21,22109
63687,63527
34413,34215
22,19438
116,61579
12,0
2604,2594
42397,42361
639,705
4,0
240,0
1,0
9,0
1,0
22,0
46151,46274
337,0
2,0
1,0
3,0
78986,86732
723,0
14,0
1,66260
180,0
7735,104015
1365,26760
58024,61216
5487,0
127,0
761,37858
4,0
24,112416
7,40135
2478,6469
566,0
3168,3245
60,-145
13539,0
379,0
253,0
3,55853
1282,0
15,0
1132,0
10,0
12444,14668
52115,35653
1262,43867
1251,85207
1270,0
22,0
404,20096
1,0
15,0
2847,-6498
2628,0
32374,0
12404,-19014
1504,52970
847,609
4488,0
4,57086
3,0
489,39561
32,0
3107,0
1,0
43,0
3893,0
8,-2
3,0
17,0
257,0
1058,0
15364,14928
56395,52111
88034,70998
53,0
10,16524
62160,88351
2620,0
26,0
2,0
10001,0
20,0
1047,0
20,0
48726,41427
87048,97270
21554,0
9785,19161
481,0
5,0
44778,60072
5634,0
66533,73803
255,0
3159,15119
20,72994
329,0
10328,0
683,43727
32425,32478
86,0
225,-45978
1,0
1,0
64,38207
97,0
5048,0
2985,0
345,0
706,0
2419,0
32333,26939
98,0
1,-8534
28,0
14,0
3040,2881
88,41331
1,0
49,0
18060,0
84,84
659,0
2,0
574,0
18772,0
23092,28035
124,0
16,0
1,0
2995,0
3,5962
2,146782
80,4052
2866,12921
25,0
15,0
667,0
30898,62199
282,0
10,74605
4,0
16,0
68097,91136
209,5526
1,0
32,70134
37755,119596
5,71482
127,0
657,0
2,0
4177,57490
8,0
1,0
1,0
34147,54194
38688,37712
153,0
340,0
420,0
23,0
107,51979
131,199
23577,9053
402,0
8425,0
1,14097
35,0
1,83037
92036,106446
3,89296
286,2484
493,0
3,0
2501,0
3,0
968,0
896,64133
415,0
325,0
61163,99044
14,0
12347,0
226,0
804,0
81,0
27689,27689
44,0
2790,48111
73,0
39,0
2,0
51,0
67033,90228
42441,42441
3785,0
12188,12234
2,0
51985,19263
9,0
26,0
614,0
4,66832
138,0
144,0
731,0
5,0
2,0
40,0
19577,26146
20,0
24,0
37001,0
1,0
687,0
1,0
868,0
57925,33553
16,0
3,96189
30429,52213
1553,0
1237,0
869,0
1315,0
1,0
3,945
735,0
7,0
66076,134467
24,0
335,0
1724,0
25,44391
7,0
56,0
2,0
50,0
1,0
1,83251
10,0
10161,0
1,1
14251,84987
2,29589
1,0
7,0
49,0
55,0
25614,0
2,1683
21042,0
9849,0
10463,20697
30,0
1701,0
49632,63416
515,22737
10474,93789
137,0
130,46369
648,0
22735,84117
61,0
455,0
5914,0
1405,-778
823,0
8492,0
7,0
53885,132473
10,0
36998,68315
15,0
29231,0
2,0
1412,0
8682,57161
236,0
810,0
8933,0
6460,0
8,0
26,0
15145,46927
115,0
3402,0
16480,0
83206,88742
407,0
113,0
335,0
481,4987
640,0
474,0
1473,0
44695,14517
1012,0
18,0
35,0
65,45020
801,0
574,0
4,0
47535,66910
25319,92967
56873,40635
369,10940
35794,54664
10,20830
1,-10629
3,0
1,0
7,0
1538,0
2016,0
48,55788
486,0
403,1705
2,0
1,0
8528,0
989,0
12,49525
6125,0
90,0
2013,0
32,0
3157,0
11,0
4,0
1,0
277,0
4,0
7,0
6,0
6,0
1,0
55,0
59817,73699
202,0
5,0
46040,45121
4612,0
338,0
20,15804
153,-143
37,3311
41615,41605
23516,-14068
17,0
52,95360
1,0
4,51691
20,0
760,0
80957,87521
27,0
73,0
296,0
7,0
984,0
11703,0
1804,1804
1,0
86356,49240
1159,963
32471,353
1,0
138,0
179,11019
29,78980
5,-1278
673,209
1100,77861
18879,54504
18523,0
21450,0
3475,0
174,0
58829,55474
30,0
78,25712
13424,37845
64969,171799
7284,0
55484,60742
35,0
18756,0
924,0
8,0
22971,112267
1306,0
18689,43503
4755,0
20537,38120
44,57985
14,0
1713,0
391,12409
1701,0
472,0
36,0
169,0
74,0
60111,82534
6,0
210,25672
404,79895
107,0
4102,0
2,0
791,0
41679,13454
503,0
23241,75107
7,0
87179,89089
2777,0
21,0
1,0
19,0
1,0
63,0
10,0
780,0
2184,115926
26,26
14160,44231
5355,30395
240,40003
726,0
7,-11025
5,0
10259,10294
70,0
84476,87205
46031,131718
102,91
1,22464
696,696
149,0
8644,0
99,0
22520,0
2,0
16,0
3134,0
21,0
20460,35419
1628,12837
51,0
516,0
46,0
251,0
51,0
273,0
57261,55549
10,0
9437,0
15,62935
22242,53555
1480,0
7554,4784
44475,66291
3,55576
30141,10808
89,0
2,0
4,0
27513,67890
15,0
478,0
2569,0
2981,0
588,0
215,0
985,0
279,18659
3,0
27,0
69688,79651
1,0
69208,63793
2,0
3,0
1,0
15171,34784
1988,87842
112,93365
25618,0
1,34
2719,0
1084,55806
3927,0
3130,7739
10040,0
1,0
222,0
3985,3956
7,0
18317,0
771,34587
3,0
74367,72977
59,21903
10595,0
20078,27726
1554,-20813
42709,92787
23835,-5984
27706,0
115,0
2,0
197,0
22,0
17577,0
2139,43007
2297,0
9394,10052
2,0
1,105231
4477,0
2032,7776
16,0
18649,0
566,0
44108,43011
65439,77014
95253,95377
5857,37019
188,0
2,0
7001,1564
40327,40327
147,0
51,0
24474,0
93063,91841
3106,0
25,0
4,0
5,100945
4654,0
471,0
92465,73424
719,30521
784,0
3,0
99,83955
17807,19401
3,0
28,87951
2362,50704
992,0
3,0
2,0
37960,107945
18420,17498
2,0
10505,0
24020,-1411
30682,30005
1632,0
4,0
71,0
6241,0
1646,0
5,59462
1,0
43722,142911
71819,71181
2298,0
73965,79113
210,0
57311,52642
20354,59869
96203,91932
2,0
17,0
15,0
72146,79766
8018,34820
370,0
3,0
1248,0
4,4
106,0
4,0
6616,85053
36,0
134,0
1,0
23337,0
29567,0
104,20061
13,9
336,0
638,71895
4,0
8,57627
43668,0
91,0
2,0
227,0
24794,0
115,0
38,0
6,45874
1731,0
17,0
2,0
8798,84902
607,0
15370,50610
14561,39618
2,0
47,47
305,0
328,135660
11,-1303
33,1791
233,0
73,0
2102,45559
184,0
54053,50463
9849,48763
1,0
1,0
2509,0
34,0
85,0
65169,78356
1,0
33,0
444,0
1957,35860
1,0
12,0
6,0
9991,38335
9,9
229,89642
221,0
8,0
1519,52058
123,0
1,0
1,99
35,0
27514,101180
1,40015
1,0
35164,45433
25045,100040
105,0
1,70365
109,0
1,0
45871,45870
1164,0
15,0
3,19036
68992,127129
49412,83706
2821,0
13500,0
296,71925
259,0
18,0
86,9775
29,16496
14,24413
30,20296
106,112360
2,47592
1,0
33028,41469
140,0
12095,10625
247,18813
6486,61723
1,-15914
3241,0
9119,25443
31,116266
44,17309
1,0
5,0
31736,58276
355,0
10,0
1,0
26,0
525,0
371,0
2,-2105
332,0
447,0
299,0
11251,15903
41514,54009
330,0
6192,0
40571,0
539,-20808
4371,-35847
3621,1969
187,0
7081,0
103,60612
2,0
78182,77526
6,0
104,0
17949,90431
12,0
97,0
4,0
898,0
36,0
7284,0
36,0
815,0
5185,12042
5,0
22,0
53546,49506
5747,64966
28508,0
1,0
172,0
41,0
46795,46790
1,-14538
595,19311
11,0
11,0
7988,6981
9,0
707,0
1202,1172
558,104625
65,0
173,0
94,0
13,0
12836,0
25311,60058
2924,0
17,0
1738,1709
44,0
49812,50013
5,37453
1,0
644,54942
40428,40428
1,16055
4743,34390
14,0
8164,0
62999,66124
655,0
5997,7187
59805,88058
5124,75681
1,-22038
5,85178
17545,0
912,0
1,0
1211,0
44696,87541
1,0
3028,0
7,0
55802,62405
3,25153
31,22761
37376,43574
170,0
1,77231
1,0
942,0
38,0
2,0
83,0
5696,62713
69601,96373
92346,95418
27,0
9,0
1,0
68581,70176
8662,0
1908,6708
85208,112794
1082,0
289,0
1831,0
8,0
1348,0
1,-2250
2,-4075
15,69184
1,0
98,0
39247,47571
152,0
11825,8280
1154,1037
8568,42499
2161,0
12690,50095
8148,0
3859,7659
32047,131307
69465,90580
88,0
15206,0
35,0
16,0
8,0
19000,0
19,0
6591,-37153
719,0
65173,103976
8,0
1,0
9,0
29,0
917,0
1695,0
2728,62357
12612,32287
1,54073
61319,30640
34,0
27,0
2251,0
212,0
21,0
3,0
45,0
319,0
433,0
7,0
5,0
1,0
5954,0
1,0
7,0
1900,0
30,0
46697,77433
99,0
4,20196
9611,0
235,0
112,59234
151,0
2678,2671
96,0
771,66037
22,26499
5,82397
1,54327
3,0
64602,62463
2632,0
52263,17219
1141,0
2,0
4,447
16284,12141
78468,85015
1,0
237,0
5870,0
9,0
54,0
7743,0
4,0
15,0
7,0
2,0
48280,48036
32,0
5843,0
72,0
19313,0
4,0
14570,15561
23701,101715
8,8
7922,0
21863,22246
428,16762
1,0
34,140280
340,0
2,0
7,0
48,0
11392,0
60,-3152
2,0
281,41921
183,0
59511,69897
42,0
1796,0
1,0
15,0
1,0
1944,0
410,8556
4,0
62,0
5,0
11,-266
2238,0
45,0
505,10419
13626,13604
8191,63802
7828,88580
8,0
45188,45100
1,5147
2,0
305,0
118,0
96,0
2518,0
19,0
594,14051
7654,0
131,0
11620,0
1,48338
96,0
17511,0
9818,43022
1,43162
6,0
2,0
531,0
11455,0
432,20868
11,33880
3408,0
4,0
21225,14802
2,-3065
15174,26931
3585,68730
1448,0
351,0
1,0
771,0
26296,64688
622,5348
89,0
16581,17111
13935,0
9,0
953,0
612,0
6118,0
2,0
5361,29870
2742,3026
531,0
5,0
11269,0
12778,0
455,7492
298,0
1267,7779
2102,0
8,0
69,0
59,0
10647,0
59,13277
44,0
557,-6019
31,50988
16595,42383
530,0
41026,86975
12,0
94,0
8,67323
2,27431
15492,13393
111,0
59214,81941
7,36083
70801,62906
230,28187
86709,55210
1,0
132,0
202,0
1,147
733,0
2561,0
16,0
1,87757
4,26399
3,0
27741,79798
37,37
52,68338
215,0
6,0
835,0
157,-46920
178,0
1532,0
17,46393
3688,0
6,0
4,0
246,70685
16,0
35,11307
1,0
72743,65029
65,0
769,48431
25,0
1789,0
5,0
10,0
37,19757
44534,56419
30,0
48,0
5983,0
21744,0
1,0
13975,0
67,0
8453,35754
44,0
1,0
16172,10834
1135,0
1463,0
13254,86319
211,42560
3825,0
26,25021
7,0
13,0
16207,35598
17,0
82139,82139
4282,0
12,0
1342,1299
22,0
1028,0
575,584
11090,0
9,57410
4,0
3,0
3,46819
13,0
16,0
2,0
2980,0
7044,0
9,0
26392,64050
9645,0
53,0
3,0
6,-30
218,89578
94,0
28,6080
489,0
2,0
642,0
39,0
69425,77583
72358,49188
226,0
1511,-2068
36,0
1111,1111
288,73245
9,54393
5108,86655
8,-12167
11691,0
76217,29104
3,0
35158,44690
2953,0
194,30020
62,4801
469,0
64,23492
1,0
368,0
83199,83455
50,0
1,0
31234,33049
14706,14730
375,375
5354,0
8,27692
77137,61431
1,0
158,0
10,0
22486,25411
6,0
4,0
1451,22021
883,0
44039,113849
167,59624
6,0
435,0
174,0
1942,0
82502,72811
70,0
1,127617
18,0
7385,6104
48690,52975
45374,131261
1,0
3204,0
500,26716
10505,0
83445,69442
812,0
135,0
4838,5216
245,0
2,90718
5374,0
1,0
6622,0
4,0
42,0
4415,4384
13,-19
3375,0
390,71061
13366,44714
6965,0
1066,0
38145,25966
12395,26884
84764,79632
268,1611
2576,0
1,0
252,0
13333,0
12,55739
72497,52554
16,2390
1,54337
1,144081
4932,0
1937,0
1,16612
7,0
523,9924
6,0
18259,0
101,0
56,2728
108,62171
381,-3297
2629,0
300,0
1115,111464
1574,34397
4898,24462
540,73676
11,0
2,0
4,0
55,-2
8399,23954
4038,6966
12393,0
175,0
31536,31531
66,-37196
11,0
1836,0
14404,0
7413,0
3905,0
3895,0
2,0
842,38393
1,0
6,0
270,1530
74607,75028
1242,2194
38145,0
6,0
379,-719
64,24285
125,0
10203,0
5,0
103,0
16028,0
2,0
2138,0
3831,0
4,0
26095,0
2062,35639
58721,77988
47960,78587
10,79932
4013,-20818
1659,-37858
9130,51216
952,0
5504,0
392,0
1459,7074
9766,0
67497,64356
94,0
1,0
690,0
466,0
1,16741
14,0
165,29228
10,0
5,0
12,0
35,0
56,25875
1712,0
3674,32397
64538,82760
67,0
674,47750
4,-120
1,28864
487,43558
14928,51213
87,401
1434,0
3,0
60907,30784
6738,-2586
25,0
13602,27658
22,52118
108,0
96786,115938
4408,4396
1278,0
15117,16517
5153,0
77,0
13,0
328,1037
1070,1056
151,0
2732,0
1528,0
223,0
2652,3123
764,1119
17393,0
1,0
45141,51826
14147,0
8,83895
5,0
58,0
754,0
11,0
3,0
1,0
52,0
145,66112
764,0
17,6197
56389,46301
1211,0
42633,78490
4833,51218
13,0
800,0
4364,53901
11322,36911
71312,128852
468,0
3,0
1,0
354,-32237
719,0
17835,0
5,0
39261,139458
54086,46438
349,0
2,0
2874,116152
56,0
96147,120695
2,11464
13,0
934,0
3,0
64,57481
3343,0
4814,0
1,0
8974,9000
42942,70770
36,-828
268,0
1,0
3584,181617
4605,0
116,76206
95566,96768
2,61897
12,0
63302,43678
17,0
2,0
2,0
16451,47110
1,45312
63,0
46276,88652
2,-77
96,41032
41574,33859
218,22228
579,0
566,0
1259,0
15084,14020
206,6344
1375,0
137,0
38,0
2,0
8,0
313,0
32,17144
3,0
5,0
1,0
7904,0
153,26319
5,5
262,0
366,0
87856,93926
139,25221
88,64422
3179,0
1,-18561
3,47546
5679,0
3,0
1,0
7225,47653
1766,9097
876,0
21587,0
110,0
6230,0
47335,66605
101,0
23758,0
13,0
8433,7913
392,0
5823,0
3,0
4273,0
5429,11026
4789,-14205
83046,58282
1679,0
39048,54384
798,0
170,0
31979,60849
36576,11824
64,0
248,0
2,16811
4,0
39617,63991
14679,15396
35,87137
24207,20804
25,0
38,0
26,0
471,19132
35697,0
149,0
2432,0
88,0
3,0
44,48666
644,644
38084,0
3106,69979
93196,94169
8,0
23,0
2068,2116
58552,54409
12,126438
4,0
2,0
8,0
71,0
24,0
5521,5519
2396,0
190,0
44450,63388
1492,0
7393,0
254,0
1,0
36127,0
34839,33907
9,0
86,41663
13047,20557
5,59973
15208,46666
18,107803
19,0
11,0
6883,0
10,0
26345,27511
83968,85255
7,55243
69,0
16,0
10330,11991
174,0
67662,66241
684,0
5,40288
7157,0
2,0
53541,48048
1,0
8531,0
8,0
78696,1546
5471,0
5917,0
43,0
17371,21568
398,368
1,0
8915,58498
5831,0
9856,9824
174,0
228,0
2,0
66921,0
20852,0
17785,0
116,0
4,4
91,0
6576,18671
203,0
2,0
1515,-24598
14446,57311
24,0
375,375
133,0
4151,0
3,0
3,-29
161,15718
11848,0
60,47978
1021,44063
23,0
350,52116
180,0
90,0
58,0
37,0
79653,75453
74,0
1175,0
167,0
33,0
76228,76228
17575,59658
1022,-6467
23,0
40243,71135
1476,43902
7658,0
682,0
1,0
4112,0
28408,0
2,0
40957,35746
1,0
26,0
2,0
14,0
1831,0
1117,0
34,0
1468,0
2,0
212,0
1643,-12238
33,338
55,0
1,0
6711,60192
1,0
8255,0
2,-71
132,0
5,0
243,0
31,0
2136,0
12994,59428
99,0
7,0
199,71583
2096,0
10,0
46,0
24825,0
81,0
97,0
441,0
50,0
1,0
12,27270
3137,0
4050,38408
1,0
3,22712
2272,0
19958,12038
47,0
62239,45926
70139,71921
408,8006
1137,0
1,0
279,0
9,0
1499,1502
121,0
39812,83676
95,-7195
3233,0
1217,0
13,90104
14334,22033
151,0
3,0
1644,1646
84,0
4661,48670
853,0
11,0
34422,25690
12559,0
1466,0
2981,42356
11056,0
1,0
38,0
126,43802
1,0
10707,0
157,0
26,0
20877,80400
142,0
1663,1908
17459,0
1837,0
3497,22052
3,0
9,0
66825,64662
244,0
3,0
1538,8364
104,4573
95751,144396
21884,-13159
15,0
18706,404
165,0
15,0
2,0
5462,7780
3051,16670
1,0
3251,14367
77590,60769
21,32973
2525,2485
3,3
22,0
95796,95534
21279,0
883,0
12,0
27,0
62,0
57,26270
9104,0
18,0
89518,92116
2415,0
894,894
52,0
17,0
79,0
2695,33424
95303,45568
16,47608
11546,35036
7,0
1,0
672,0
635,0
398,0
37,0
471,467
4,0
70,407
51156,0
22502,14234
48,0
1,0
87325,61694
42003,0
69759,74907
1146,0
296,0
75,0
2,0
867,16267
217,0
165,0
581,0
185,0
626,0
269,0
60,0
100,0
1443,0
1,0
81414,87306
1,0
21867,13862
49653,49670
9,-1796
80,46080
19,0
1,0
31544,27755
5637,0
9,0
81536,80683
17796,87343
80,0
1047,0
1743,51436
1024,1024
123,0
25,12064
6919,33341
5,0
717,0
4,0
7,76941
3119,0
862,0
1,1
2,0
63610,56385
13628,0
4,60282
3843,0
4823,0
42401,52693
27639,45835
36,0
4,0
1,0
2698,2698
490,3978
34,0
134,0
237,0
39,165934
54,0
266,0
927,130885
4,0
17653,0
35884,39748
26283,61096
48540,24264
2,0
20858,0
13267,0
64,0
18173,0
1641,0
9,0
1014,0
69,0
5,0
2,0
1,0
712,0
236,0
9,-21092
41970,127654
291,0
16,0
275,38630
582,823
4547,46332
5017,5015
114,0
3823,0
2,0
10575,0
13934,44333
7,0
92963,97904
16038,65626
11,12645
1,0
51850,-8596
9,0
944,0
23121,63520
2,0
243,28343
198,103919
217,0
11046,0
1,69112
4,0
3,131041
38,0
102,0
5470,0
22754,0
16,68701
2209,0
1394,92190
607,0
73,18937
25,0
6,0
46,0
103,0
2,0
21,0
1,0
11781,9740
1,20336
1091,0
431,0
50214,39755
1,1658
2,0
44,0
24984,0
41,10978
13132,39567
1,58554
8253,9136
1,0
5269,0
1710,180
707,0
18,0
56,0
1662,0
1,0
61237,60721
41980,41964
24,0
6,0
1800,0
1360,42200
1148,0
1,0
12,0
126,84132
92088,80733
6,0
115,0
1839,43389
8147,48284
137,0
925,0
7,0
19,0
23,0
70,0
91072,88023
38255,47552
16819,0
1166,-17969
7350,0
58,0
481,0
351,0
6439,0
3,0
3476,0
1268,0
88891,78700
19238,54721
2,0
26,0
37,0
16,42523
81,0
218,0
29,0
1205,0
32583,27025
14261,66686
10360,28716
40,0
39,0
64669,69496
7,44582
76481,77656
1,0
2,53040
41,42358
1544,0
67240,52491
1,122667
140,0
554,0
24495,45721
13,19
1,0
245,-1346
181,0
22,11765
15,740
511,79472
130,0
9559,0
2523,46484
3,0
14,0
44502,96361
23949,23880
10494,0
1,0
42,0
1,85687
1,0
11255,34798
103,0
1,0
744,44017
28,0
8419,0
1,0
1207,0
17,0
32,0
28611,0
2,0
18454,0
6755,16925
64,0
3,0
92,0
11702,0
4,42953
820,0
538,4432
11,32641
31024,33463
406,0
14,14
1,0
3095,0
3,0
7,0
388,0
629,0
890,101040
93466,105607
119,0
4922,0
134,0
9,0
180,0
5,0
2148,136874
10,26912
1233,0
16,0
2,0
33410,0
857,72291
16,0
205,0
391,0
3907,0
64,0
12,0
6,41680
80,0
123,-1278
555,28094
331,63158
205,0
29,0
12,0
2,117442
36696,37947
100,3968
4506,0
5140,31765
18,0
2,16349
87,0
1,15086
47701,56879
38556,162295
50845,50799
1343,1451
174,0
45,45
43667,46212
69398,86900
7735,0
1215,0
1679,0
8280,-15975
8,50302
845,0
173,0
3,0
30,30
78,0
653,0
96836,86815
5,0
40522,40601
4346,55058
3,9147
41295,46471
789,0
28,0
7,0
364,0
44,0
1039,60881
272,0
18461,0
150,0
819,660
10133,10030
127,52040
878,0
3654,3627
1,0
282,93001
800,1088
4276,92174
16909,53661
1729,0
143,396
18056,23350
24,0
58022,56242
748,16506
96,0
23014,0
271,48902
90,0
15475,79025
1,45092
5,0
8201,23367
3251,0
22069,23496
1,0
3553,0
107,0
99,0
1,42870
3,-31
44850,86219
5652,0
1,44722
1706,0
2673,0
3412,0
2147,21440
362,0
193,32710
622,0
5,21369
25703,111502
201,117261
162,0
4372,79690
1,63287
12,13468
48699,51381
45464,44333
4514,46744
1,0
115,0
967,0
696,-11750
1142,1219
1544,0
26998,28277
16558,6208
1,0
7929,0
4,0
24,0
14461,51041
280,0
319,0
2,339
24,0
19,0
27970,49423
2824,-1494
6,0
74895,74272
46539,0
14,0
12422,22827
19,45735
23,0
11,-133
3,0
1,0
168,91525
220,0
218,0
15,0
3,66955
218,0
3,0
83,0
1,36792
1,0
12638,16141
12967,0
317,0
2434,0
83,0
21969,0
1,3266
71817,83144
50768,50931
1369,0
2743,0
62284,64451
1,83600
9,0
421,2259
1,0
248,112403
39,-2788
5603,0
33,0
38,0
1345,0
3280,29953
83444,83742
27,0
1909,0
11108,0
558,121479
46,0
1,0
54678,54474
28427,0
13,0
16158,3694
22349,40903
46,49
133,0
11,6
16757,16440
56544,70681
11,105376
32,0
22,0
207,0
28,0
269,5602
126,6725
14,0
3453,0
3,0
87996,115640
8433,8433
1485,0
2534,0
2564,13617
5,0
2,0
380,0
51,217
4363,35018
1,0
179,50392
883,0
34716,31707
2503,0
9649,0
2736,47571
6,11680
40,62462
5,0
567,0
13,0
232,56506
9909,35965
2,0
1,0
34,0
9,0
1673,-3732
9854,48397
8,0
460,0
16167,65056
10,0
1,0
4,76890
11,0
504,0
4,0
2379,-4606
12,0
34986,64746
20848,26019
2,0
28589,67352
6099,0
3608,0
64,26365
8273,0
290,0
9845,0
12,7557
33496,38917
381,-17238
452,0
3810,29696
20,0
14983,0
835,65195
2155,0
15502,24918
24951,23049
22692,56720
523,0
288,47855
241,46798
1106,0
50,0
20889,0
386,386
504,0
3,0
1,0
1700,0
43384,68839
1622,0
62,0
60,-79
34662,73018
28,0
19,0
53219,75374
108,2169
3,0
1,59340
72489,89881
1374,60915
24,0
2209,5794
24,0
17852,0
72,0
60411,100691
164,79
15346,6907
47,0
1,4025
22,0
748,14456
67,0
3,46646
41,11887
306,0
12,0
57607,60368
1815,0
7,0
11,121
877,0
27888,82856
34,0
33737,21205
43227,39642
17,0
65,25158
29129,67555
130,0
3939,52192
522,1699
398,92787
17548,0
26,103060
2245,0
479,0
2162,2079
4,22980
5,78311
585,0
11077,0
518,0
1052,7513
2,2
8087,121612
292,0
5,32924
45334,43624
98,80743
5,0
6,3246
31,0
5941,37015
70,0
2719,0
7921,109072
71241,71616
52914,95875
166,53040
2022,18580
1,0
52683,55024
36119,38684
22,0
4290,0
1,25078
379,36922
11897,11927
1819,0
63925,83679
556,0
8202,0
202,0
1171,0
100,0
1,0
15,0
12,6925
2,0
83,2746
2,0
144,93606
168,0
15,0
394,0
9,0
6698,51324
141,0
958,0
28346,86347
672,10221
4087,53050
2376,2514
249,0
233,0
21027,62629
1433,0
27,0
36,0
4305,0
77115,73802
43,0
14,0
153,153
901,14442
68,0
15310,0
3,0
69844,86302
1604,0
299,0
3231,0
12683,0
1,0
610,0
979,21056
177,0
1391,0
5581,0
254,53193
16,39120
1,8564
7,-44608
6419,0
53,19
13617,0
2,0
81099,81586
3,0
475,0
66,0
55380,56424
34060,59718
54,0
108,0
4367,0
6,1960
1,4937
1618,1534
3,115095
62,0
1321,0
202,0
59699,85013
53,62509
20802,43373
32221,31421
1188,0
40850,93434
23755,11593
67,0
1,0
482,483
14288,0
154,0
28723,18228
3,0
218,0
2,24156
6621,44249
20,0
18878,6840
1,58051
83,8909
14,0
540,0
9487,0
131,0
1043,0
13976,13985
95,0
161,0
85958,88347
970,2911
2,0
1192,0
745,0
12,0
68,0
257,0
42260,48850
163,0
1,0
12,0
4,0
64,75744
65,0
1,15344
35440,53968
375,0
715,0
2653,0
38364,55348
24435,13052
16284,0
328,0
1311,0
1,0
2472,0
9871,0
1,0
138,-21800
1,2442
2,0
140,0
41548,117262
1,45379
49639,49490
3474,0
12878,12880
22,44462
29330,53646
2,120801
625,0
15666,37751
12159,0
9509,0
4752,0
12,0
21043,59734
5,71672
3980,3942
369,15263
2,0
11,42487
3584,4468
420,21781
2,33261
5958,9113
705,0
90918,61472
304,0
473,0
685,684
117,0
172,0
143,0
67923,79106
8485,0
10,0
54,46
130,0
39,58088
2,0
10,0
2439,0
824,0
34,0
1,5113
1,0
3446,0
27596,108746
11834,87370
11746,0
1181,1192
31,0
37428,45158
40897,58267
14963,15040
3914,3914
56,0
34080,0
5,0
3,0
14165,13989
7110,0
35,0
264,0
3,40316
51,52177
48,44259
13999,0
55999,55267
1,122596
220,0
3607,0
58,0
134,95316
16077,26328
450,0
2,0
7,0
1,15396
4449,53539
20454,52559
2,27274
2571,0
4025,0
58026,9799
2,0
459,0
350,0
3,-7738
1,0
17263,61057
158,0
16,0
8,0
11,0
137,0
39,0
2,0
6,0
1709,0
1578,0
24614,13668
49280,55607
9775,0
30,0
32749,45232
53342,92185
157,156
1,0
19,0
900,0
5,0
15110,34601
105,0
14,0
4299,0
2,0
866,56800
455,0
1,0
11172,38628
13606,0
3084,6493
25831,25831
4,0
1,86776
130,97879
4,0
7,0
66,0
6,0
1,88716
1,0
74,0
2,114534
83102,101563
4,83345
26305,41093
75,0
1,73430
4,0
2,0
138,-36719
13640,61184
135,0
2123,0
1044,1045
14846,0
57773,62869
254,0
49,0
4543,0
385,0
5,0
15297,7463
11597,11887
4,28222
1,0
1394,0
22,22
142,32848
7189,0
13,0
2164,2008
2,0
645,127228
4,0
114,0
37,0
16,0
643,0
6,0
6,0
257,0
19896,69400
3814,12052
55,0
22610,50494
107,1288
185,0
75,70983
874,0
7,0
2722,0
1,5268
141,0
203,36279
13041,0
484,78958
14,0
10412,22067
2,0
11,11210
2,0
702,0
55,0
12920,0
6363,0
4686,0
20964,0
277,0
5,0
223,0
1992,0
39454,41563
5,0
395,0
1,0
23,0
2,17830
117,0
20,0
999,0
4,0
28721,0
16221,16220
560,0
468,0
1622,0
1156,30917
2,0
33,0
23633,29813
2,0
156,27280
184,0
55704,0
2,0
36566,110780
202,0
29525,29466
872,871
3,29536
511,36664
66949,80418
8,0
2,0
362,0
6900,150454
15924,-2870
35761,53978
135,0
319,0
121,0
11631,0
295,0
197,8943
1,0
7,2293
4327,0
9898,0
16,0
2,0
2,0
6595,0
5,0
22,0
82,44032
7,0
121,49108
8,0
120,51295
2,0
11387,16077
8,0
13461,0
4,42225
1,0
6,0
1961,3178
4149,0
1,0
6776,0
10183,0
3233,0
1320,0
10346,81050
110,9011
13,-1719
53013,53751
93204,92306
22186,142775
26981,53502
5,24777
2037,0
1069,0
222,0
1,0
7753,102247
7976,28846
37958,40132
2683,0
28,0
32,0
1059,0
167,0
33,85898
2801,0
9,-1007
86408,138909
40,0
101,0
22364,0
349,37625
1,0
6400,26595
229,0
22,0
70,0
3,0
46,46
19720,22778
3,0
13,0
130,25695
38,4307
446,0
48599,66108
3,71257
714,0
34,128984
3,0
14,9446
79,31771
5167,-14100
1,5434
3057,0
119,0
5,40276
11,0
23,17592
2,1101
7,0
15,0
738,35187
519,0
99207,121360
43,0
5,0
31825,31127
3,-31795
6,0
949,1333
1552,0
98,342
1,7937
433,0
1,0
24782,0
16,-7995
37446,92085
68,0
501,0
1246,0
1426,-14198
7,0
4,0
159,0
6747,0
67456,66305
1,0
1,0
2,33588
4,26125
12460,0
12,0
1597,0
22816,38855
1828,0
24933,24890
38,0
6,53208
5998,45544
10,0
153,0
3,0
364,0
912,0
80400,88995
2684,0
201,0
1452,9593
478,0
34602,0
29,0
33236,33127
414,0
556,579
1070,0
63,9850
73,0
351,31122
644,1135
7,66407
15203,0
1,29220
1,0
147,0
12455,12456
4,34813
68,0
1896,3234
65,0
99395,136495
40678,41169
3650,22014
1129,0
29,-2245
5,0
242,0
1804,1800
438,0
198,0
1,-1
189,59522
81,-39
227,14503
6,0
12516,52867
37488,37460
2980,0
2,0
12,0
16,48561
192,45152
10946,50922
894,-26803
499,0
65,0
63,0
1,0
1,0
7323,0
10087,0
22,0
10581,10599
13,0
481,79017
85062,85044
796,0
17,37024
8,0
68,0
2,0
3505,68622
16653,0
1,0
256,0
3573,111331
105,55662
598,0
22148,0
1172,0
33223,27521
150,0
24,89871
89,0
2,0
291,0
2,0
2,0
1,41463
43958,21556
7228,0
105,46237
728,142816
5984,32984
1959,0
6337,-2243
1784,-18384
4,0
47118,37407
8,0
9,21220
1274,0
205,41364
2360,0
3,0
463,0
1152,0
6169,0
2,0
13974,0
61507,57310
10580,86448
6,43165
119,0
22042,0
38,7998
94416,110585
67,0
3,55743
1,68618
22889,0
195,25532
7,5
19,22166
945,3579
2365,0
3,-8683
2,0
51,0
4044,125256
1,0
16,0
1270,0
1627,781
74,0
15,0
73157,77097
999,29300
18,0
483,438
25251,58986
34,0
1,0
9,0
71469,76360
68321,88341
10,0
3,-27594
27147,0
29,0
6712,0
15,0
1,0
28483,29287
33,0
4531,83282
98,0
6,0
1,0
114,44588
96,0
414,0
68,67892
48,0
6977,0
2101,2225
5,0
358,0
1,0
845,0
52,0
53,0
2,0
655,0
4,91000
380,0
167,0
80359,70571
26,0
1383,0
131,0
78673,78420
6,38487
1,0
60245,60352
7499,0
14,8232
4458,0
27,48685
1644,0
14952,25670
6606,81571
400,73136
16154,0
3,0
34,38900
49656,49688
1355,0
130,40569
19,0
8200,8200
2822,0
2,40998
18,0
56586,71488
71,0
4,0
98,0
4348,0
8786,6473
15,0
122,0
23973,23875
101,0
87052,69731
122,0
40,0
39,0
80,8315
93045,94252
82,0
105,0
7,15955
54,0
5653,51979
780,66402
13258,8975
13,0
130,0
10740,14872
765,0
12309,55203
346,0
1,0
16862,99801
4654,0
20487,22060
31917,70515
2,0
476,0
1015,0
14810,14574
1,0
312,301
61,0
69,0
27555,59654
2,17938
18557,18189
2310,504
84815,111465
714,60286
9,65589
140,0
23388,0
44,-44947
216,0
3959,0
319,56936
41,101396
536,0
32981,71085
74807,78848
40483,68693
6,0
124,0
35187,35418
17654,17727
602,119448
10,0
596,0
127,-469
13,79497
16898,0
51,0
551,0
102,0
2360,0
90009,90324
46,6575
2832,0
3362,47831
68,2035
5643,28080
12663,18749
1,0
731,731
1,0
3,0
216,0
12,0
3,0
56,0
4249,0
88836,88834
3079,0
19797,53434
1,0
27,0
48821,53783
196,0
1,0
368,0
992,0
2,0
376,0
32,0
56,0
2,13
24,0
42866,41874
9133,17615
4398,0
4,0
1438,0
15939,43211
273,0
7,390
2,0
6,0
16954,16937
14224,-6941
3041,0
2,0
86632,86938
115,0
1,0
298,0
19021,19011
1671,0
2786,0
40,0
49,0
1,0
23535,0
1814,14455
5,30096
6828,21383
1456,0
19,0
1905,0
7,54567
90896,124588
13690,0
503,54485
133,0
66,0
8,-8733
2,0
3,0
6,23912
1493,118555
79225,78959
3,0
2,-323
1376,34045
29,51752
132,69487
1145,0
1888,40673
167,0
10587,0
294,0
91,45748
855,0
596,32615
105,0
2386,68678
17,0
79239,101950
1745,40840
4003,97253
511,0
9503,9193
316,776
1298,-2185
15649,0
22210,0
311,0
366,27060
1,0
15588,-24786
101,101
3413,0
148,0
1,0
51,0
11,69836
64026,59884
10,0
35,88970
3887,0
3,0
77153,74368
11304,0
17999,59938
2494,0
558,0
9,17678
84519,53598
1,4957
2769,0
49117,64750
2,0
179,0
158,0
2,0
5,0
803,97893
125,9370
8795,31140
130,0
42446,54451
2,0
1082,11244
1072,0
59,0
8618,-3232
61652,35074
458,27061
7,0
5,0
3726,0
1,0
1259,14229
44883,57775
671,0
662,0
84067,64177
1753,0
52029,111657
16,0
1387,0
368,0
290,0
35,0
31736,33353
27,0
11,22332
93899,93482
63827,67319
6,6349
1348,0
289,0
109,0
27235,31419
9157,0
1,58912
40,0
6,0
172,0
28939,68925
905,0
1962,11276
7237,0
13030,0
74309,98626
28549,59871
166,6871
400,0
23532,85797
248,37543
6,9410
45800,63718
239,0
314,55936
9358,-527
65,0
605,0
17,0
3378,0
1,0
453,197
65658,76717
718,0
1,0
404,0
7,92772
885,0
4622,0
3,0
352,0
9,0
7973,0
6,0
1,17079
1739,0
70694,70584
5084,10435
2224,0
48,0
1,45099
16276,71844
2673,49157
2,944
145,48926
1,0
2943,0
1,0
34802,68119
2,0
79,0
177,84298
1,3
175,18702
79,0
36,0
1379,0
2,106759
6751,-12079
18,0
5754,5801
18,73551
3599,0
82,0
38,0
15,71768
70,70
4486,0
133,0
18032,13574
13237,5826
1274,1275
27215,60446
36083,32968
3039,0
7,0
16946,95749
16454,-10089
3,0
97564,105920
13733,0
6,0
2543,0
1588,0
3467,0
1,0
4,55062
26,0
7258,62254
2814,19549
1,42401
25876,67963
75301,127008
69,0
827,0
3446,7992
3,0
18,2610
5966,0
5,0
883,0
65609,111076
508,62045
1,0
12,0
6229,41725
650,0
4,0
5767,0
6,0
212,36928
8378,0
55040,73473
6920,10395
132,0
537,0
712,85953
1,0
2352,0
19,0
2,0
2,0
61801,57626
4733,0
14291,11604
51154,91795
1692,0
221,0
24,0
88187,116459
2,0
517,0
2,36422
51364,71966
62,0
20932,0
1185,0
1317,0
72,2521
55657,51275
172,0
1,-32346
443,0
689,0
7,0
8,0
47014,93080
6,0
52350,51991
1,0
3,12586
1,79730
783,52252
177,754
1,-142
323,53297
1,0
10730,53511
8,0
24,0
2,0
2,0
14808,0
6540,6209
2,0
40947,108042
3038,2805
1,0
63,0
630,0
45291,49463
54068,116889
1762,0
4226,0
11002,80615
2,0
347,66310
50,52747
356,0
949,0
1,0
156,0
423,415
16,0
18230,49039
1,0
66059,81614
873,31524
19958,0
19202,99362
19717,24788
11045,0
98,0
2,0
15118,0
58,0
4,0
6771,0
193,156523
18,0
278,6860
43874,33925
9753,0
47,0
2,0
5,0
64,37568
18519,0
1612,4429
75356,77168
93167,103975
1184,86729
17,0
799,0
22,-22955
1329,35589
390,0
523,50969
35876,30806
1,42213
61985,81119
2,0
3,0
326,0
3194,0
2,13973
311,9409
589,33768
27951,0
106,0
45999,44577
5120,53629
26063,0
11,0
2,0
1,-4779
1594,0
5,50045
5,0
2037,0
1308,29119
2,0
54164,56097
26485,27347
20610,20610
9,0
366,0
12208,0
7576,74990
6,0
15001,91849
797,0
18875,26901
80,0
29,0
80,0
8172,4614
17,0
1462,0
82997,94539
1614,0
10797,10851
66256,66275
9,0
1,142945
10,0
4542,12985
1,0
234,0
9,0
83368,83577
43,0
63,0
10,0
103,0
17377,0
4,0
11,1659
1583,0
192,111478
628,70296
2549,139790
7772,0
2458,0
704,0
32,0
27125,0
182,63840
37283,98290
2393,74051
17,0
53,0
348,32982
6,0
1,0
12110,17800
3,0
3550,0
16167,0
1133,0
206,0
237,0
29,0
476,0
8,0
196,0
7,0
1072,0
77533,-34944
169,0
12,0
403,0
1060,0
4,0
74,0
63325,71767
1,0
15,0
1216,60756
2837,2837
38,0
14,100332
2,78254
9792,0
52485,0
878,37900
12354,0
6,0
8,0
854,62120
3228,0
102,0
70,0
1,0
93101,93239
1,0
49,0
9,-187
180,84608
2,0
3,57988
14,0
235,0
124,72063
108,0
4227,-33835
5030,0
46,0
7582,59268
1,11399
8717,29580
19970,8771
2,0
3,0
17,-17066
8,0
57,0
299,0
906,0
873,63750
1585,0
1,0
77,0
51,0
5244,50395
12257,0
3,0
759,0
5,0
28,110609
727,0
8501,0
8403,0
338,83413
622,0
1,0
5939,0
1879,0
51,0
7,0
17446,81385
152,0
83,0
4,0
9800,0
16163,11889
35,0
12,0
4648,0
6319,0
2588,39481
16385,44268
1013,2073
20639,0
127,127
2,0
18489,4663
3,0
2359,68252
880,0
738,0
4,0
6,33763
152,118085
154,0
1,0
1,0
485,0
515,0
6,0
139,0
3053,0
3,74964
73,73
5003,0
6,0
766,0
11,0
520,0
32444,9955
198,0
26023,0
16321,0
73,50255
1083,0
4434,0
5,0
40715,52564
1,0
154,0
8,0
1286,0
79670,56657
5787,5565
944,0
2631,0
15,31213
54602,54316
2551,29913
9557,10549
6801,0
7180,66929
2400,609
410,18316
25,0
84773,170425
2795,0
8,74481
2,0
12,0
296,-3078
946,0
499,0
7270,0
2,0
2837,0
23,0
7662,44162
14010,15564
3473,0
12215,0
3,0
183,0
2,0
79095,74217
10831,25723
3833,0
57,0
7730,38654
1,33810
38294,40287
1403,0
430,36515
5441,13586
3,0
2754,0
6,0
22,0
2,0
1278,0
1,0
60509,79555
9870,0
12213,0
52062,74439
852,837
1,70531
6,0
1300,0
33277,116775
65,0
200,0
2,0
73450,71939
78240,64977
1165,0
22,0
718,0
518,531
235,0
12,0
28,-9443
101,17605
1,0
32,0
21090,0
1,31632
9163,15176
1524,0
91,68732
262,55115
1,0
2682,84635
6,0
2189,0
20187,19696
33,33
1495,77964
4,0
52,0
4199,4199
350,0
4375,0
23231,27650
1649,79488
108,0
360,1070
586,0
6955,147324
230,0
70,16350
848,0
4315,0
682,-1901
58,0
3228,0
337,0
4549,41519
215,0
1,56525
388,0
16,68535
404,0
8,0
71,0
63,39827
7446,59520
35556,27665
19,0
2,0
20,0
1477,0
112,0
6,0
5601,25330
3551,0
631,7829
434,0
74,0
29602,33290
33,0
211,58066
1,0
4,0
1,0
30868,0
13,13
2,0
10651,0
67814,65673
34,0
730,159880
4,0
1,0
13456,0
149,0
86615,86798
305,0
183,0
15,0
1446,3194
1012,0
17,67084
1794,0
7,0
4742,0
4,0
434,93044
12180,0
1627,0
3,0
77725,77725
35,-85
727,0
4213,25424
1,0
12,66854
61,0
6,0
231,0
3,0
1894,0
2,0
28,0
6473,0
2700,0
213,0
43,12674
41,0
21,3458
4100,67942
1,2403
1,0
3,0
11,0
3250,0
7,132470
41,0
56830,61342
15,0
4074,2710
3056,0
18,0
4,0
13246,0
43,0
12,0
537,1431
35,0
7310,7064
7,113467
799,0
28,0
78970,76560
3,0
76355,76233
303,25814
62874,74855
27720,17389
243,0
13,4355
9886,20582
6,0
324,129532
39686,39686
1,140885
32731,0
7,0
35,-4164
1,0
15269,32314
29100,29484
107,0
40453,54308
5678,0
88,0
59,0
50994,25599
210,210
84,3775
128,11556
39593,89857
1,0
567,0
2,0
3,151
4194,-13419
2,74627
93325,37532
15,0
6,0
11,0
149,0
132,0
1,0
41211,67561
292,0
5587,0
9,156062
5341,0
132,0
1,0
8,4731
27,0
47875,42867
24,0
4,0
68,65639
8,53307
3469,0
731,0
595,51189
168,0
185,0
1,0
32,0
7962,8201
1037,0
107,0
7730,0
33,-4753
10885,0
7,118027
1,0
12098,56084
796,0
110,0
81493,66144
33020,47917
13777,0
30132,48000
1050,0
3092,0
3926,78327
63592,42736
74,0
2618,0
2608,0
1185,0
7069,13366
68903,69761
34,0
21619,0
15,25764
2060,0
1012,24908
6395,0
80301,65274
69,0
2175,0
3,0
28112,0
29,0
120,0
90,0
1214,0
13346,0
4,-4
221,0
34,0
21835,20850
5,0
207,0
57,0
11514,0
69552,48267
19236,0
4288,0
291,0
1448,0
1208,0
2,85546
87582,87582
1519,0
11218,11073
96303,102006
50347,109072
48399,48755
64,0
7,0
12453,0
137,0
660,39786
9,0
2662,0
1,0
20,1640
14,0
24,39118
29,0
551,0
408,0
7,0
20,24158
32376,43321
7535,0
16664,0
214,0
131,0
2962,0
5259,0
1,0
155,0
4785,-6515
1,0
1,0
32099,76169
1922,0
1068,0
94,138453
2411,0
27576,59860
5601,0
18,0
271,21729
90,90
778,0
14,12299
2130,0
10742,9572
1934,20132
746,0
99,0
6,0
1,25537
2,0
25855,25844
2496,50513
4693,0
1,0
3,196
132,0
207,50756
2170,0
128,64871
8349,0
88377,55090
13799,0
5,0
1570,0
2,0
1050,3303
1356,0
26020,0
1220,0
1999,0
7289,0
35881,97030
7269,0
203,0
5,0
687,886
10055,0
1221,710
1,77489
4,17760
849,0
16,-11617
1822,1950
60824,60819
4,0
7,0
40968,103505
717,0
16,0
10,24384
75,0
1,0
14472,19627
3247,0
101,0
5635,5617
2,639
1,0
3217,0
1,0
54962,78118
379,0
456,0
74,21901
23,0
72058,71665
34333,59127
13,0
15361,126157
472,37223
1313,3135
16963,0
1416,0
18,0
6,0
3174,0
4,12589
8,0
239,0
25963,52470
2564,0
1,0
900,0
67,0
15,96007
2823,53851
1,11511
1,0
1,84372
97,0
239,0
7412,0
37963,51053
83198,94042
7,24943
1,0
3429,117669
14,29819
1498,37718
5,0
21,0
1771,0
4670,0
3435,0
781,0
441,0
102,0
449,0
330,70478
3194,0
744,0
20734,101137
318,0
12390,16720
40,0
29070,32260
42114,5646
4,7679
3,0
807,108022
29064,34449
15334,0
6,0
89,0
1,0
17713,17927
44682,58267
1702,0
1,0
2,41714
92580,74041
30660,60150
520,0
26,0
693,82903
1,22520
23,-57
26206,23509
8547,0
3409,0
15,0
310,26088
381,381
35,63600
12980,27019
1152,0
13,2420
2,0
1159,0
25,0
3,0
502,0
3,0
1,0
18,0
137,0
153,0
29,0
1736,0
4411,0
986,0
6011,0
179,79545
75,0
3450,12267
2427,38135
22,0
7,0
10,0
28,0
718,92663
1,0
45,0
81,0
29,0
53,0
23,0
18464,43269
688,0
96,59877
761,0
14583,38120
1,0
5686,62053
82567,39596
104,12884
6095,12824
280,32061
1,0
3,0
531,42636
77416,61375
8,0
1,55566
2,0
258,0
1,0
3,0
1019,76147
3,0
29,0
1,24997
17138,34592
23,67763
3452,0
2,84982
6,0
3492,79218
3561,0
33402,0
3,0
829,99628
4267,4664
10,0
3,0
6762,53035
4091,0
3145,0
91,0
19,0
39813,123754
7997,0
5,0
2,0
5248,76598
928,0
10645,0
23,1514
23,0
11356,6759
30,0
4,0
10,18807
129,0
2,0
395,0
85092,84021
3532,0
1,279
24951,34734
9,0
1,0
7864,3906
2,0
83291,79163
63986,75303
10,44305
83901,73559
33416,28397
29,0
6298,0
31,0
3122,0
31,0
8,0
361,0
23783,109263
4844,0
445,0
2,0
17,0
27157,39484
84,47062
31360,67582
618,0
76279,77674
46,8334
19,0
3,0
824,824
7947,48599
1,123291
1910,0
365,0
1,76975
22807,24669
1,0
1,0
2,8770
8201,24656
51,0
12688,30464
69,44256
81531,63341
1,0
98152,94216
143,104719
33272,0
10,902
520,0
1662,0
10,31427
4,66746
44254,81124
803,0
34,0
1170,0
25077,0
407,352
1,0
785,6821
54700,44779
15582,0
23,5576
361,0
5438,0
1620,0
5,0
15,46705
33,107761
355,0
13161,28689
1140,0
5427,52678
4088,0
138,0
220,0
103,0
17393,-26705
629,0
299,0
138,0
1,0
582,0
49579,104340
452,-13261
14594,26410
4315,39162
45474,30485
3338,-41879
11,103546
2,0
249,0
2,0
6,0
93,0
81424,116792
2,0
127,0
19,0
34,0
17,0
1237,0
28950,28950
1,0
12626,118655
865,0
82,24188
6,0
3,0
15466,0
6,0
1,0
64714,42784
205,0
3,-7881
28124,0
15,0
46,0
79843,64914
37265,89807
37554,60556
11,23271
452,0
2,0
88,-1790
30,0
293,0
519,115760
25,5097
169,0
72,0
81073,83008
525,0
10,0
10,0
11125,14627
4,0
397,0
2,0
52285,63135
100,0
399,38704
7794,0
21585,55678
1,29141
2,0
385,0
1067,45739
1,3585
332,2875
3039,0
3718,0
159,0
50,0
91,0
1,0
2,0
9581,68974
939,24212
239,0
2,0
15810,-32029
24756,94344
1939,53203
120,0
8,0
154,1504
3498,65600
11,0
29,0
4186,0
3786,0
12,0
1,0
210,0
53,0
136,0
2096,2085
1,0
31,0
7700,9022
27465,43487
283,283
7388,56931
5559,0
1946,3901
287,0
6,0
11469,19076
6,0
4069,0
39,0
42314,96087
922,87386
17710,-23756
631,0
1610,0
2,59817
101,0
12194,50088
1023,0
11008,0
52,0
3575,0
7939,0
80286,83283
178,0
104,-12959
23828,0
1,0
656,0
73,0
5430,0
17,0
3105,0
6,4451
31,0
2,0
34881,0
6165,0
2750,0
15,0
30500,0
1,0
707,0
60,-26954
8947,0
1268,0
5,319
33210,103289
3286,6378
34,21
12,0
8,0
3042,0
69947,60010
294,22742
7927,14304
93063,44548
6924,0
6,0
2,0
25,0
6700,89599
969,-41135
31,0
725,0
1403,15347
29703,0
1648,0
11,0
480,0
6,2264
1638,1638
2,88905
39,0
36093,39595
29,30921
3,13113
75,0
5,0
14071,0
12,0
71751,92453
29,0
11,0
4,0
375,25698
557,43920
4439,64501
2051,0
395,0
2,32229
3,0
565,-5373
997,0
59378,103531
3,0
104,85189
13,0
8234,0
4,0
4270,0
294,0
1648,0
4,0
3,-451
711,0
2,0
44,0
1,0
6,0
1568,0
700,0
772,0
44,40538
12846,57736
34,0
129,0
50,0
5,0
1,0
1,0
4,57889
80308,73000
2863,0
133,0
1,0
2,0
250,62957
66,0
7929,0
27944,30247
22285,22873
907,0
1,69053
2,13550
4103,79951
24,0
4,0
2,0
496,0
115,0
7,0
2290,0
203,0
25197,20292
289,0
367,0
7,60804
7761,8251
967,927
1987,0
1,0
1,0
4261,14836
1,0
638,0
366,0
57563,79482
2878,32494
1,1
245,0
733,0
66314,47797
14,0
20,0
7038,37040
77169,89048
548,548
13,0
2,237
1,0
17,17
13,0
1000,0
943,0
19757,25703
164,0
222,0
11362,0
46192,62812
350,0
22306,20872
3218,0
6813,-1075
2,0
13346,6699
8685,0
21280,44554
55571,97091
290,0
6,69053
42,0
149,0
1,51854
1,7611
15680,15744
11,11
94,97730
6,0
2,0
374,110545
66859,83540
55228,55089
2479,0
685,0
66,0
8816,65320
144,0
3,0
7,0
2,0
1,60355
3,103574
6230,6935
365,26747
1100,0
22790,70096
5,0
3,0
152,0
81038,84918
2,0
987,0
4556,0
27928,70448
1865,0
11369,0
8,6
495,0
6016,0
1028,-16007
1,0
22,-755
3174,0
69,0
524,535
40388,36820
1,0
6,0
3393,0
1,0
34,87968
4710,67070
4336,0
75,50729
4,0
8,16383
2385,0
252,157751
103,0
68803,81378
1,0
15,0
3699,39902
2,0
103,53993
38,0
7,0
8875,5314
36730,46921
581,27424
608,5375
29110,46151
42,66285
700,0
1,3
4178,4208
90,0
50,0
69681,83003
2725,0
17551,53303
97886,115087
101,0
100,66635
1344,0
43,0
22757,135153
34,85883
4107,0
125,22993
3,34072
3227,0
3,58043
8743,11609
520,0
6423,0
599,25188
719,0
67114,58549
8,0
3332,3312
8,0
15,0
3,0
140,0
116,351
63,0
3,0
34,0
91,0
9354,4813
27,0
362,0
3785,83174
2,0
1,0
15096,0
21,0
185,0
1,-199
167,0
19828,26911
1,0
165,0
122,0
18855,7576
6068,29473
482,51124
1,0
19,0
4,0
12473,0
75,0
5059,5116
81783,80783
1200,1196
3616,0
17,68706
71884,8884
6,0
68920,73150
3675,0
1,54619
25,0
1336,0
10093,10093
5,0
71,71
2230,37769
258,0
42545,41835
16,0
2,0
28103,0
4626,0
16803,0
4,39210
9209,10448
2691,2691
741,0
1917,0
13005,11388
3,60533
1,0
13,0
74997,51300
35250,65592
7151,0
4628,6763
183,72207
31,0
488,0
29,0
16,0
2,0
4549,0
19361,17328
4808,0
12358,0
1207,-2559
2114,0
48,0
21624,18368
293,0
46,-4229
24068,0
3204,0
268,0
1,14035
3,0
177,0
39263,0
645,-16314
54,0
338,0
3,3
799,0
59368,58598
1,47306
1781,0
28633,57393
70,2206
1538,79191
7,27496
5,0
49,0
56540,48102
13685,0
8110,0
1,30230
86786,86822
79,60
74518,50680
1,0
35047,81873
22,0
60144,59874
881,83106
2121,57522
54,0
13,78902
74,0
6539,0
951,0
1,54300
80,0
75715,56400
52813,67341
4719,0
65387,52534
3,0
32613,32617
2497,0
4,35634
4217,0
17,24069
3113,70212
1779,0
36,0
93380,139125
42569,41198
23411,0
3301,93847
1,27739
3,0
1,0
52690,26120
289,0
155,0
8,105037
5,0
90674,99053
16,0
1985,24776
76,54029
217,0
1071,0
1,0
7,23479
5786,-32025
65,0
1,42269
2,0
12403,0
17857,37008
1,107872
3167,0
10739,0
30,0
1161,9056
722,0
19,0
14,35693
2271,37191
128,0
56,0
2240,16861
6081,0
170,0
46234,7651
151,45538
147,146
191,0
313,0
7421,0
4,0
1165,0
1,56184
5121,2719
11,0
1583,0
1925,0
152,0
616,61627
812,0
39762,57481
8074,12056
26612,0
3,-6765
1,0
40,0
3,0
5,71455
13390,0
1171,2592
26063,32079
3669,52017
692,0
9,33818
1,0
9709,78563
17611,64155
535,0
14,0
21,33923
43981,54180
315,0
519,0
1,35062
2843,55441
128,0
2517,68288
1,0
2,0
73339,82690
37504,39819
12521,21368
2252,2192
2,0
322,0
695,0
8416,0
1010,0
80,0
654,0
31,12858
15,0
1425,0
26781,124834
28473,34563
96,0
1,628
8107,24808
3779,0
112,0
8988,0
2,0
6,0
16,0
1845,0
71,0
9,0
15922,64297
119,0
923,0
1578,0
1,32
2,0
18258,0
3121,0
1,75938
1,0
247,0
2708,0
109,0
1,0
10,0
4,0
2181,0
69469,75179
1640,26995
22116,19844
1939,0
3,0
17,0
76,0
31053,32391
31,0
1365,-35567
5,42728
10430,0
1177,0
78,42859
85,48628
3,0
45,0
52860,65796
5,0
8720,0
41415,87430
13,66850
4,0
7804,30337
5,0
13679,35512
59,0
382,49531
2,0
19,0
97,0
515,0
54023,45409
274,0
23,0
1,35748
320,0
450,0
2712,0
4,0
7,0
5082,9822
4215,4214
147,63378
2238,0
29924,0
99,133346
1166,0
2,0
596,95557
1,0
1,0
1,0
43,42
5266,0
2956,0
219,0
2,0
226,42949
24,0
28148,25567
19957,19957
10374,38737
1,0
8,0
889,0
19307,23693
2,0
2,109723
76,34065
796,0
9938,0
11,0
1,0
720,720
5,0
313,0
2859,0
2,0
16,0
77,0
5059,89668
131,0
282,0
8,0
45,0
251,-278
708,0
5201,6097
785,0
289,286
113,-8596
1,0
63,0
14,0
34,0
48985,48985
2623,-1750
10,51757
1,17167
1,-11
23,0
345,78566
2157,18516
74950,77314
14,0
11198,55971
1,0
5948,0
646,0
5,0
7651,9805
81260,79912
8,0
31149,31175
3,0
85,0
21,60719
11384,99678
17697,49113
2,0
15,0
46,0
241,0
26188,0
4,0
4990,-44752
17314,12844
4660,0
12,72489
9,0
11935,0
153,0
1,0
10,0
2,-20988
8,103028
6094,9667
376,420
57351,81040
398,0
145,53358
11899,0
5,0
83,0
3775,0
139,-5618
14187,34298
203,0
3,0
39943,42993
1331,0
23041,103077
59,5260
70979,79752
5682,14140
49786,49569
1,0
8236,8348
10648,0
277,35505
64676,71098
21,0
281,0
39,39
44,6517
28,0
58635,71627
75880,49269
9301,-22834
37967,0
1399,1839
5497,85694
19850,21563
25,0
1376,0
129,0
6,52643
2,0
4,0
2841,0
35176,51354
48,0
1019,29527
30,0
702,0
51798,69119
1,0
1,0
183,0
4,90172
6,0
73995,129245
3531,-25164
116,0
615,0
4,0
24,0
11640,2495
1,0
76,0
237,0
18696,31379
2181,0
7,0
16,0
24207,72720
1,0
1,72286
29,0
25,0
4850,0
49254,49753
1187,0
2,94295
787,0
758,0
2050,0
5,0
5531,8467
86,0
11,0
30031,33718
233,70677
1383,716
3704,0
1891,110761
1,0
96,71517
4062,0
199,488
3,0
50,0
1,1
5157,0
7,0
1,66975
2196,0
85,0
1,0
2900,38781
44624,76264
1,62304
3785,27625
4,0
78,-37678
12,2674
35,0
942,696
14767,0
81145,81769
190,0
2,26159
1,85351
1226,0
4,0
790,52140
45,0
1,0
183,0
848,117326
15550,34413
680,661
33,0
14580,0
5,5455
55,0
31782,31841
23026,60578
31305,44109
418,1676
34506,0
14,0
3,0
1,0
192,0
10,0
4,0
32,0
10,10
178,0
30,0
93,0
649,0
5006,26667
1,50131
1,0
24,73981
71,0
742,8675
851,0
2345,0
1392,0
46346,44753
123,0
18651,20384
37,0
1865,0
25960,0
90469,94589
1,-40686
37,76608
152,0
3009,3817
20,0
1,0
8,0
87883,66774
1,983
4,835
39123,0
100,0
1,0
8883,8931
1,0
16,16
94,0
1,0
655,0
13927,100775
4,0
1,43419
252,0
17,82191
21,0
17843,0
14,36703
29,0
2328,0
6,0
3,0
535,0
17,0
35,0
7,0
3,0
19963,19963
3083,34359
18,0
2129,9337
7505,0
1,0
21,0
11,62120
1896,0
5,0
1646,0
15675,17980
45191,53918
4,126486
111,0
35,0
2,0
1,107197
13423,68881
60597,64012
14618,78233
5,0
82,-19796
111,0
9490,11168
26684,28511
21,0
10788,0
1,0
41,0
3,90
2291,0
708,0
21181,42314
79,70661
3053,0
3197,0
30770,62953
1,0
3,39322
6151,32473
13,40302
919,0
2,0
6,0
89,0
65,86004
297,0
5160,0
8322,135005
188,192
9,158500
260,0
12,0
19,0
2290,0
21,0
16566,16511
22431,24458
28128,95755
3647,25957
198,0
9,0
26,0
1,0
71834,77934
12,11950
1,0
5592,15835
3645,0
1100,0
5,0
1,0
2741,0
6,31985
646,0
533,26505
19,53923
10,0
60,0
231,0
7125,0
1,0
8,79798
21858,0
35392,37647
5,40173
34,30927
639,28333
3433,0
81,0
19300,19292
1,50934
4,0
75,0
17,0
1,0
20,0
2,0
8,0
4,0
30,0
5318,0
1,0
4,0
20,23025
9,408
9494,24870
1,0
2878,0
2,0
1,0
908,23773
210,0
68,33963
51179,51187
95,0
1,0
119,0
2,54708
8160,8806
36293,91330
187,0
1,0
25,0
5702,0
4,0
15227,0
20,0
31663,131661
462,0
15,0
6,-20737
1,0
8,0
4,0
1,0
1,0
1,3674
605,0
2168,0
52,17560
16,0
22215,83215
799,0
73,-1915
12,0
367,0
5410,0
147,0
18471,0
1,0
16785,16986
70280,71112
104,0
11,0
16250,6676
3265,0
3145,0
74,0
3,-37337
60,0
261,0
4,0
3,0
16069,33943
9625,9624
752,737
14,0
9,52761
38200,60564
64,0
56573,63450
19620,0
108,0
88,0
1251,58264
843,77482
115,29840
34748,0
268,26343
1032,0
2,0
13855,7443
1,0
363,360
89,0
9,0
653,0
76003,105382
26,34948
23,0
26,0
1466,0
113,0
20,0
19935,80132
2,0
3565,0
4970,4970
756,124154
1587,12391
15,0
336,4239
386,0
162,0
1,40
85552,85767
366,0
1,0
884,2255
11,0
16,36769
9051,9051
27759,62039
292,292
21,0
1885,0
2,0
963,0
101,0
585,0
1,52604
18,0
34509,50199
931,-6713
1,26134
22,0
98,0
3,142206
441,441
286,102961
23652,23655
2304,0
26,0
16901,40549
39,0
470,0
20,0
594,0
162,51060
105,0
2524,0
554,0
48,48
1,0
1,0
291,108277
5281,0
38666,55734
94603,106396
6,0
1,18828
2,-30106
28,0
1,0
1380,0
79666,80798
974,0
41431,74754
67,0
5823,5823
492,0
69,67
150,0
2,0
46,0
695,0
197,190
1,49827
4,52971
4549,0
52,0
366,0
3,0
96389,93243
23161,37969
117,0
38216,0
14260,-1954
647,470
468,0
410,120564
253,74625
3,0
42,0
253,35921
6386,67290
47,0
20,0
7,49324
49,45869
48243,71992
49,0
5,5
2777,-463
21270,0
21,0
2,0
16,16
2970,0
116,0
1,-6333
3215,47969
5225,-16436
12,0
11318,12082
173,173
62212,59268
29,18311
3,0
7,0
1,1
6832,6737
36,0
14255,20610
8,45684
1,0
12,0
2,107553
686,11617
716,0
8,0
6,47318
13408,21569
8398,0
9430,64547
1,0
41,29206
120,120853
3,0
631,3570
32,0
1374,8185
3,0
3,0
316,70334
12763,44869
4835,4776
27073,35300
369,0
1,0
10265,0
1,25442
4,0
1,44821
24,0
4,0
1,29981
35,0
196,0
10926,0
1,0
1,0
2276,0
2,11941
8,0
15025,60022
23979,0
62216,64807
124,0
10501,0
2,23
290,0
6,0
496,0
20983,30548
85,0
1423,0
6,0
25,0
62,52909
23,119694
45,0
547,0
471,90738
6978,0
5,-1446
1,0
12943,0
199,0
1336,0
79625,82261
1,27734
61502,105655
23,0
374,36404
31,-6161
60389,73128
1,46563
39877,40971
2104,2104
53227,52614
7771,4451
123,0
3512,6350
34515,64937
20,82683
14424,0
721,0
3,0
27864,0
279,0
11746,92045
1,0
2,44267
271,87439
2099,0
105,0
3,0
33,0
1,0
9724,102738
1,29470
176,0
9270,0
13189,0
2,0
472,48229
27212,91228
1,0
382,0
141,0
1229,60934
16,14
1203,0
117,0
291,0
36756,74064
15588,0
1363,0
197,0
36,0
120,0
2622,0
713,0
3,0
4,0
84469,137925
19617,19481
8581,32168
17828,0
29319,50379
12489,0
1949,0
26115,59253
21639,74648
28731,68471
25,0
1324,0
26629,0
9563,0
4209,0
53007,160765
543,0
726,0
111,0
22667,50990
406,7670
65,0
1501,0
93283,102679
5710,76971
675,396
199,0
16911,0
2412,-3115
45,118019
40,9305
24658,24658
1934,74770
1946,77288
2,35426
2405,0
2,0
4,0
1303,71420
1129,0
63075,67476
62,0
5560,0
408,0
7,0
16,0
58538,66081
14258,22176
4687,0
67,67
22142,21127
2,0
4,0
12,35087
936,0
733,120501
7,62355
9199,0
2,59725
24,0
35,0
11523,0
6,5853
268,20811
407,69387
101,0
68484,73288
8,68590
2238,0
1,0
16715,21923
73,1162
55710,108618
9822,37672
35937,56307
4,0
1163,0
2,60522
7957,6095
206,85
1153,1155
1397,0
2,0
20,0
205,55412
11,0
3836,0
91,0
1,61269
327,0
184,14030
19,2856
1,0
30,0
18,0
3,20496
6,66113
12,23619
1,0
6540,6476
23,9360
4277,7914
4,0
2679,0
401,0
170,0
4,0
37,0
33,0
143,0
63044,58810
2,75891
1,44036
852,0
2115,73093
2522,100403
3194,0
30091,58810
1,0
21,10
2624,0
421,7006
4,43478
4,5776
534,0
485,103690
31,52038
1043,0
306,193
6565,0
64007,87340
56,0
2,22309
1,67380
5,5
26959,26804
219,55030
76,69
5036,9760
1,11266
2,0
59,524
2,0
815,815
519,432
52,0
17,0
157,0
1418,0
714,0
96,59185
19,0
9,0
2713,17805
1,71085
5411,51915
649,0
93116,147923
3,78012
82725,91881
3,0
349,0
11998,0
503,71498
224,0
632,0
97072,104376
95012,100024
94,0
7847,77425
6,0
24,0
3,2347
1,0
7,0
25,0
152,0
454,0
740,0
6,0
16,0
19500,0
73579,65611
42894,70745
38,0
1884,0
4,0
76,0
48810,85181
94,25065
23,0
235,0
15,0
6088,0
21644,0
485,18201
489,0
309,731
2,876
82118,129992
53,1345
18,0
1,0
18065,0
62,0
2,0
3,0
8,0
221,83397
5569,0
20,0
1,0
71,85
48660,91959
2856,19612
16,-41476
474,0
27971,21653
7,7460
11867,0
101,0
719,0
1,0
1,0
189,0
2743,0
1,0
55,0
3,0
1419,0
5145,0
49234,64779
125,125
901,0
10856,0
92273,92816
11701,75981
2,0
388,0
9,21332
331,0
42857,45008
34283,34273
5,0
3,0
16,0
2,39
31,0
1,40548
759,4807
1,134349
1746,0
23,-12035
17,-1013
458,0
7417,11844
9,0
1,0
54,0
2263,0
1,34918
5792,20466
2,30568
15577,113082
1,0
41,0
645,0
7835,0
3,-6427
3096,0
137,6090
116,30166
40,0
78119,81056
20,0
235,13480
2097,0
22208,0
21402,21586
7,178
823,0
2853,0
26,0
371,20161
1387,0
2,0
1177,0
4,52644
1,0
1,0
5723,0
7053,0
4261,0
17142,115576
4,0
5722,8170
14678,0
1,0
5,0
6491,0
2527,45498
24,88129
7,0
39,0
3,0
493,0
24,13560
30,0
85779,83658
1,0
2,47296
41,0
4,0
5,75907
2,0
51,0
126,49574
442,0
6,4123
36743,36819
3451,0
89,0
3980,0
2,0
54094,0
1940,1857
2734,4556
236,0
11974,0
351,55556
1601,0
953,0
2743,0
2,0
258,0
19,39946
232,99961
66899,73881
67,0
2,0
6828,0
22,22
5,0
1,0
41390,-31786
79,0
910,0
517,812
6233,0
7222,0
26,9251
19,0
19603,-8271
12,0
1,156875
16,0
600,0
2,0
71,64259
161,53250
18040,16640
10258,-2873
251,64367
137,0
68,59980
208,0
1486,0
1,27872
1796,0
7984,0
21875,0
188,0
4,0
2,44739
3,24280
88,0
11,0
3941,0
4,0
385,0
1,0
3,0
3789,3788
1,0
8,0
48,0
4862,0
124,0
1,60526
9,21873
3223,0
58,0
526,29906
41654,66780
9,14871
66564,86885
8744,7744
3448,44972
829,0
112,0
5303,49195
387,-203
28765,29471
78063,99401
33015,0
13590,16195
3,0
4912,21144
2,0
1197,0
1,0
15230,9772
54317,56355
18545,18408
75,0
3410,0
1,41153
152,0
10,0
1,0
4286,0
7,0
1,42368
111,0
1,52040
213,0
35763,38362
9,0
25592,18731
5,0
1009,0
308,0
3,0
3724,1525
7266,-19842
309,1431
10,0
4854,10305
3,0
57,0
10,0
98976,114341
30,0
82,-18
6,0
21160,26830
106,0
2835,0
311,0
257,39036
24585,-3794
32,0
194,0
585,679
2603,11385
444,19404
289,0
146,0
31507,61406
87,0
38000,0
31693,107690
19193,11287
50662,38853
1,0
273,0
3206,0
8,0
1,0
24356,72738
185,99990
31,17152
30,0
17550,-24015
8309,26276
4330,5178
22072,0
916,0
10,0
7,72378
1,73995
7,0
2868,0
56,50872
18,0
17,-1339
1,23353
456,36823
1,0
9,43754
1,0
7078,0
15405,748
3238,0
150,0
30,0
3,0
60,0
69,12805
2231,0
4,0
7,0
1111,1091
1275,0
1,-14611
441,0
1,0
1106,0
7037,0
60106,78281
2011,0
31507,32726
8,62911
2691,58614
43,0
3012,0
6,0
193,38499
1541,0
3811,35581
172,0
4,16372
6,0
15596,0
22730,41260
2620,0
203,0
932,6167
66,0
154,0
840,11088
207,0
7,1839
458,0
1,0
15445,117402
638,638
1,58631
40,34916
4189,0
16,0
80,0
6483,0
1,0
457,0
2,0
495,31117
3,0
42,0
4964,35587
3,0
1504,0
3893,0
1818,0
7,0
93928,90531
1,-5233
7121,23040
5609,5644
30,0
1,0
65,0
9,0
26,0
40,63102
5,29013
2383,0
1753,0
1517,22113
281,-680
3,0
3,0
3,29256
36778,92025
131,89588
1,0
61,0
2,0
19,0
6683,8446
3,45392
36,0
13,11546
1328,3747
32,0
55836,74033
5308,0
408,0
35,0
1,0
12135,125421
8957,55169
23,0
1,0
1933,7218
25160,0
5,58354
142,46397
3326,4031
47,0
80,0
28268,25160
212,0
14862,24187
1051,36654
99268,98955
316,121892
10584,9239
8,0
3,25851
867,0
29730,0
209,0
83926,90003
6,0
3427,74943
3,0
710,183649
80957,79366
72,0
103,30957
3,0
28,0
803,0
2319,0
30,0
12245,12245
2,0
11,24588
522,0
25055,53001
42821,0
72,0
40849,33315
47,0
10,0
16757,41749
84,0
1,0
32,0
99,0
50155,53222
30,0
6,0
122,0
40816,44975
24,16079
27,0
13630,13402
56394,57220
4865,4865
675,0
176,0
26,0
45580,57577
14,96169
570,0
26391,0
4,0
20,0
5,0
90,34900
556,0
1487,80879
14,0
2024,0
231,0
511,0
1006,0
53425,62309
20451,62963
3450,0
562,0
1426,0
72492,76473
205,0
11104,6996
3,0
4,0
5682,100674
1,0
256,0
14,41308
19,0
10738,10175
21,75001
137,0
2,0
89622,66908
2,0
1843,0
63494,59598
13,1475
3556,61600
4,0
1,0
51,0
1985,2172
42979,43009
6047,0
99,0
4722,29264
2667,0
25514,31448
2,0
1,0
1,0
12309,58108
36,0
125,0
124,0
119,0
4022,0
63,0
16,0
1777,54663
4,0
16,0
13847,11251
65167,85963
8,0
83,0
570,17591
295,0
16,-3188
32210,39949
147,0
15804,15804
204,0
65916,68490
2,2
3,0
6,77008
61,0
32,0
15,0
9607,9567
56,0
7,0
7614,61884
17,0
1113,433
4372,11057
404,0
1549,0
9,0
9,0
20744,18335
123,0
221,38745
17544,0
2,0
14334,0
65953,95323
409,0
1,0
5,7800
5,0
880,0
5,0
537,0
4,0
34,22347
54,0
31,0
22,0
11,0
37,0
1,0
1,0
18493,18493
6235,0
1,0
1,-4364
2111,0
746,2287
1896,71188
1,0
19038,22358
1,0
2040,44370
711,0
72,0
92052,92024
2,111704
1,45947
22,0
9,1522
14891,0
27,27
2,84981
1063,0
6413,0
1,0
8,11341
2,2
18,0
45,0
7,0
39,0
80755,110524
23922,24132
10532,0
110,69591
1197,28044
2,0
1,1
7882,-16347
18,0
54878,41508
35,0
3,41886
27,0
469,0
236,0
75562,64284
5913,8901
37,0
14,0
23,0
1,48931
1,0
249,0
4118,0
35501,0
10,0
97222,105168
1,39165
12828,13612
520,0
23,0
24,1015
10753,0
272,0
1,0
8528,0
6749,0
65409,57681
43,0
1,0
1,0
278,0
53932,0
27135,47705
75742,52746
53395,51358
22,78618
8,0
341,40659
11,88857
39,0
49952,110800
2,0
31630,0
39,0
71117,76810
54,30154
1,81260
311,0
69,0
2,0
76324,83967
61442,49419
3371,0
1355,118417
1,0
31,0
9819,0
202,0
2763,0
6,34536
9041,0
85334,91473
11,0
23,0
204,0
1,0
917,0
5437,0
66487,66477
43668,111224
7113,41225
277,0
684,0
8,0
46,69209
8,102707
33996,63387
4,0
2,0
89,0
2639,0
118,0
62824,61694
46135,87465
1,0
452,0
9,0
11,96
50292,108600
978,5441
228,0
3800,0
12330,0
1,0
426,0
58537,79315
16238,0
785,0
19167,14757
33777,38395
5886,0
26,0
468,0
157,7509
23,0
155,0
50,46862
250,0
17,33717
11241,0
90,0
1412,0
62,0
17,0
238,0
43,0
1,0
23,0
17,-59538
45008,72003
13159,44894
46,0
10811,12178
38,0
108,0
1,0
2243,0
408,0
1779,0
78,0
46,43316
24,0
20,0
5,0
1507,0
56,-4467
25251,19609
224,0
1134,59099
489,489
5,37748
3598,-9303
67276,64360
2,0
6,24042
16144,0
35,0
396,82918
395,56513
6,0
43096,33553
389,97530
26,0
42586,31129
1,0
72,0
244,0
7,13759
1,0
12,0
6907,6871
12367,0
14036,-6073
21491,38473
136,0
2,0
39,0
6,8031
1160,0
2,0
170,0
340,66904
2069,18908
3423,0
5019,0
2,7301
68,55526
2416,0
4,0
666,667
3045,0
3,3
1,0
179,0
180,0
11919,40085
92312,88405
48,0
2,53818
12,0
22972,38097
2061,0
153,0
52,0
7084,7079
41,0
25637,0
2,0
1844,77090
2,0
233,40
3,5306
34127,34444
93,4229
3271,0
71,0
18790,0
769,66051
5,0
70189,99569
1,0
10108,51161
1,29975
123,75651
401,0
1219,0
11973,57090
44,0
67,0
1143,42535
2,0
81281,81680
2,47266
56,0
10,0
8257,0
1,0
22,85437
48327,48182
69,71
8,0
22,0
1,0
1,0
2,0
564,58482
9,44736
623,0
5482,0
1,0
63431,49139
67,0
6,0
3,5
11,42961
1,0
1056,0
1,0
13011,0
3,73379
340,0
328,0
2628,28819
1,0
72649,57115
287,0
1,0
345,0
5,0
39622,72821
32,0
474,0
1591,0
6884,37075
4921,0
2737,0
7714,0
90893,80583
43,0
71107,72622
73,0
11,0
802,0
26,53421
1802,0
3349,23792
8093,28799
56263,49959
3,23076
5,0
4,0
1,0
171,39
8316,0
20351,49237
2445,2108
827,0
81225,95270
2,0
560,21964
315,0
2702,0
70,0
13836,0
4459,95755
75,0
4235,0
82,0
61,0
404,0
17,0
1162,58134
1617,0
18298,0
4445,4458
18,88803
40867,177758
56,22857
50,0
12,0
3543,0
2,51040
69,0
1,0
5067,0
18,0
2,0
19137,77653
33825,35275
1,0
2,47006
9497,10199
30741,0
7699,9295
127,8738
2717,0
15514,17044
5793,7338
591,115153
13,0
79093,89246
55,0
516,0
697,2754
27600,51522
378,0
62,538
935,0
1,74103
645,0
5983,0
8,0
907,0
13632,101630
15804,52834
99,0
22,0
63,0
2,0
140,0
27,0
22129,44258
242,0
30,0
122,24929
174,0
3779,18079
21003,60268
81,0
1,38454
114,0
4,0
9484,0
2,0
15,0
36,0
346,0
9860,0
2,0
8,0
28712,0
166,0
10228,44636
29,0
19,-16508
22406,50896
6,8019
1,64680
48718,49855
1,59426
69,20998
138,0
2121,0
2,0
49556,43311
2,0
22903,34467
10,0
3,-19880
89,106695
10002,10327
296,0
6,44799
1,32759
3,0
848,0
87,0
243,0
497,0
247,0
28675,0
224,0
16,12165
20372,21685
488,49275
16345,6119
1,0
5,0
1,0
545,41589
17,0
1676,52076
43112,66886
64,0
1329,-1658
82589,70620
187,111424
2251,0
4,38760
4,0
157,28027
20,48614
1728,0
2522,0
75,0
54,0
14,0
8943,0
5,0
2227,16098
144,63721
2420,7646
255,152031
111,0
2,66524
30883,0
5,55717
10413,0
484,0
2,0
1,0
2783,0
6,0
587,0
3,0
3,68013
687,0
10180,0
48,0
4,0
3,0
3883,3883
32,0
65,90947
1,0
788,0
12954,-11302
626,0
152,0
5,0
637,14393
14,0
88807,101723
41,0
2,107887
688,0
4,0
219,52640
14,0
4302,0
9430,9424
1793,30367
3,0
1,65382
3,46663
5627,94921
2,0
2,0
472,0
13,0
7931,0
142,0
104,0
1,0
490,995
3706,0
42,35326
2,0
70,0
317,837
1,0
786,0
38,0
54,0
267,0
6829,18889
3134,0
14525,15470
155,0
437,0
90716,76686
2,0
400,0
1124,0
41,0
142,43285
835,49843
13,0
14,0
16,0
228,7261
4404,31126
1,0
7,0
63,11430
3,9891
13077,0
65618,81779
8287,0
57,0
9,0
1,76500
2,0
4507,4454
1805,0
7,0
26,0
4836,4821
522,108389
38,0
1,0
13,0
1065,0
1,0
14,76708
2529,0
35392,65379
9245,0
1864,106940
2,0
2,0
2,0
15820,0
2,111635
1,0
30,8093
592,1052
3,0
85015,86016
59,53603
52221,0
4776,14936
1,1361
1,465
27,0
54199,49579
1,0
8877,0
62264,171827
3,-1535
3,0
17264,0
2482,5539
36537,22938
9,72437
10,0
2,0
1,0
48710,0
2511,0
7,0
1,0
20,0
2404,0
13,0
3,0
6,72235
70472,69253
3238,0
33,68236
1138,0
5,0
5689,54248
5,0
73,68831
21,-51
8,0
394,6755
2264,4960
26,0
2523,0
2,0
14848,52345
308,-31746
63424,67705
14,0
74,0
43300,45282
28398,83895
8175,-41219
7,0
482,0
7,72765
19,0
5,0
36920,29789
136,12648
41,0
11725,0
5,65200
5123,5129
1,60160
2,0
1049,0
299,0
66247,63946
2,0
283,0
281,0
41573,66892
1,54033
588,0
30,0
1067,0
99525,80840
2,91982
5,31083
6417,0
3791,3791
89577,207052
3821,0
14,45969
1,39709
39613,41949
3,0
1,0
70327,76684
168,0
1,0
198,96739
15565,15805
18648,15535
3364,0
238,0
501,501
1774,0
1,0
8,81900
1,0
95740,44193
5,0
26044,0
87,42896
68307,57701
6527,93629
1249,0
9,0
614,0
19,7717
1,0
3876,0
2114,26747
1080,0
13090,0
140,0
210,44581
57320,20676
4,0
231,86179
127,0
94199,92426
1014,0
268,0
1,0
1,0
4,17366
17493,17669
12809,0
1,71701
32,0
1,0
67281,93306
6220,0
3960,0
10572,10574
14671,14966
15832,15941
2,0
3,0
204,96099
14908,16361
64,0
5,30566
40295,39350
5110,34321
4,0
10,0
25700,79947
1,0
1,0
3094,0
21020,25152
3437,0
458,0
1,0
469,0
55,0
61,0
25574,0
972,0
7142,20258
69,0
288,0
60627,55746
1,0
5760,0
33989,0
27268,60214
1,36718
954,0
1324,11185
15777,51675
1,89853
1,128
849,0
823,0
115,0
666,0
16,0
36275,83824
38886,45791
68069,2238
7537,77276
89259,107590
1018,0
6,92578
11,28430
8,0
3896,0
13,0
151,0
145,0
8,0
351,0
2853,55421
121,0
22313,0
8,0
33758,0
88711,107438
12,0
36,0
20756,98223
100,35832
101,0
19612,0
18436,0
3028,0
53931,55036
69,0
2,0
8190,0
2,113511
70501,88104
2499,41972
10492,75200
921,0
323,0
33,0
11452,0
294,27085
2502,80854
4,0
5494,0
4,66
5,0
1111,0
183,0
22,0
4,0
3686,0
8,0
1972,0
18,0
1675,0
614,0
2,0
42,41269
495,0
5192,19351
32,0
363,26800
14,0
32,0
3,0
1845,0
37,0
11,0
14030,59169
27197,0
13104,0
39,1765
24368,24413
2,1481
169,0
486,15650
5,0
2,0
16,0
11,0
10,0
57,54862
76,0
7665,0
1882,0
28758,0
2,45903
12576,0
24,0
2,0
3199,0
12,70205
65206,121707
644,0
203,0
81082,90753
99,-12837
12465,0
992,50695
192,0
13837,0
55,0
1301,1411
82,0
30,15207
53,0
33,0
669,0
10366,0
2,0
68,0
86812,82094
1,0
25,0
294,0
55985,16437
3,16433
185,0
1675,0
11,40458
444,0
294,0
47859,88472
3446,0
5,0
602,0
60,0
21,0
817,130454
209,0
3,85102
41,0
214,0
8248,0
80,0
17988,80030
4357,4357
92712,84036
143,-637
20,0
495,49810
349,0
1,0
7,0
3369,0
3685,-3764
5,0
1463,0
1,1
362,0
17008,54260
53801,101227
4,0
52,7961
43259,43230
26,0
115,0
37758,39911
10,0
5007,4102
89636,95898
1,0
81874,87764
28,0
70328,98000
1,0
228,42162
18,0
31186,31186
1634,0
7,0
3,34500
1,-1072
47,0
2183,0
1,0
242,0
3915,67832
1,0
130,0
74,0
4069,11371
10,0
1,0
1227,-19447
5,62329
5,0
2,0
19067,20745
2,0
88,276
11539,8277
5389,0
2851,8705
22,-2062
323,2779
426,0
2443,0
10,-5246
2024,0
9,16006
25196,74254
4690,4706
75,0
28,-37285
3308,-18095
41610,43771
8800,0
2360,87183
33956,62383
10903,0
2942,0
36912,16854
7458,0
38,0
12,0
8879,45245
36259,149205
2272,0
7727,0
17060,15645
55,0
95,58231
10267,51087
10,30417
63,-8469
54,0
25,0
1,0
4,43865
168,0
9920,72981
225,-2246
28,0
8,0
293,0
86753,92136
12897,23179
4502,0
37104,0
12,7078
62,0
99,99
56153,73273
16,25869
2981,0
31262,52076
72251,76988
42,0
1,52740
3635,0
1174,0
1,70035
126,123856
11865,0
16509,-13550
148,0
45681,47433
4,0
45042,90275
35,45280
917,0
4096,0
349,0
113,39275
1,0
7,-2224
730,0
523,0
12990,6769
14,40720
68848,80317
5,0
6123,0
353,0
154,0
55700,112046
170,0
369,69509
351,0
200,0
74,132
60574,62863
1,0
105,0
14304,9772
9224,63243
1,0
239,948
49,0
1,11029
1,0
1794,64351
9996,29926
601,601
1339,0
1520,143828
28284,81226
278,0
14,28753
228,0
24,0
78,0
324,0
7036,7036
5279,54186
146,26368
10,0
35761,68694
43,0
29640,76000
87488,119387
70,0
1150,0
126,48795
46751,107600
1515,0
3407,41274
2,0
793,0
7,0
4,0
2,22976
6,0
6580,0
8,5789
22,0
45,0
6,8913
26385,56877
10125,10415
1,1
61087,105928
15,0
1,0
5,0
95524,95326
105,0
10,30860
1980,63841
55,0
525,0
3,3701
3,0
164,0
1,0
1532,0
1,0
44,0
1285,0
88395,76211
44605,68815
8472,159004
35013,123039
1,0
31,0
8,0
7,0
4919,74814
526,0
138,987
2,0
1,0
1,54465
428,0
15051,0
1,0
3,0
748,505
15,52365
48942,104770
8,0
199,0
95,8143
8,0
1274,66816
1,0
55297,113831
3691,3624
2916,0
490,0
14,0
1,0
445,10101
29849,30963
22700,19292
13,97387
1,0
7,0
2773,0
59385,84155
7439,7440
2136,0
1824,0
8,9285
17,0
305,0
2,0
725,0
1088,0
1,813
320,0
117,68257
2,46500
2626,1880
6133,21801
126,-286
50,0
2431,78521
94,0
21,0
14,0
195,0
1,37478
1,15105
6,3770
2,44136
218,0
3,0
1884,53536
647,0
82087,19229
39339,29622
26960,73877
26,0
4,0
379,0
10933,14742
7,0
47336,64204
2,0
39948,52045
43,125869
2,0
1851,1851
1,18545
11784,41340
34901,0
16944,0
3,0
101,0
25984,45180
40,0
7288,7506
73,0
2343,49200
21,0
1266,50855
1699,48577
1,8856
5,0
1,18238
81013,92693
38505,108749
1,0
1,59236
813,50728
435,0
6408,0
399,67460
9,0
1149,1150
4,0
5135,6214
22,0
53,0
33240,25097
58,0
51,0
70090,63172
47,49872
5,0
1284,0
93300,100212
10,0
2492,73116
1144,1238
3,0
206,0
1092,0
17277,0
29911,113198
4,0
5,0
4919,0
2,0
49310,91399
111,0
1,0
964,62759
106,63675
15,0
3,0
24,0
30059,136898
8830,76464
3404,0
785,0
183,22868
1,0
7050,0
37135,51407
14,0
2424,0
1709,95104
1,19301
61,0
86831,97796
2074,0
38,40272
94,69807
151,40402
1,0
3,0
2310,0
30,24748
179,107908
94071,96573
1,0
8,48517
108,0
168,0
29,0
5307,0
372,0
2,-14749
1,0
30,0
2,76743
118,15663
73200,91514
1,0
1660,0
149,0
15489,0
46526,177292
1209,0
149,0
267,267
4632,0
2738,182286
56789,75519
5360,13272
2994,3027
6,0
70162,60634
7,0
92810,81869
1031,0
555,92404
28,0
3619,3670
752,31571
14,0
722,0
24,0
731,80736
262,46802
4,0
548,39322
63837,18291
1,0
27975,94884
10,0
52,0
65,0
9075,9064
795,19113
21,0
4966,0
2515,0
1,24592
198,51239
13,0
274,3390
189,96552
3132,0
953,0
519,84140
531,56027
24261,86950
1,0
2932,0
314,0
2,0
11,0
109,0
68,0
20621,20619
369,19366
36,0
3,0
23,4179
48658,62072
7256,0
1352,0
1,0
305,0
32,0
8880,6179
4,0
908,0
2450,2457
20770,31923
22083,0
23,0
10,0
33,0
4978,13140
2,0
753,0
76740,77813
50476,45126
689,24421
2258,0
35612,35612
39,30124
50,0
2,0
3,0
59477,85931
75,0
3856,48648
5767,10517
78,0
545,100276
2937,0
407,0
174,34188
20286,26377
93,0
6,0
16,0
5841,-20101
69,0
15,0
41,44591
14118,23586
1421,0
10292,0
1,20881
2,0
1372,19883
5411,0
48993,58121
47,1098
5,0
3322,0
12,48158
20374,31263
20,137780
2277,0
74,0
7,7
14931,0
5818,0
23538,28331
42476,44010
149,26313
23,23
790,0
2519,52325
19133,0
24539,0
2292,0
73,0
2618,0
5,0
6,0
84,0
487,0
275,78290
3522,2157
23,105936
2,0
18246,34900
5438,0
71265,80456
11771,0
1,0
60,0
88392,87811
19,0
856,0
582,50786
4099,-5975
7810,57474
1,0
39122,39120
1179,0
64,0
97,0
53,4255
35,37914
7,0
25,0
10,0
5591,31690
1,35173
375,0
1779,37467
1,0
331,0
14317,0
24,0
7127,0
64664,59386
2,0
2,0
81828,42484
1,69859
33029,73748
2,0
89,34480
38212,0
893,33123
75,107200
13,33974
24,79191
55926,47953
939,907
1135,0
12,0
478,0
1,0
3,0
3,0
56,0
2,0
9357,0
1071,0
97264,100029
30192,30058
18,0
53,0
56,25383
150,110002
132,0
20,0
8165,0
6339,5602
2386,2075
74678,78245
47810,47690
1102,71827
193,0
27,4896
59475,61198
92,54858
819,0
32974,24425
76219,64386
133,0
2,0
39952,57630
1,0
4791,0
69191,78642
10805,0
5,349
1376,48834
644,1484
1,0
19,11765
43,0
1,0
1,0
11499,0
1,0
381,11974
3,37093
56708,54111
61381,58349
290,60823
5,47159
39352,69044
1519,1519
26,0
43367,54650
385,0
10538,153402
5,0
61477,75700
211,75046
28378,28378
1405,0
412,0
7154,7023
44,0
34,0
1175,-4472
217,0
1222,1518
2,-1753
3,0
6,0
2246,62555
2262,0
626,10746
1002,0
176,0
233,30894
35275,47315
24068,24399
138,0
58147,78040
1,0
45714,43834
47837,45995
1,-1366
58,0
104,45750
1,0
16,0
44,10188
158,0
1047,0
282,324
65,73973
3053,0
150,0
9,3044
146,79656
2806,93872
32451,18607
1542,1086
26,0
14026,0
49,0
89593,91378
10,38747
67172,65040
4145,4145
24,43410
1,0
25,0
14,0
1,48715
1,0
48805,0
1132,0
901,0
14954,0
43,78259
58229,81516
6,0
136,0
44,0
5543,5622
2107,2103
528,0
4,4465
19,0
20497,20761
4,39320
12,0
1,487
7,0
74169,74930
8922,0
1253,36397
5,0
525,41300
53394,53394
5795,24992
86,0
2502,114754
3687,130061
7,70625
1,0
6,-12225
410,0
184,0
134,0
1,15441
16639,60795
57,0
2,27324
4819,0
2865,0
6,0
59822,90417
1,0
2319,0
95,47120
1,11840
1940,0
20224,226860
4,0
10627,10646
16,6
1,104066
2,0
10,0
22,67802
128,0
1,0
28008,0
750,0
379,0
254,0
3686,0
3,0
3173,70513
185,0
1,0
2426,0
14525,0
7598,7595
23,0
20098,0
47243,3369
146,0
15,0
786,0
2094,0
2,0
22638,0
315,0
2630,0
4446,51171
12371,26484
570,0
68,117
6152,7022
3,6675
119,0
11,0
3,0
1185,15267
9696,0
205,12946
252,0
7,0
6,0
173,0
9896,9896
45,0
7,0
74,0
51,0
13355,0
1,0
16111,0
52874,53053
34,0
753,50074
13302,92831
1228,98989
1045,0
37,0
4,0
50,0
28505,99296
8524,0
2055,2055
4,0
5004,0
51583,0
32,0
608,0
127,74817
2374,0
4,0
233,79937
55,0
105,22731
12,0
1,0
3,0
21159,0
4388,32402
1803,0
2,0
29,26629
33294,0
4648,0
3536,0
128,0
102,0
433,0
895,59743
871,0
329,3750
18,0
1279,0
2,0
886,94522
84,0
308,56817
27,32182
1,0
87,0
22155,22519
12170,12291
40026,40192
3,0
41517,57217
39,0
539,384
32113,0
37,0
5791,75165
270,0
4938,20708
833,0
236,0
12,0
553,37781
25603,0
44215,62691
103,0
22,0
283,0
7340,82356
67911,85749
14632,84375
4,0
19765,0
18190,15184
13,0
11864,0
13759,34322
419,-14035
9564,0
10700,18827
28,0
8140,0
20,15193
72,0
5919,0
11194,11211
51,0
23785,0
319,0
7,0
15452,15417
2,0
6657,0
2187,49757
3,-2549
19617,0
1,0
327,46609
696,0
25996,26014
5069,19544
30679,0
2,64359
17920,47795
2,0
77893,79739
1,41745
214,71328
23,0
1,0
267,40263
8,42034
2823,0
46151,46189
16,40132
2899,0
59804,51503
4,79581
2,0
2,0
1,0
92,0
88749,123141
621,0
2,0
4537,0
61,0
5,0
3357,0
68,0
7403,44768
24,24
60147,63955
36792,72387
1,0
93,115135
2697,18847
110,0
26,0
7599,0
5329,0
23886,0
592,0
118,2358
2489,0
1118,10648
64,0
14425,0
75,0
105,6706
32802,0
20978,0
76,0
176,82056
12917,0
31,0
34568,34580
273,41680
4077,93123
34,0
718,0
23246,49666
6368,0
32993,29612
21,73641
6,0
13,-14853
7672,9547
21861,67161
17804,89813
1,29850
306,0
16216,0
32,0
42,0
5,0
15562,0
423,0
24951,26609
221,9451
40,17923
422,0
6804,32432
18,0
209,0
35291,48109
31238,47123
192,11077
2,0
3836,3465
268,0
6,0
2687,1832
78140,81156
6,0
22926,24039
2,78381
1794,26320
3,0
221,0
49,0
836,0
65987,75745
419,86841
98,0
60,25
1,0
1,0
2,0
1533,78845
199,0
46,0
1094,0
10,0
85224,88903
1,0
2,15223
199,0
89,120501
58,39391
20,0
6738,31382
2694,3238
3,0
37,0
10876,0
11405,0
20752,35071
3,0
182,0
1,72122
5,47638
74,0
64,0
3,0
4750,36521
640,0
9,79792
18393,103132
2,0
27279,0
13206,0
45,0
104,0
11,0
3,0
508,0
145,55526
91689,117967
3,5153
6711,0
1058,0
11,114424
5538,0
6,0
722,0
31040,31039
11577,62996
6,0
898,0
527,-165
3,0
43967,44711
1311,0
683,0
23,94169
62206,0
10,0
2,0
10,0
149,0
21027,57115
1083,0
26,0
213,0
154,0
84,0
14,15939
29509,87238
6,0
12,0
44,138182
22633,70401
86465,88930
2705,117
119,0
42974,0
1332,1332
6,0
353,39489
15304,-73371
5527,36285
1,0
12,0
370,0
4376,0
30037,28342
3449,0
15283,15308
47382,95711
5,0
29,7598
36,71834
5111,0
2341,0
31915,0
97709,127302
44275,64452
15,0
3975,0
5,0
1202,1200
39234,0
98338,103923
42,46324
7,0
15,0
50850,0
48459,49650
3,0
53,0
26,0
1,68162
647,0
66,40510
2700,4190
14510,16325
53,0
6925,0
4873,0
511,0
2427,0
95,95
62279,60965
1,0
40819,71081
1,0
2,0
21,0
8475,0
122,0
97061,97639
51,0
147,0
41,0
7,0
14086,0
1,0
27463,0
31,0
159,0
59069,64245
7117,70692
2670,0
499,0
20078,-1528
18,61148
5528,0
44,0
86692,76462
1,0
1038,0
4,0
299,0
4,0
199,0
7,0
62998,66916
80889,76460
103,0
5,0
3,14394
1377,0
3,31610
2634,0
55,75161
51154,53746
632,0
9,54246
5,0
19169,24061
9847,-29337
192,177
126,0
17,0
866,0
34103,96227
3553,151607
70,0
3,0
1287,127526
12,0
5703,41823
24,0
3853,60639
11753,11755
15182,72980
17134,29851
19,36796
20528,74629
1,0
22360,0
1,0
150,0
3,0
26,0
24,81329
1245,0
1,1119
5,0
39250,36413
2817,76756
350,0
5,50027
3,0
13,0
3,0
2850,2850
10,973
504,0
585,0
200,0
505,144794
13359,0
7975,-11255
43697,35923
61,0
32,0
83,10188
22409,0
361,0
2,0
19,19
43,0
5,28801
85730,108052
5405,26540
1,0
22,0
67417,78450
20,0
15,0
3505,9897
8,0
9,0
45683,20232
3571,0
676,0
5,0
173,0
2178,-16428
3,5377
986,15288
3751,0
20,0
282,16593
25,0
8,0
1884,0
7,0
41721,40511
74555,113012
8,0
3,0
1414,29119
13146,56418
84,0
5,0
92040,89301
3,0
232,77459
2,97930
72,0
14,0
14,84442
21,0
5712,0
37,0
866,1135
17458,17387
7,0
9054,0
3,0
48290,58405
6,0
68,0
170,0
501,0
1,-21980
1826,77040
1937,10834
396,0
38,0
2,79836
1,0
27,0
1,0
775,0
544,0
66,90709
305,126359
441,0
735,0
1,0
74361,78043
517,79790
4162,0
38,0
150,48603
92285,130095
4933,4600
67364,86220
884,17439
10792,38578
1,0
3,65743
12205,48083
17,0
43959,49724
12,0
43,0
16824,0
2,113670
28,0
153,0
58532,106133
6202,22763
23,0
9,0
51829,51507
12,0
4,0
6782,3873
7,-4771
32,65470
1559,0
7,0
2,0
64940,65455
1118,24712
1630,0
2,88566
2,0
1,0
37007,0
2876,0
44829,59052
354,15291
2,0
35067,51864
222,85875
5928,0
1763,0
26,0
1,0
1810,0
119,0
15,7272
656,0
1,31812
8329,5981
100,0
2,0
290,0
4451,0
669,669
6,-1146
67,107566
188,41848
38,0
37397,106081
3568,10778
27,0
22,0
718,-9046
10,0
5045,0
1,0
76,0
5317,19272
1,50988
10,0
8,0
26,0
131,0
196,0
235,0
146,0
5,0
1778,0
7,71671
47470,38987
293,0
51116,49516
13428,0
9,0
1,0
646,0
30,0
31,0
290,8224
374,0
1,0
4275,0
93769,97759
6215,0
124,123
45,0
3637,40751
8722,8933
35877,0
77,0
19054,60273
12334,72082
97303,125898
475,0
7,0
9390,0
1,0
13,0
2,88165
3823,0
8,33756
10586,0
3,0
78782,109163
7,0
52,0
164,29559
44,44
9,0
4,0
2913,0
1,0
10,0
196,66154
5,0
189,27541
27,0
2112,0
1,0
3,31107
4011,0
56,143
4956,0
9562,8902
1,7176
2374,0
52533,51378
16,0
1,0
6,0
293,0
1,0
11,12869
7573,7573
27,0
10,51462
823,0
1,0
510,0
1,95152
27291,30521
47,90477
522,0
4596,0
2633,2749
7735,0
672,21380
279,0
51,0
3668,52922
194,0
59,0
8,0
54415,62429
95305,77689
13935,14600
1,0
30,65732
31623,47856
288,0
100,0
6,49570
33,0
1,0
1497,0
1237,7371
12693,0
136,-1019
4,0
52626,52563
22960,0
23,70686
2,51640
66376,63555
11,16628
48,0
10688,36257
1,0
2,0
18,0
2,45367
106,0
31220,64361
20,9184
3214,0
3,0
16401,0
20,76053
7946,0
194,0
5,44554
15,0
2,0
1,5186
1340,0
2637,0
1,0
346,0
2,39047
1,0
60937,61207
3,0
38,0
97,0
15976,33298
5,52572
14,-391
12,0
2836,76938
1105,0
1,0
1,0
8,50
982,0
82,0
94161,80941
19,0
1,0
26,0
300,0
7541,-308
356,58805
1714,1713
2097,0
6335,0
851,1480
6,0
1,0
28,0
409,0
35,88247
17,16
35116,57122
1,5935
30,0
71671,78649
2,90514
181,28908
127,0
380,0
19761,0
758,0
706,0
4,0
149,0
2,0
1,7346
215,50235
1219,0
1423,6256
80,0
85665,82743
7,0
575,0
16,0
96,0
162,0
1835,0
1525,0
11,1839
78113,65343
6,48574
43685,86816
4,0
18,0
4217,15889
3,35223
5,0
19,32528
114,0
34245,34332
10262,10262
725,76855
6938,7308
1518,0
6,0
50399,60962
238,9298
8,0
1510,0
471,0
2825,0
108,46597
1954,41674
3,0
40,0
1,0
34,5724
6042,0
30870,57056
249,0
84,77941
11890,0
7,41213
486,0
1831,0
1735,52884
102,0
22472,22481
3529,0
74357,79738
20582,14045
6,0
6,0
4156,0
775,0
66,0
106,106
37859,59877
2,0
191,0
67820,75480
130,0
1,-18
2238,0
16,0
5624,8048
13,0
1,-9435
44570,52692
1788,0
9232,-3667
81,0
60,0
45680,44917
229,0
86308,107488
60,0
8,35704
82908,83386
322,105107
278,-960
1060,0
224,13270
2031,0
2290,0
244,0
10,0
47003,38133
372,18933
60735,73732
1248,1242
91,91
2129,0
91,0
367,0
64614,92568
11773,15912
302,0
18,0
32561,0
78,39093
75,0
50419,106702
1,0
5,154428
142,0
10811,-11731
13,0
10,0
898,0
1,0
7,0
45665,-3168
495,0
68584,65040
36,0
58099,62369
28,0
97731,82840
6368,13394
314,0
27,63334
204,0
73385,80093
1,128746
57,0
3827,0
66226,82713
70,0
354,0
4,0
19970,19786
45520,45923
1,0
2,0
2,0
2103,87407
114,58663
252,0
9,56186
2255,0
76326,88245
2584,0
41445,68254
55137,90724
94,0
198,44989
2,0
132,55474
6,-18102
1,0
237,0
309,0
276,75767
58,43614
2,32055
36946,38842
68705,86694
1,0
7906,7461
3706,0
16325,0
18856,0
2888,42871
122,122
3,0
16,0
17934,0
119,119
18570,18464
1707,8198
287,0
11070,0
6053,8190
2,0
411,0
1034,0
492,0
1,0
854,0
28826,24399
890,0
281,0
7,0
318,0
1738,5797
36,76489
93,0
2456,0
1,72561
6,0
3061,0
82,0
3190,0
245,0
13813,0
2,0
89489,31025
190,0
9996,0
3,0
1106,0
2024,0
713,0
336,0
217,0
2139,0
5100,59060
98,9143
14148,0
158,0
42,23043
51621,51017
91,0
27427,51481
2,0
33,0
1550,0
5,0
7046,0
8528,40593
17666,0
4,0
84,0
1858,0
55771,61375
2,0
2,51281
14,0
11,0
102,1222
1155,0
1,0
7,0
148,0
15,30982
43961,76167
39339,46966
2032,0
1,21
81273,69138
712,0
94594,123327
17358,88700
508,53732
13307,0
5930,57333
91038,128049
11630,0
59,0
237,56807
147,44055
9855,28812
2696,70587
1,0
18,0
152,0
14,0
38407,35472
603,603
62,0
616,0
206,0
5,0
78,0
13663,73663
16,7793
3877,9788
61054,64489
1053,0
5,0
83,0
76254,100848
3,0
8670,7563
7,0
18676,0
24,0
16460,0
13960,0
5,93209
2,0
17,0
23671,70459
4834,0
69306,48461
11721,0
54,0
6,0
5,0
9654,19834
1816,0
1,45122
2,0
1317,20358
74,0
2,0
11102,18490
125,0
3718,0
459,0
1,0
1,0
6,0
6,0
2,51400
192,0
1588,0
31099,0
9788,0
98,0
4,0
83,0
2,0
64,0
16,0
21,0
871,0
99,0
113,0
1,0
30221,48082
341,0
7539,0
10905,0
293,0
81,73684
22624,17849
265,0
66,29919
2,0
1,18733
18941,306
2,0
17,0
3,0
1,0
1,18043
2145,2145
1690,0
202,932
4,65293
173,0
65,0
4637,24053
1505,0
12,3208
37229,37324
2952,0
45,0
2,9904
223,0
63,26378
1,4032
3189,0
1517,49905
252,0
11,0
57,679
2114,43402
1982,0
850,0
3,0
266,0
2824,0
58,94246
19,35637
19,0
9038,0
10,186
6,17
8,0
40577,23476
5856,0
55735,107957
15790,0
98,0
3,0
1,0
4,6478
13,0
218,65339
4,0
3,0
18,0
873,0
1500,32822
17125,16807
78,0
1126,0
1372,0
12982,0
2667,0
1,0
85283,82827
23797,0
1,37846
65279,81798
2307,0
45,7270
44,0
66229,85507
2,0
159,0
4,11663
26316,65048
549,582
1076,25407
1,0
20197,24219
9,0
48,0
7,70086
8,0
89,0
5,87111
111,0
1,0
8,0
2,0
3887,0
111,0
23922,28333
4,14238
760,0
49,0
287,0
39990,63761
6867,0
1,0
12837,0
150,0
127,2534
2043,0
9155,0
20,0
53,0
2707,0
81412,81512
70,0
1,11708
1,0
8630,0
386,57275
73,0
16,0
1067,0
191,0
639,0
9370,0
120,0
1,86549
4509,0
713,0
1149,0
40021,62402
2,0
51333,90692
20911,62840
8223,0
52,0
1373,28605
15664,15469
84729,86497
1,0
5805,54209
37679,39004
334,0
86,0
2,0
9669,9392
4097,10725
1,64967
11660,0
1,58
2788,0
1287,0
35,0
6201,71855
27,0
4580,0
1,0
35,0
73285,71515
1092,58275
10749,0
3325,8467
17876,0
1,0
22876,19549
7,42565
103,-11924
12948,13435
6,0
1,0
65,38218
5,0
10185,0
245,0
1251,0
43,0
2,0
1,84726
144,0
96908,83310
2940,0
94402,94407
38672,43500
350,0
41221,66502
17,0
4467,26469
5,0
441,0
1,0
34,0
22,0
21374,0
44,0
8,1281
1,0
1,0
188,0
375,72456
34253,33825
53,0
31642,35291
12779,98619
8618,0
1758,0
313,0
12634,0
14186,96901
3,0
62543,55985
1435,0
67576,80301
24355,27496
75623,62736
37133,44111
11386,11820
8598,26257
29,249
2,86950
735,0
163,0
12,0
16,4834
3,0
2217,0
2,0
23,0
131,36241
17,15
717,0
20,-13933
953,0
333,57910
421,0
1032,0
9292,10725
4,0
3,0
19933,0
74,41384
138,138
31487,30322
1,0
705,0
70,0
51,42115
90,0
28265,34558
117,0
72,0
11,0
4132,72828
44,0
50956,51104
118,0
2,49804
1078,47211
2318,0
2,21396
594,-235
8,0
54,0
475,76781
388,80670
1739,0
1,0
114,0
32,0
41,0
2,0
1541,2201
1916,31881
144,51407
3278,0
3,50693
516,23774
7,91175
2337,0
4406,0
25,-11487
1844,0
83,0
1,0
23218,41322
35,8717
489,64062
12,0
654,621
2,0
243,109890
5,0
179,3558
1,21200
19,0
6,0
1,0
37,0
242,0
40551,37105
47,0
44552,0
2,0
386,0
29,0
4683,0
595,0
16,76007
1330,0
9577,0
22896,20696
31963,0
46135,27741
52600,101692
8896,11725
32213,28567
9095,54513
48,0
2047,0
6,0
2,0
6892,0
17402,33893
9,0
16898,0
46366,71503
5,20498
1660,47070
4,0
334,40136
1,0
8,0
3081,453
5762,16135
53,0
55,85915
664,0
21445,0
2138,0
3,4
5933,0
17,0
922,158185
6830,6698
9,-519
762,138791
10,74274
340,0
7,129257
58,0
61,84515
2971,32567
1817,-4669
22,0
11391,47969
677,0
1,0
17088,50871
2283,0
63,0
544,0
35835,82317
2,0
2,0
4603,0
1649,0
6,0
4,0
557,0
91,0
27,0
42411,49765
2260,20627
413,0
104,0
11766,49214
4,0
1,0
1,0
12,0
2482,0
1421,22252
128,0
7319,5667
3,71423
39,0
429,251
79,0
50585,50584
7835,0
22,0
3887,72461
5,0
19,0
512,0
16556,0
4,0
231,0
1,0
530,0
73,0
1,0
61096,62563
8033,0
1,0
143,0
1,41389
2,57049
21122,68846
96816,108996
91,0
1,44097
16361,-4492
103,0
2552,0
38249,37389
157,0
29,-6471
72417,117686
66,0
2,0
7401,8624
9,9126
7107,7378
2,0
700,0
4514,4516
67,0
80648,84526
629,0
1467,0
1813,92374
1,0
111,0
16963,0
1064,0
2327,12116
1593,0
3407,0
2162,0
30,0
98,25479
373,0
52249,88042
49,0
21,0
23760,54876
5126,0
743,0
1339,74838
59,0
15565,19488
319,0
1268,0
138,0
992,43305
14743,0
5,0
1906,56400
172,0
3167,0
1102,65632
3,0
19,0
37,0
4995,6133
58522,58769
83,68243
607,0
1,23194
9,0
9866,23629
849,886
19,0
1,0
2212,53578
11,0
17,0
82,0
11051,0
2948,13466
88062,97394
9013,0
34,32
6,0
9424,11098
3,102473
76,0
80354,97001
10,0
7214,0
271,0
83601,81747
11,73727
68274,67003
2714,0
18,0
11,0
792,0
972,0
37,37
161,0
5,0
310,0
81,9418
599,473
10,0
10,43313
577,0
6229,0
50,0
487,0
5875,0
17246,47828
5842,10908
3596,0
12230,12230
9056,8878
2,-8
393,0
880,74164
432,0
103,62978
35,50125
19,36659
3411,0
11801,17831
43,0
28,0
45,0
70,0
1,0
2149,0
8450,7320
170,143
10,0
10421,0
16,12274
41546,53782
996,0
514,0
33413,73205
13180,0
7,12184
19214,0
8,0
4607,0
3,0
190,0
11,0
22196,52948
197,0
3,830
1,0
1,0
8469,5976
1,6747
13372,97050
9,0
2387,-39039
5079,0
23971,24643
34628,59382
7,37610
50,28973
50,0
22651,31756
69527,55755
57,0
319,0
34507,51959
420,0
21798,0
178,0
76483,79371
2634,2626
3278,0
8,31999
185,0
1,0
74035,72930
2435,0
22579,58586
1,0
205,0
35219,89351
16097,16841
1067,12191
7647,57965
2003,0
7,0
77933,101269
1,0
10,0
19605,14249
2145,0
96492,110770
1038,1038
14393,72291
217,90442
37,0
6626,0
4767,0
59653,62539
31,4620
30,47122
905,-2168
1968,0
1,70524
24,37640
1,0
10930,63411
41,0
4,0
3225,1114
1,0
1,65313
13401,43550
3483,22884
143,0
309,0
12,0
5,0
2851,0
27,0
44278,46417
239,54272
1253,0
909,0
20,0
2729,0
2,49288
56,0
85040,114307
3430,0
6,0
51075,103766
37850,102422
4696,0
4,0
22,0
5,0
406,0
182,0
775,11031
60,60
1076,0
23776,39152
303,0
9398,49552
2020,0
4,0
29796,0
57,0
70363,40436
2,57986
729,0
1,0
1236,0
70,0
12403,0
72280,74599
1,0
7381,27040
863,20196
81791,86772
110,0
48,0
121,0
289,0
2,108
2,0
2,36321
505,45388
4,0
38,33778
2938,0
2800,-21507
2,0
44820,62601
23,12196
1006,0
2,0
9676,9518
991,-495
379,0
6,0
98314,59026
1,0
1112,0
861,0
30552,97346
17,50070
38,36
31,0
30,59922
2,0
5495,2045
21120,27923
948,0
54766,29593
13,0
110,0
1,0
2301,0
720,0
1,107162
33,0
9,0
1047,92463
59,0
26024,0
45448,0
2759,0
2,0
7,63809
17485,48967
13,13
4,110918
1,0
7716,82238
112,0
40,0
10873,8440
33525,0
8,55228
9162,0
4239,0
9,0
12155,0
10,0
53470,58906
13260,9948
218,66973
81839,78297
1,104006
5,0
2,15308
2,0
1,51868
150,0
17959,12374
6385,0
65,0
11,78367
3308,0
67224,77997
623,0
13,0
3,0
173,0
16907,0
738,50965
9276,0
12283,0
274,6094
31954,44452
1015,0
2,51
172,0
7862,0
33,0
2,0
71,0
59,-2294
110,53
1,0
117,0
3371,0
1,0
1,0
4441,0
3,48485
3,0
851,91781
42963,42640
1758,1905
61049,57225
576,66809
6,0
11,0
8,4327
190,0
2,0
39,-1055
59,40542
41,0
1,0
1774,0
168,168
3,0
504,0
1,22866
1372,4931
10,0
3,0
4916,9422
50,0
1,0
9615,18964
1685,0
322,11265
18486,0
8,0
2,0
3891,0
3180,0
136,0
6,17573
28591,42457
15579,0
52342,63749
1,26338
30902,39780
9,0
535,0
17570,0
1,9603
1,0
99875,155557
1,0
1,0
6600,63606
11,0
28903,64759
151,0
3533,0
218,0
30944,0
189,36229
5,77128
20,0
55529,87170
5991,0
338,0
3464,0
45,0
14,0
1,0
1015,159406
1856,0
29876,20182
13113,76762
6205,0
1077,0
6,0
286,0
2,5903
89,76329
1838,0
14,0
4820,0
28,0
1,0
3551,0
1228,1228
4884,0
920,0
26,0
1242,0
1,0
8,169351
440,0
3233,0
3272,0
447,42489
94262,105129
17,0
51,40584
250,0
7,0
699,127658
95012,103078
100,-27242
30,0
5,0
6,0
1,50631
1048,0
2645,0
52715,51066
868,0
1,0
9,0
7,0
102,0
69995,72834
50444,51461
1,32258
27505,0
70933,93406
4854,0
53869,83609
49,122821
921,1079
127,41748
38,0
2,40737
1,-218
1,0
7,0
10,9781
4445,48859
35648,35665
153,-38263
2054,0
5073,5195
28085,30976
2046,0
392,76777
117,0
4592,142980
87807,87692
990,14576
2357,14287
71,219
3,0
26,0
245,0
18,0
638,8111
1,25854
10,56033
187,0
352,0
138,124264
1298,0
1100,-869
10813,51021
23791,18100
13356,98152
1,0
56080,109633
435,0
228,0
3045,3276
19539,0
4,0
6160,6416
360,256
2007,3093
1,0
14,35623
242,0
132,0
9,0
5529,19680
31,0
2059,20907
7,0
21,0
1,0
929,929
5902,0
212,29474
3,0
99303,111892
13,0
57,0
1,0
1,94173
3,3
1,41443
8598,84443
2933,33780
45,48521
8188,0
113,18538
2,0
77406,83487
364,110173
87230,126468
424,0
68078,104745
899,0
256,0
7577,0
4048,36356
1,0
23,10303
2505,9780
24,56852
53412,48534
836,0
629,0
9164,32125
156,597
5,4189
1,0
37,0
3066,0
821,16295
6772,0
5557,0
228,0
435,321
95962,145964
161,0
8245,58707
2,0
106,10534
27,0
7,7
2659,0
1994,0
24,0
193,2051
1364,0
4,0
82887,80497
46,0
14,147166
9,0
1,0
25,0
3725,0
5,0
175,0
8,0
32008,65367
29102,0
862,0
55,132257
6619,0
14,0
44375,30905
7,0
7638,0
168,0
1,0
267,0
26,0
49096,54570
48905,69868
21519,0
51,-3848
2,30
11,0
41916,109956
15,0
27,0
11442,0
1,112473
1,10297
80056,78121
125,52712
49,10407
2716,0
126,0
6111,-47036
50,0
309,309
12,0
25758,26182
6,57805
12294,0
49388,49390
106,0
105,0
4493,0
2,0
2524,42739
5,0
2,83774
174,0
1,0
28,0
19,0
6,0
48354,30851
1100,0
43008,39419
416,0
52924,92690
673,84230
1,83376
595,0
22,0
8269,41620
11340,7297
509,0
266,0
34,60981
2748,0
2304,32053
86403,79735
1,0
1,0
4907,22646
1,0
104,18709
1788,63100
10704,13170
5,39439
4,0
1057,106758
1408,0
45592,83222
795,52912
46015,0
2,0
1,0
234,0
260,0
3,0
117,44551
74162,85158
22,106797
21,0
2,0
12,12
1237,0
1287,0
929,0
5,0
710,72017
41,0
166,0
77,0
202,21810
77579,44162
15,17
392,0
4,0
261,0
61507,75072
2,0
45,45
6897,82652
63715,63708
101,0
1305,0
2820,94309
17969,0
2545,17766
200,0
1,0
13156,70119
494,11147
11,0
1,0
5657,12867
4984,8391
1252,0
8474,55850
8415,0
1,0
6,0
1,0
607,0
14,0
5,0
331,0
2,0
59314,0
16994,0
364,0
35,0
99523,92501
5,0
29,29
933,933
323,5790
34,28637
2170,17386
888,0
43862,82544
7160,17421
36499,0
2477,52857
624,0
315,0
33574,31499
4,0
173,0
8,0
295,0
31335,8876
44,42026
3100,0
44268,78372
34874,0
42,0
6,38717
2501,0
12,0
2,131726
716,65743
30296,55911
14979,0
55011,88733
1803,0
13219,0
55,0
37918,37533
70,0
10,-12
83,78861
57719,53785
5,8197
19184,0
11,8
18,0
24,58215
97219,97368
4534,0
14,0
47,73459
1276,0
4325,0
32,0
1161,0
80700,133890
18,0
11,0
84,0
12,47779
28,0
1347,1347
102,3169
225,0
34,0
23635,63521
1,0
4503,0
34639,44510
2386,103092
345,0
10,48386
1,0
78234,87815
2,0
54289,65648
5,4
16162,0
2281,-36580
1105,0
1,0
7,0
55161,56389
84202,65716
4688,0
56101,17291
4,0
260,0
27,0
2234,0
412,0
3,42720
255,0
3,0
34651,-6793
6162,11797
318,25554
2378,0
313,0
46,0
7,0
532,0
2,67557
1,0
4119,0
3,102523
516,0
5528,72233
9,0
2139,0
9853,31000
112,0
502,68497
7564,6558
7,23372
2,0
2443,0
121,50754
4803,0
61,0
3374,0
526,-2513
95,32479
9,171827
3,70864
72,0
4069,0
43755,44761
1,0
32,0
96,0
193,0
29,0
28,0
85,0
186,0
2,74144
29025,33536
11,0
1028,0
61,-3714
71,0
16,0
1244,988
22672,22695
2,5
534,41914
3368,0
45072,49158
8005,8108
1,-1235
1,0
49517,75536
3,0
1366,0
1384,91627
3,0
18100,0
32802,-65486
32,122569
63,0
1180,19564
2449,0
28016,0
13,0
29,0
2,0
10,0
50,0
3782,0
1,0
8416,0
6,0
3,0
1,0
27,0
18,0
7639,0
38,14090
1,0
13523,54307
1,93605
97080,101210
16,39092
13,41743
37,0
390,0
6,0
2034,0
6162,0
33,0
13,37480
88487,86424
35811,0
9,0
5173,7627
2905,0
57,0
56,0
445,0
95969,103808
30,0
38,0
7,0
7701,8051
17,0
24880,0
10602,10601
3,0
29,6596
42,0
41,1384
265,0
20907,113591
237,27724
52,0
1215,12796
87,-26278
1224,0
34270,75068
7328,13684
38065,38038
499,59286
808,989
64,0
4518,0
9511,0
17,0
28559,83555
11,0
917,0
31913,37377
77,0
8631,0
1,0
257,0
1787,0
8147,0
206,0
76369,110989
147,9730
3683,52569
1,0
40,0
82,7727
80803,81019
4881,0
2,0
85,0
17640,33109
2,0
19,0
4694,0
163,96753
6072,0
1,-4
5915,0
4698,0
10474,10474
1,0
177,0
844,0
37124,29289
26155,53928
3142,-3322
133,0
53511,69553
3066,95060
12788,19234
92137,95423
2913,0
14917,40692
42222,31528
1603,1508
131,0
1,80422
19133,67180
7,0
6,48721
79,0
92568,110960
2247,-483
19498,0
1,57787
3,0
27,56189
4,0
47231,155602
1,0
64844,54014
4349,0
38031,54146
77783,66021
121,0
242,28748
17389,0
9920,0
4,2832
1262,0
61453,63226
1,0
1,0
19,0
92,0
3,0
16,0
44,0
2,0
1,0
3052,56786
7,0
470,0
474,0
74,0
1,10535
7873,0
4331,63085
22931,-7316
5730,66128
64,43730
20,63692
1,0
2157,0
19722,0
12,0
7661,7139
19178,0
196,85063
4,0
754,-11006
11,0
2515,0
560,28129
9,0
52,-38703
58142,122705
68,0
119,0
26738,61594
15995,77006
61559,65462
1,0
38017,84211
26,0
4921,0
5,0
45,0
587,57110
66,0
3078,0
2,22850
43262,54798
75,60062
11,0
1766,0
1,0
41,0
94,0
4,0
44,0
84,0
22648,0
44282,36678
93,0
152,24541
294,0
83959,76590
29,0
1,0
2,22573
65,0
20,0
85761,110171
35826,0
105,0
8,16145
2,0
46,0
2,0
1,0
96,65448
18,49411
2,0
121,0
188,0
26,0
19,2398
29,0
512,10351
39,0
788,0
72065,63151
15,84543
338,43295
107,0
1,22584
3,0
231,-10592
17190,0
9,52406
6,30275
1,50444
413,-13779
21,57687
27,0
11021,31805
50446,56784
208,7000
10517,10454
118,0
44722,76183
89527,88491
24,0
2,0
46444,94775
3,8345
7553,0
206,0
49326,99887
3,8495
9,43399
1650,0
5746,0
2031,0
226,0
90,60612
1,0
142,0
187,311
38,46726
2,0
726,13639
269,0
23954,43921
20782,59287
62,0
4437,0
8136,0
3,0
1703,0
52,0
9109,28429
272,0
2,21421
88,0
880,53833
1721,0
5,0
728,24606
24,0
20,0
1428,0
467,79218
2941,0
1,0
375,0
15,-26919
20354,13701
9167,0
29388,10796
8277,105009
199,0
1,0
153,0
41,15026
35,0
187,0
98,0
9,0
417,0
58,16176
92838,96237
45,0
16,0
6361,7878
96,0
3,0
1322,0
13,0
25661,48094
5249,27424
16451,21365
19542,19505
4,19758
1,0
112,0
1,0
9158,10513
22223,56126
31,0
2,41362
21802,-12917
88756,89231
9,98870
20575,69261
25931,19967
8193,67538
1,0
5917,71709
1,0
3,0
10,0
49767,61014
1,0
40942,48681
22,0
18,0
16,0
46234,43201
633,96545
62,48414
1130,-6192
880,0
35722,119321
3,0
50311,49392
1018,863
14022,0
81,0
36704,0
22,40132
2038,0
442,0
29344,33811
100,0
264,0
1,0
3,0
79,0
24529,49161
1168,26416
2,0
22348,0
5,0
5444,41045
299,299
33056,35965
11196,9744
11,114481
4914,0
4,0
5401,0
19809,43404
20,0
50416,56459
208,14143
14,0
1,0
2,12027
40896,43861
14,0
58428,82944
1234,0
16120,67592
6395,7346
130,0
2229,0
1,0
982,0
87,0
21,0
3,0
20417,33380
1,9572
54163,92715
18,20752
5056,12591
97,0
4,0
1050,0
1,0
9095,83363
724,0
1639,0
5774,4301
413,0
10288,0
13,23412
58204,73601
48022,38849
11,0
42099,0
1,0
193,49818
963,0
1999,0
156,0
1,0
80,0
24,0
13427,0
19491,28273
6,93065
12506,0
133,0
1,0
26453,26731
10509,11419
36,0
1573,1495
4110,0
14378,0
37865,22989
148,0
26871,41514
157,64497
45,-7909
75306,77662
2,-3605
9,0
1262,6941
100,0
2,0
2045,0
5,74427
49,0
2,51977
59,65404
110,0
15,84597
11526,4349
3647,0
1,0
15653,0
7821,43498
4,48656
798,0
5789,2728
7,0
5471,45797
1560,0
97899,96967
34513,44037
21,88190
7,20989
74,72876
1,70856
720,0
719,0
3,0
25,0
207,0
49656,59773
5,0
1865,0
76,0
6689,0
313,128083
1536,0
1,0
33166,88556
250,0
54,0
1,0
13652,0
1,0
11888,99209
1,0
1888,0
3441,0
19709,26823
783,376
6093,5354
29,0
558,0
1289,61049
289,0
7877,15530
175,0
6157,4166
44,28005
248,0
8246,0
18,0
61427,66438
31,12475
7345,7345
13161,12036
5,0
58,0
66,0
1,0
2,42251
3,0
16495,0
3,0
1024,67652
14418,0
152,0
6,0
625,51905
45963,43682
38136,38025
20903,74667
17,17
3165,97988
3402,0
973,0
925,1496
1,64409
26241,0
84912,84903
1,64653
24942,26409
3389,13769
75,0
3037,61356
2,0
2,0
245,44473
9,8471
90325,92767
28818,0
18,0
29,0
7734,4948
208,0
1323,40868
174,17190
90,0
1,0
2001,0
29,0
17,48204
6,0
97,0
651,0
39447,0
1,1410
11,40551
918,67059
4,0
8,9
3,0
221,0
77,0
1,0
8,-1454
76,0
123,0
115,0
342,75448
3700,100967
61969,149247
67613,69641
692,36433
1,0
1172,576
398,0
226,0
9,0
1,0
3,77505
6,8901
1,48041
7,0
1640,35587
5951,0
2531,0
20,0
11527,0
7699,0
2,2
20078,31622
26748,0
1,0
6350,0
4965,0
8266,20173
38187,86767
5428,67361
14,0
10,0
1,0
77712,78359
207,0
54092,55925
47,0
25,0
800,0
61,0
55542,59004
56,0
256,0
1,0
357,0
1,48246
1,316
3,81675
17,0
4707,0
13,24474
335,0
2,15271
1071,0
1496,0
117,0
18426,21127
1,0
33275,41168
10892,0
18,84544
14176,36202
1043,0
4158,50408
62305,61607
14839,-10385
2,0
7,84922
312,0
14,133223
20,0
134,0
2,0
32446,0
20754,0
78,0
640,63744
15767,0
42,0
1,0
4614,28039
982,0
275,0
5,0
227,28231
4096,0
2,0
74,0
29,0
1,0
2,15625
20,77407
75,45865
7347,0
2,0
2,0
5335,0
6148,48818
1,0
2405,52818
33861,0
10347,0
911,1007
1,0
135,0
10039,0
106,0
7,0
5160,0
11,52954
18322,0
1,0
3091,3025
22071,45668
1,0
1836,841
29,0
129,0
10,0
9,0
3321,1634
3029,0
25606,45418
177,0
5,8634
96912,97184
1,0
24,0
9651,0
5297,0
1457,0
10411,77350
7715,43403
1750,0
2,0
44591,43759
1,0
222,0
3382,29271
2259,0
22,0
37373,28525
1430,127086
1,0
5,67457
1,0
655,82393
340,358
3112,3103
103,0
7610,0
23,0
335,0
13437,74817
72420,48351
6,0
40408,73333
3,0
14999,17749
139,0
5623,0
2,0
70,0
97408,97195
742,0
1,0
8,79825
1,0
4957,4383
3,0
1704,30400
13004,28361
3800,0
456,0
39376,6638
8886,58304
1,133469
9490,46595
18,0
2,0
83,85643
295,52345
777,0
53,24253
69608,91942
35,0
17,0
57417,0
2416,0
39826,0
1,-1316
20888,0
1482,0
14,0
40163,60978
5,0
302,60507
1468,15760
204,-40492
3,17120
16583,121665
371,0
6855,6855
588,0
6034,0
58519,0
613,0
73552,79635
34124,78053
5,10550
3,0
2,0
15804,21801
4563,0
1,0
11,0
317,44121
1,0
1,0
12,0
5668,0
15,0
41,0
12447,0
3,46874
8155,72576
5,0
156,0
1135,0
4473,0
17,0
81,0
26,0
3,0
11,0
22394,0
4303,0
1,0
873,0
1,0
5721,0
24,-9044
1,56873
296,0
7545,46906
25918,103096
1,0
32483,90728
8,0
2107,68113
1558,0
229,79590
1049,0
10,0
54,0
629,0
5,76732
55072,57915
123,0
73994,85406
6669,63902
2,4521
36,0
4,0
27669,63197
3658,0
9158,45222
2648,2579
230,90274
4,52426
249,71284
240,0
85,0
1,90
208,0
134,12954
9,0
13847,0
1,62975
10,10
6170,55848
15,0
11,0
53878,25194
2,-1084
7234,0
7722,24951
1,74864
6182,0
1771,0
2479,2479
7813,102629
605,0
1181,0
10,3442
1456,0
65146,55291
22054,22052
1071,0
1,0
2,0
28,0
79,79
1,0
5,0
4,0
1,0
892,0
4649,33687
40372,37979
40,0
37,40333
33383,0
7,0
7,0
247,0
20550,17940
68,0
1,0
2,0
47380,81943
3386,0
42841,0
13000,0
169,0
3184,0
39671,60282
7185,0
6596,0
14255,0
206,81420
40,0
7,22439
79992,81361
4,0
124,0
19141,53928
6,47817
6362,46413
44249,71981
2684,55955
5,31760
33,0
15311,-12093
25,0
38,0
23406,43756
51,0
98,0
4056,0
7086,53831
542,0
8299,0
280,0
2,0
47,0
65,0
610,2147
646,0
149,48904
9,0
21,0
13518,0
32615,76795
110,0
1,0
3,0
41733,0
1,0
5447,48334
1290,38175
2093,65438
1061,0
3,5199
80,0
5471,0
58,43823
2,0
294,106
2,113180
13603,0
434,0
41,47169
1,0
1,55664
38050,50932
481,18998
2590,0
18377,80098
7825,0
1,0
18,0
854,48838
24,9629
2706,0
72,-370
36,0
100,0
78,0
25,0
8,0
56085,0
28,0
1807,0
2,0
2,72518
51028,93119
1382,0
2,0
45,-28531
80634,84589
23,0
1,0
145,0
1098,0
2117,0
51393,48015
8311,8421
16213,0
289,0
117,0
109,0
1,0
13,0
2882,0
41,42239
1,151
25,352
125,0
1,0
85,0
58114,58298
2010,0
7,0
33237,84418
24254,86869
9,0
2267,0
51732,62928
59416,70551
74568,75935
34811,72518
740,0
231,0
9704,7300
4539,0
9,34237
3,0
2179,-46552
1,0
139,0
433,0
618,0
27040,23141
21058,68956
6877,0
24696,0
1,0
62712,59982
4298,0
1,49287
1150,32029
6,0
2,0
52295,116436
1,47762
1163,0
17368,49552
436,0
4527,46163
139,100057
13,0
16066,0
27287,2400
388,0
337,337
14790,34642
552,0
133,93484
63499,60667
3,0
41657,41907
1144,2368
97,0
451,0
19738,26423
53,37642
7433,0
32,2187
3,0
98210,98376
4,0
3616,73558
7,73841
43034,49717
36,0
3140,8381
236,0
442,38952
6994,0
2,0
49,38
758,0
48127,58099
516,0
6,0
2694,8896
2264,2201
39,6988
35,0
46499,46602
25,0
928,21247
98760,51578
891,0
2,88358
1,0
6385,0
390,0
1,0
1475,0
15650,0
307,60994
90,0
4609,0
20,0
352,20920
1335,0
63409,63407
6,25432
10726,124129
35,25627
1,0
1906,0
16274,25439
5524,6434
31,0
2377,16899
18879,61184
41,0
4,0
2333,73993
107,0
90548,138950
6,0
2195,0
419,0
3661,65172
759,0
12984,13004
36,89099
49180,0
60644,56841
167,6755
3,0
14,0
15981,15886
5,44796
6,0
14,99092
1745,23423
1,61948
3570,58869
4,0
327,0
743,0
20,0
48671,50515
3,0
16127,0
6028,0
24,16938
33819,26218
5,0
36156,0
63213,72953
82,0
339,0
9,0
1,0
4799,0
9613,18807
1,0
3,0
16504,0
21811,15129
58,28446
421,0
402,402
653,0
34569,131680
4,0
228,52424
734,0
2362,31326
2,0
65352,65124
16,0
155,16868
785,23440
61,-35
860,0
603,0
4704,0
1,0
1,0
1,17736
6415,6413
461,53000
4,0
16977,11388
26,0
54270,59460
3,76756
301,23897
18154,0
1,0
731,0
22,0
1501,49693
7,53334
4776,71027
68,0
522,0
46651,0
920,1294
10435,45704
26,0
225,0
9957,16842
96728,85176
3,0
1,0
1106,0
1923,8807
3,0
9,0
21,0
1,50436
10823,0
14999,105885
903,0
91268,87372
54,0
3845,0
733,0
7,0
46,697
1,0
13012,32092
2,0
50,0
72960,73533
10352,12047
61,13882
1284,6227
7,0
1,0
10084,0
131,1928
8,26086
3158,0
16,7853
4631,0
4,0
3348,0
12,0
28,0
145,0
54,0
1139,0
3067,0
322,0
206,0
10005,-28014
797,0
5233,53190
1,22107
13577,41544
36,0
76,76
128,0
11,0
1727,1840
3145,0
1082,0
4,0
12,51242
10,0
1,0
44104,51604
8,47195
208,0
969,0
741,0
3,0
32,0
11,0
7,0
1,0
34,0
24592,0
31524,78476
2545,2545
6,0
58,0
15568,0
199,-22643
1,0
7680,7680
24528,128763
6,-21308
5,8378
158,-3075
1,0
6410,5752
168,0
928,0
1,0
402,55451
482,483
1,0
1,3916
97,0
122,0
83,0
8,0
33278,0
27808,26252
2107,0
14,0
266,0
10315,9670
11823,72502
1,0
310,0
406,0
416,0
151,40673
30,0
6951,0
1962,22684
11,0
132,77806
3,96134
4425,0
1,0
1,40861
562,0
11555,69828
1591,72804
3408,26086
8,0
1717,0
134,0
33,68296
9048,0
183,0
12,0
7760,0
4,0
46782,60907
715,845
28,0
305,0
52,62470
54,-6986
40,0
150,0
312,0
9,0
40287,77652
3,0
2714,0
5790,2910
24559,80848
5040,5106
1156,0
16,116083
2762,64105
51,51
6,0
33,0
1,36160
1,96609
415,21022
20,0
3,78287
50,0
1793,51202
3427,67173
1,0
20,66245
1948,56205
4,0
14857,0
2,0
41464,19913
43326,54188
6612,0
46,0
2250,0
491,43634
1,0
732,0
3950,0
555,951
277,0
29648,16647
545,0
655,568
4,29709
6,0
423,0
85,0
62601,60924
790,0
297,0
21,60449
73371,97223
1,46232
9,0
81492,81263
8375,48244
9108,9077
4,0
1133,0
177,22844
351,22175
38970,87382
8954,39556
12156,18401
2668,0
240,0
34,0
2268,0
1280,0
18,31034
185,11112
19,0
74825,69333
7164,0
11,5134
9104,0
2,11
438,0
19326,19519
4717,4717
13,0
7,0
11,0
518,1379
1118,0
59051,59050
2530,0
3,74759
2761,0
5868,0
11,47016
103,0
2,0
2,0
78988,121218
76078,77231
6085,0
5389,0
165,17812
2692,0
7,0
3766,3684
27,8062
24,0
1,0
1,0
98057,94662
20,0
79340,88019
5,0
3059,0
12,0
21,17295
24012,43971
8,0
28,0
2073,0
10,0
6,0
4518,0
9488,0
7,0
82153,86113
21806,0
1,0
1,0
5,0
23855,0
9070,0
15,0
1,0
29,9553
1,0
4,0
377,15162
340,0
25270,36863
43898,43862
322,0
1010,-13851
60222,19373
69,15196
4,58967
308,2219
1,55682
95050,96673
3,0
8,17641
22705,59586
1564,0
21,0
352,0
495,-34905
3645,0
28369,111169
1,17913
4584,44132
126,0
14,0
89970,102872
11518,12402
2,38130
226,0
2978,21353
3,0
60,23687
4,108891
3,0
36,0
2281,27758
112,9438
4722,0
3015,0
605,42210
7503,7503
77,95453
1,0
150,0
11368,14913
1,0
35790,0
66166,39420
1,0
3,108457
72591,74440
239,55654
5757,0
41,12745
14,55867
359,2778
7419,0
113,0
1704,952
358,1020
8767,61934
14650,0
30704,34366
121,0
52,43052
1789,0
12145,9508
97759,121805
22823,0
6,0
8,0
436,13678
11678,0
81934,96196
48581,52200
207,12027
56485,49254
17,7155
1108,8598
8,0
1,-12473
17408,6302
2,1853
39,0
4103,0
1408,0
1046,0
10732,0
20211,0
9954,0
30742,82588
99637,99810
2,0
5,0
6898,0
51215,54516
250,-6773
867,0
2,68265
4,0
8,61164
36610,0
2,28863
10554,-17257
41620,58393
93,10479
2043,3718
7027,84773
84,0
6854,6770
636,765
242,0
10164,0
116,0
142,75118
50361,105289
3745,3744
443,0
2937,0
3660,0
1,0
1,0
3,0
1,0
18,45720
8,0
157,157
1385,0
7,0
94859,90923
82868,84649
37,0
6,0
174,9246
1,0
4,0
6005,27853
21,0
94,0
25,0
68946,69014
14885,58928
71,0
2,0
9,0
71,0
5,0
1346,56237
3327,0
13697,-2087
8,0
56512,91594
29516,103096
45,0
2,0
7,60700
7569,0
1,167420
326,0
2976,0
59321,79732
1,0
592,-1429
89,0
8271,12385
10,0
23,-44380
33,0
113,0
21,0
5,74374
101,0
3,0
67,0
5308,0
6,0
889,1080
1,0
14638,38266
25500,25433
1,0
11696,38879
41628,57259
49,23344
6936,0
1,0
124,14244
13318,58118
47,137873
8044,23234
51,0
4749,0
6386,0
3144,0
42,0
46748,45664
14,0
80462,0
20,0
90156,59480
2,26683
16814,27662
7,0
90,0
1633,0
7602,0
11942,12217
248,0
839,45835
32350,32202
804,0
4614,0
5,17770
1278,0
2086,81532
3,0
2,0
7,0
1281,0
5641,0
7871,51252
172,-330
69783,56388
1404,0
40679,0
99,14241
1582,0
85,0
1,0
11354,2981
45660,120306
1105,70205
4601,0
16237,0
8197,0
5,0
982,0
259,44153
2981,2981
91237,80373
7,0
50009,127083
9,116738
145,0
6,0
1104,0
550,0
3,0
1,0
8,0
13195,69253
1,18015
35,0
355,86167
6,0
1015,0
24095,79913
476,0
222,10959
9,4229
3,0
79,0
154,0
7387,0
70850,67925
72771,49525
1,0
30,14573
15593,-30531
246,19780
290,14857
767,0
229,0
1404,0
459,0
15739,0
11,0
270,0
140,0
21,0
18038,0
317,0
56,0
11016,18050
86052,36682
22047,4066
18,0
7,0
1418,0
5,78842
20,0
1,0
1,75694
181,0
18985,26868
8690,39564
182,51873
121,9860
205,0
8,0
1101,14188
10,0
18,0
344,18342
2826,0
10,0
508,57038
2511,0
77256,78361
41,0
53,0
50,49
2,0
6,0
51,0
852,9774
1,0
1399,0
8585,9094
2,0
2323,0
7735,13957
2107,217564
1930,103742
7,0
141,0
656,-3597
1,0
7396,7226
5286,0
48,43986
8982,0
1,0
10,0
1880,0
980,0
10,0
16280,15990
2,0
5004,0
24,0
700,0
9,-4424
19,0
8627,14058
39496,52657
60697,58861
10918,-379
2,0
13,0
6141,0
13028,13028
1406,0
64,0
332,334
14231,74758
490,0
932,0
28,0
11,0
1472,0
402,53770
33957,31093
8,0
84262,84257
585,62865
38,0
18677,13885
320,0
5230,6685
48,74222
5,0
359,0
1,0
7408,6580
2,0
461,0
61,0
22378,43065
18,0
232,0
6009,3032
35782,73068
332,5424
86074,49638
372,0
4,20
1164,0
3071,0
13208,0
1,1532
1060,64113
330,1305
19424,68148
2,0
6057,0
2062,1894
1,29163
23,0
8,0
585,58605
2,43708
19,0
38,0
25829,0
707,0
20,0
819,0
860,0
100,39730
17,54676
5,137224
4164,44061
1,49516
4858,113214
24488,46221
1124,6736
57,0
10,104194
127,0
92,0
3258,57958
3,0
2423,0
2617,0
4567,-31279
1479,-3071
1847,47075
50446,77082
1,0
90,0
401,27521
1,9657
1518,0
3021,3677
71,0
176,0
530,12354
1285,0
68,0
10,-22103
438,0
1,152564
17,0
428,0
24752,0
25462,36911
210,0
2,0
8,0
3,0
20,76216
6762,11973
18186,5774
9034,35213
17950,22289
53429,44539
791,0
1449,27524
3,772
47764,67923
1104,0
1624,50218
703,0
1,0
4319,0
2,55822
2,0
29,0
38,0
78,61816
1,0
4468,0
13938,67842
7,0
20924,48897
2406,666
19841,44843
3,100886
10573,23313
17937,0
4,35019
462,19719
3633,40476
22698,91482
2,0
5935,0
8,63539
16807,0
16833,0
134,0
22277,0
36576,0
227,65169
143,110977
929,0
26952,28975
108,0
16,0
9903,0
8056,0
9283,0
4,0
5875,82251
9988,9991
1,63909
451,0
48519,54358
1467,0
43176,18965
4,0
1,235
140,0
13702,0
18,0
6794,6942
1,0
44716,45089
3096,0
24745,73390
72774,77329
21266,-8153
9,0
173,77305
28603,28594
350,0
3,0
11,0
55,0
750,0
77633,68257
12,0
718,707
32,0
1,0
1,0
97346,74180
7864,0
36370,35640
8934,11091
557,0
12233,57169
553,0
38926,74120
2256,0
50,0
90,0
1,0
7,7997
2108,2108
389,1094
60274,60267
3493,38229
63,0
13608,0
37883,54909
569,0
2342,0
20540,0
16,0
43812,50742
23,0
499,0
1,0
55616,56130
33537,88142
211,0
2,31440
10440,10440
9,0
6980,6251
17,-400
1,0
34659,87357
25,0
3,0
22,0
24,30401
7672,0
324,0
2,103417
1,0
1,-156
2592,12676
1,0
1,0
358,0
6,-30857
236,236
2,0
191,30953
23,0
38286,47600
1276,0
20391,18945
14,132625
14,0
283,54294
69990,82858
6728,0
23544,0
21,0
14,0
78679,60001
30199,0
13,0
49024,47693
10079,0
1,0
2287,117550
985,0
14,26911
30534,0
36,0
4,0
20167,36967
15,0
19230,0
1,0
43180,105762
53,0
18,0
1034,0
3013,0
4804,118914
168,84047
45,0
54,0
1,0
1,7270
24243,113423
7635,0
34,62028
1,0
1375,0
10651,0
8496,0
1,49966
8585,82490
8462,0
1,0
3547,0
3,52056
10318,10318
197,0
8,0
76,0
603,0
175,0
1,89067
90909,105871
72,30585
279,104335
1,0
72,0
718,0
1994,0
476,0
9,0
101,76867
28720,44139
509,0
5930,0
1,0
9435,0
12906,6105
40339,72532
26779,44279
2591,95784
38,0
1,42108
8,0
1,0
7,0
16435,45565
1485,0
4,98095
10022,32095
9,0
342,0
1,0
7384,7038
30897,30880
1,126811
1,0
190,24485
15,0
21,0
893,0
1,-31953
3,7238
10,65002
11881,0
48,21033
29465,78465
290,0
59821,116692
2,55493
1,0
1530,0
20,-24607
285,0
23287,54491
3,-5
42597,61464
6623,-10046
32,0
23,23
6,0
4831,0
99,52757
19896,0
31,46744
2691,0
46,0
2,79698
1647,87304
3528,0
68476,54443
28,0
471,0
1092,0
17,19161
1352,0
7,0
13311,13648
65,0
2634,0
23,0
32,0
2482,144607
1,0
9165,0
560,552
10,0
432,0
31708,31707
6779,0
2,27758
17,0
3,0
66172,93602
2,6442
18475,123031
1083,-23100
15,0
32074,82897
2,0
1,0
7575,25329
17606,17662
10,8507
3,0
2202,0
2,0
1793,0
10,0
10,0
35581,34044
2,0
57,64782
1214,10101
1,48832
17398,59771
1,0
45,0
1,0
5572,125320
154,0
10622,0
7,0
24291,0
894,0
2255,39344
5,0
712,-12695
291,0
91,0
1,0
47705,19230
41502,79202
15,31633
2534,3439
302,0
181,181
146,0
45435,47021
2,0
173,0
547,0
26,0
1841,21319
19054,55722
1,0
29733,78606
275,107250
65029,65176
12,45651
9491,0
13,0
7,94298
3,0
1609,0
5,0
618,0
72480,162176
1065,16263
120,0
263,11108
256,0
3,0
10432,0
8,0
74586,74729
4,0
2,0
47909,0
189,2018
54,0
747,74570
100,0
52159,43945
18,0
28164,0
234,0
374,-12680
1,61208
725,0
7586,54903
1709,27985
1095,0
14,60
961,0
5232,0
3857,0
7210,0
913,-8886
259,63431
48831,57739
249,0
13740,0
213,0
887,0
67356,98095
89,0
245,0
134,132181
25546,65743
15995,18477
7618,9662
573,53608
193,0
22381,0
7,0
13415,49064
13,0
17822,0
5713,6329
2352,0
1,0
56854,69101
1,64855
1581,0
15412,0
23397,22693
25549,74861
6,0
148,113365
11,2694
60,0
240,0
104,0
388,16280
21664,0
5435,-17555
46963,125430
33,0
27,0
178,0
95476,97317
2,39133
3,0
4532,54709
99570,98088
2,0
3,14486
60,0
76,63002
39005,41781
163,0
40454,101701
15983,131375
11012,-7144
29576,58632
439,0
9350,0
13450,31596
5757,0
2,0
348,0
23,0
90226,80038
1321,1293
150,99
18,0
3,0
49668,70637
1,0
131,60389
28565,94101
40340,38856
372,0
18,0
2463,0
58935,54118
11393,-279
18,0
1588,0
5171,-12879
4119,0
237,0
8066,2312
379,379
6675,0
148,0
1501,59061
943,69964
1312,0
28,0
58132,113655
2,0
573,8859
9,54129
51122,51997
2379,0
2,0
212,0
17,0
3137,0
53987,30766
6,0
58,18463
57569,56358
1,0
403,210
61,40306
498,0
2,0
50185,19788
3851,0
288,87849
5,0
1,0
39,0
1,0
279,44798
134,0
19791,-7960
1,71916
1187,0
329,0
21,0
2092,0
226,0
8181,85435
40,46496
22,0
35,0
1,0
18981,77190
30,0
1,0
50632,63704
9579,0
360,26297
2,0
14011,10378
278,0
9,0
1,0
2,43994
211,0
2614,0
720,0
113,0
41227,0
515,0
23830,0
34877,89093
5,0
1306,0
1072,0
17,39746
1,0
92,35820
30209,0
2796,7198
143,0
9,0
6,237
2,28975
8,0
2,0
1,0
72,0
269,0
9,0
7,0
10898,71035
36118,41556
1994,15517
48056,61073
1196,0
41488,0
393,0
1,2
813,56249
2,0
1,0
19844,17259
7672,86366
94,58806
101,70184
12161,929
8,0
2814,0
3559,3643
19162,0
58,58
1192,60866
81,3453
55,0
17,2432
1,0
88678,86056
21382,0
49,80746
989,0
6,0
42026,61325
2465,0
44,44
1,0
96565,107265
240,0
2717,2717
89638,128027
41,65027
377,0
59,60787
21,0
962,0
72,0
47,9984
75,0
1642,0
7833,0
20,0
18186,20906
2547,0
7568,7390
49,23501
11191,10617
5,-41
249,-33801
20,0
1621,0
737,0
46786,46786
1840,0
1790,0
82250,84033
28933,33160
3,0
5,0
97,0
43,0
105,0
28,0
300,0
3140,0
49,33016
29,0
98471,98501
32,0
8470,0
76634,79031
35252,39681
1219,0
30,0
2,0
1,0
5437,46520
221,15254
3,20326
28,0
396,0
23919,23652
218,50173
7,0
1,-2664
68,0
87,0
20490,0
3308,0
25,0
3326,0
15,0
6,0
76820,83470
22,17575
42,0
69998,73302
34,0
81140,81700
87,54733
1,0
11365,11857
15995,23267
2938,0
27,9645
4598,0
60445,70327
866,0
674,44415
730,0
8,0
73,72215
85493,106395
16011,58335
24556,0
179,0
48065,56037
2,0
179,186
26,-19419
56461,29768
139,0
17,0
1,0
1,0
2848,0
3374,0
1587,44318
1,0
3649,0
2,0
90,0
273,0
3603,49396
16,0
3484,0
1,0
7418,7385
24870,28632
20,0
113,0
10038,0
17,16
3,0
2,0
25,0
18,0
37,445
2,0
12028,0
87,22807
16246,0
18961,80908
1765,0
153,0
693,38431
382,230
12640,-28258
1153,0
933,49653
1,0
21,0
615,0
18473,0
209,48403
9457,64572
26902,39429
13,0
547,0
4,53859
120,0
4,52003
10,0
5,-1278
22853,46227
3,0
5,0
4,106867
42389,73862
5621,34259
90,160822
52,0
507,506
7,0
23,0
12,0
474,0
15459,0
13,0
2374,0
5,0
7,75076
4,71846
15,0
15,4673
3,0
9,0
92,0
1219,1219
18,70908
95,0
1,0
6699,7870
44384,42703
56,0
13,0
938,27750
2165,0
7722,70409
27,60668
85,0
58,0
29819,22024
20520,31532
6,0
1479,0
4214,4213
53,0
442,41216
10,69250
11,0
1,2331
1,0
23038,0
77243,82960
10,68442
1,0
65018,91324
32724,84018
4325,0
34484,48820
4960,0
303,0
1343,0
33,46617
68,0
772,0
1143,0
11650,62981
1,-13323
1291,16059
21876,9011
1,6618
48449,72387
16,0
8820,8707
22,0
18,0
1,0
1016,29549
70,0
17415,17012
20887,98995
71,0
1,91760
54,76642
1,0
29078,29048
57461,54968
3,0
13,0
1442,0
6617,47782
1,0
79,0
1711,0
19195,38463
12,0
345,419
8495,7637
1,63462
2,105786
451,0
254,0
750,0
51,0
86926,98555
1,40625
824,6751
5,62240
45431,42060
3215,0
25173,90378
18,0
34,128379
1,0
23748,0
2,0
849,0
61399,62810
52,0
2655,0
1990,0
2090,61009
7297,91753
89489,97860
2,77491
1,0
344,0
918,0
45947,40015
1,-4811
5096,0
17,0
530,0
19,0
22,0
46,0
9435,8267
1732,0
63,63
63118,75994
20,0
6561,0
7,41534
416,0
5729,3760
205,0
2906,14531
40,0
7204,0
4487,0
1468,0
562,0
92,0
41,0
104,0
21598,41909
3485,55776
838,0
15,0
77524,51004
340,-3357
89719,87985
11,0
25429,0
63081,69945
828,0
3413,0
1,0
5132,0
289,0
25,0
49022,83769
551,0
82,471
75,0
30325,0
170,0
10,65555
9,0
904,0
22,1875
5,0
12743,21177
6,0
68,0
5,0
18562,0
7,0
18366,18360
100,10101
1323,0
6,0
63,0
81,0
104,832
22,57239
344,0
27,79148
660,670
4,0
6018,16668
1610,0
778,3645
14,0
99,0
2995,101853
1,0
1,0
53881,31471
343,0
71,0
199,0
54,0
1715,46909
2009,2031
39,0
4,65575
1,0
209,18305
6961,7260
4460,0
261,0
6,0
29,64088
21848,0
2,0
439,0
4,0
78768,96513
2,89933
49,0
4,49546
1491,0
1,0
15018,79080
1346,3721
623,0
511,55055
5810,5068
2282,2280
5,0
16585,92195
14,0
30,0
1,10403
4,0
11786,-922
3659,0
4013,0
1,0
3,2922
185,0
12966,6742
9481,1877
87,0
13,45925
164,10122
15,62931
64,0
25,0
4,49421
14918,0
1,0
15831,15617
4,-29186
11,0
13332,0
24,0
11420,58236
1,32946
6321,0
773,0
18,0
9157,20354
783,0
26894,30022
11,0
18359,0
20,108359
3282,0
19,55135
11987,89156
96,0
29731,48710
60899,0
26752,71913
27,0
15730,18739
1455,27651
651,16238
5,0
23,0
4,0
133,0
334,-5433
33,3278
11672,0
86,0
4,35528
6987,0
28,0
278,68418
32040,101950
2687,0
24,0
406,7522
6,0
1,0
7,0
324,0
1,0
892,6103
74528,110860
1951,7824
1,-10944
32,0
88,0
3,0
25995,106412
15,76454
41584,53043
84754,71445
1633,0
10,0
18175,53135
154,0
97,0
13554,13393
15,0
13,0
1,66162
12476,12385
2377,13680
292,-4901
66,0
6888,29369
37411,49197
3559,-21387
709,0
84,0
2603,0
19,58189
1300,0
3,0
540,0
517,-11475
31,0
230,0
104,53593
6,0
38190,0
2442,3116
331,82784
29797,-6676
16802,0
33,0
17048,0
1826,106230
14786,73196
15261,0
2,0
43,0
5168,5614
51667,54052
141,0
5,0
37523,55534
143,0
17,0
10,0
85,0
2460,0
378,91042
173,44741
559,0
1214,0
37,0
364,0
1824,0
20,0
3,67229
42105,106988
73,0
1,0
34,10237
53,0
21,0
7978,40116
1737,0
1,0
40404,0
11,13469
24071,0
4648,4648
20,71911
34,14098
372,-263
2516,-8213
1794,0
56,0
1378,0
21539,26086
8,0
6,0
6863,0
9,0
4,51
1,0
30,0
8,54172
90338,86634
26,0
1,0
421,421
3056,0
6,0
57963,48720
1971,0
842,0
1,0
25659,38971
3,41146
8254,0
8,0
26,0
4,0
10222,0
8138,57834
5,0
9,0
2,0
1455,0
20268,46022
18,0
1431,0
13,0
3051,42093
7,523
21,0
2,52267
8,0
11,0
150,7181
126,0
1,0
862,0
11,0
32,12072
1,0
2,0
59,38163
18882,36122
2,0
676,0
218,0
293,0
1,0
92435,77236
21544,94085
923,0
85,18151
45,0
22154,22158
2,0
2,0
35,-1742
130,0
3066,7030
29400,71588
132,0
183,96467
4394,0
52,61847
213,4939
18167,0
1303,0
1764,0
37,0
4,7770
3000,33507
36324,35281
179,0
5350,0
1,0
15449,15467
10,0
487,15103
17,0
8419,34984
3,0
5,100885
3301,0
34,0
2324,0
2602,36764
18413,42627
50,0
46,7789
30,0
3545,83761
4,4
375,0
109,12364
648,0
1100,0
1348,0
206,0
787,21711
3721,0
16718,16966
16614,82624
3968,0
13625,0
4,0
2542,0
47715,49423
833,34861
9217,0
12,0
24539,44151
7151,2258
4,0
36421,49813
6020,0
15,0
5552,67736
72,0
2220,0
8191,8076
98664,99239
15,0
22,0
1,0
107,0
452,-3164
54,0
1,0
5,0
123,0
6,15037
4720,4714
61954,100352
452,0
50357,87905
17,-470
126,0
24229,28127
5,0
91417,94173
5454,68970
12,-724
542,6366
2,16738
121,0
49575,58972
85996,79332
1029,0
1815,0
25,0
19807,46044
11,0
9261,0
9604,0
3771,0
641,0
431,0
3182,46537
71,7113
892,27961
26,0
29171,29171
101,0
42,0
1,42681
3,74854
11542,12461
957,0
72327,115472
205,0
11806,11806
22916,0
8,0
2428,0
1,0
4462,0
2704,0
6,65420
581,0
217,16020
526,0
5290,10930
51,0
18923,12478
620,4712
61055,60791
50970,0
4,0
11997,80577
44,0
3829,68592
3951,0
191,0
537,553
1958,0
18697,16714
12316,59403
7,0
1,0
23,10185
2,8405
50,0
1422,134063
5,0
208,0
86434,86398
1,24768
2,0
6395,0
84523,88385
23693,70426
43,0
3,0
32849,75359
1,0
496,0
324,0
533,0
6807,0
2,79404
6,0
1789,0
7981,100837
920,50090
5349,0
2,0
67,0
1568,0
1,30904
5,0
36229,27182
211,0
3,0
14,0
50,0
6,36072
2,-4723
6,0
51,-648
717,2159
48743,84507
13363,0
57,51064
14194,26035
186,54571
50,60655
721,0
582,2677
316,337
2,0
32,0
13,0
106,46
68896,92747
2,48914
135,61322
632,0
1,56224
93,0
69,0
721,12663
45,101891
2,0
796,0
1,0
63,0
9,-1480
21906,57979
365,371
16273,63767
133,74603
32,0
6,0
5,48757
3,91828
43,0
18,0
56229,57721
3,0
60,0
233,61295
11576,0
3,0
31405,61320
13904,0
1567,0
1,0
4,0
3,3723
37437,37499
926,50958
1,0
6144,54355
73667,83685
99454,102239
610,0
4345,24348
7115,68710
6084,0
2,135352
3,0
3291,3263
1,0
1944,3603
1664,0
1,0
1,0
11,0
11101,10376
5309,60160
4,-10739
1124,0
31274,58674
1,0
29849,0
6226,6226
9,0
5,0
5725,0
84,35701
32,88039
1,0
3548,52580
976,0
10,0
55,0
518,0
8,0
5,32
571,561
986,0
249,0
5,0
1,0
11,0
7073,32719
7273,0
143,0
11,53880
13633,0
706,6670
10008,52356
35,26174
65,0
4926,5609
82438,99534
4,0
3973,3945
1,0
9,0
38,79720
444,0
1,0
41,0
5209,0
1,39547
92754,108236
92,0
111,54391
17,0
111,110188
15717,0
1,0
11,0
3,8824
1712,2790
122,0
18655,50891
8055,45138
2,47273
85600,87149
6317,0
51882,44521
41997,54090
11846,0
318,0
3640,0
31,51305
19820,0
12,0
7,0
13032,31645
3,0
59783,58789
8,0
1,0
201,0
12699,0
18,0
4,107052
7625,7358
45,0
1,0
62829,112089
69,0
4490,0
4811,62628
2,0
12,25433
2,89009
381,0
23,0
49320,9017
58479,64336
10,0
600,0
855,-883
2,0
345,26061
9,0
38,0
1707,44565
462,-5787
5,0
1,0
849,0
2745,2804
2,0
1,0
1,0
5,0
957,0
580,0
1023,0
31,0
1077,45982
4882,56343
82576,125405
341,0
1,81994
6599,0
1127,1223
1,52662
6889,-6480
3143,-1360
31088,79947
26423,71131
5,0
3204,5684
1411,0
146,33034
68,0
21,802
1,0
11755,43248
2,0
9662,282
13990,0
26815,74241
8153,44297
1,0
1383,1497
1,56230
5,17837
33699,71706
39762,37968
3995,46749
27,0
1057,0
973,0
12285,12287
1036,5879
488,32462
131,0
140,0
3338,30411
679,0
6703,0
165,0
4,0
3212,1118
280,0
61,0
51,0
932,0
7073,0
26,0
295,0
8702,-9652
7,41880
11149,54822
34896,41359
2,45591
4180,88680
1,2833
3,0
450,0
28180,45762
20444,79413
7904,0
4,0
548,0
520,43817
2,0
11487,43239
14089,0
13899,53072
15807,110414
789,23226
2,0
369,0
1,-36848
48,106838
3558,0
1,0
328,10293
13,44900
2740,28697
538,0
3,107461
858,0
8,92010
311,0
85,0
8724,0
35203,0
336,0
11666,0
81,0
29,0
4,0
2409,7456
32787,32787
2091,7598
96856,85636
3,69906
53889,77784
19,0
447,0
6613,50240
50888,46535
165,7522
37435,53389
2472,79034
1884,26764
7735,0
412,0
49,0
1647,41964
276,0
21047,30695
16414,28435
29,0
4291,71090
5,0
57548,0
1,0
3,0
21,0
32629,62745
24,0
1,-8343
109,0
15,12011
47434,51616
15331,0
2,0
2274,47795
3673,0
43301,85678
608,9613
68765,51084
3,47879
8130,0
5,0
3,0
20,20157
12586,70491
4527,0
1,0
48,0
4,0
4,0
29317,27577
139,0
25,0
46,0
4,0
227,-8499
1,0
2,0
8832,0
87348,67804
1370,0
158,0
42714,41463
1,0
1387,0
5211,5211
12287,16779
1759,0
18130,80651
1323,150179
3803,3803
45489,55374
30608,28927
2677,0
362,359
458,0
1,0
1593,2003
8,0
76,70410
19,17901
382,0
3,0
16817,31115
373,0
10905,0
1049,110987
187,0
57534,91255
6,3470
2183,2565
13015,0
6882,0
78726,73344
251,0
29,47013
12,0
2,0
1462,0
1,61419
36845,34634
36,0
264,0
294,0
105,0
64448,79490
454,29316
949,0
12701,0
936,63124
129,86459
59,0
23767,23660
66,0
2610,0
2,0
26,0
1,0
226,0
12720,0
3,0
37,1729
3058,3977
1810,0
60616,61856
29221,0
4,0
38879,0
6,0
7,0
21,0
50861,145107
1,0
3,0
205,212
52210,61662
1,0
1157,16954
90,230
579,62625
13,0
1,0
1474,16179
35,0
4372,0
21,0
54763,63866
59,-15038
17,2112
70,52878
1,0
5,55957
862,0
11494,3439
48623,63552
562,0
1177,0
14610,0
485,0
358,0
9751,73547
1168,0
89,0
1015,43965
25,0
253,0
54,0
4101,6348
31904,31286
4998,0
1,0
2254,58038
1579,-8337
38992,39015
529,0
3,0
2499,31392
50,0
41411,32871
1647,0
53360,53415
6293,92304
1289,20927
8526,0
6,0
2,0
33,49960
5,0
7,0
36579,72401
25,0
6,0
1,0
25226,0
5943,0
1155,0
697,73379
1,28839
1,0
10,0
37955,52485
7,0
185,289
339,0
28,0
28,0
307,0
2212,0
12,0
10823,0
22469,0
13,0
35280,0
29415,28837
671,0
1,2
90597,80665
1045,0
90,0
6,0
4,42074
6,0
344,0
87222,10370
113,95437
25099,17726
944,0
6261,0
4,0
45837,43031
362,0
1720,0
36,100588
2395,142354
4340,0
3996,0
19,0
2,90076
169,0
22969,0
790,0
1497,0
43673,20880
62,0
1,0
1,6
16,0
5,0
21,0
3836,6220
1275,0
66715,81605
908,0
13228,30901
1,50263
3712,0
2179,0
212,0
2,0
113,0
2924,0
4900,5068
337,0
27,0
17,44657
7,0
36640,62051
8,0
4,19190
16786,0
4550,0
23821,23824
3,0
391,17586
738,0
286,73515
13,0
3,0
53577,53944
60,90597
896,0
116,60461
166,1432
96,0
20,0
542,2057
1,51551
274,96364
1058,18261
1,48715
1,0
9021,0
1,0
1,0
4,0
16117,58462
2,0
922,4790
2,0
12461,91458
3,24180
1,0
1,0
126,55866
84298,79353
5353,47508
10817,0
1,80783
10,0
444,0
159,0
392,0
396,90738
2810,0
12571,0
14,3342
17,650
2,0
1,0
3095,0
4,73737
75,0
782,0
3,0
9153,0
50440,58189
18835,83933
2,24321
50,0
4578,140814
65,111
1426,0
1,1830
2,61277
12,0
471,4116
97,0
1,0
114,0
377,17682
5015,0
81549,111330
15,0
1,0
414,0
263,0
13,0
25,0
7,0
31244,37589
548,85110
1,0
700,9423
67,0
1806,15725
3828,0
137,0
20666,0
1374,108551
1,0
28420,30222
2639,2639
2618,0
220,0
4,0
11119,6512
259,0
92,0
134,0
15,0
14536,53970
12,87820
1730,94224
196,0
61718,82158
5,0
3,1421
328,0
786,63672
20,0
2211,0
418,78267
34250,4633
159,0
5,109891
51,0
1,29092
1270,0
134,0
307,0
2,12657
470,0
54,0
68,114939
1327,0
1,0
17,61350
6953,0
34689,79258
3725,121527
1,0
13921,95693
18815,18802
44815,44815
1,0
25,0
41,0
2,0
108,0
213,89696
779,72913
41720,71557
15,0
39,0
42,57198
38,0
7705,0
9,0
26,0
7567,93828
5459,0
20406,34261
68820,68715
43787,24902
4,0
17,0
23093,29057
14,0
14786,30254
32477,37251
27165,78145
40,40
945,0
21090,42527
19,97370
15885,19966
2224,1608
76425,73136
74,26469
19059,0
1,0
57080,68014
7,0
62618,61212
39360,0
5,0
18,0
1,0
1,0
20,104329
14,0
1,0
148,0
3,0
68241,85861
3,-259
20229,22396
42969,0
5778,5353
6948,7056
107,0
2,6117
14,0
333,0
786,0
11,0
25,0
70,0
1,0
267,0
1715,1715
10082,0
12442,52409
138,60008
6088,0
9564,0
1739,1631
1,0
1,0
93963,98350
97235,82194
16867,0
9,0
425,0
1317,0
14331,50769
26719,48517
206,0
30905,0
4,0
78527,71099
5175,0
7,0
1067,0
100,0
43155,24400
2365,0
1976,0
45,0
2003,90769
18687,50062
25508,21130
66767,69004
338,0
1139,47828
137,0
9,0
1,0
42,0
4,0
161,0
18406,0
38625,77205
6150,40379
7145,45429
632,53010
18231,-15711
3188,3238
25313,40347
5484,0
41,0
12036,0
227,0
29732,0
340,0
33136,74063
762,38669
7,0
1,49656
14108,0
2,0
88008,89359
1379,25995
31,38749
3,-8960
2,0
25263,21954
2627,90555
37314,86603
5,-1168
941,0
24841,48222
3,0
4331,0
2412,91322
2,0
13399,0
121,0
14935,0
15871,15254
1,0
74190,77344
7808,0
816,0
27,0
1,478
63,0
1,0
99269,99427
3437,0
18020,0
1,59074
78211,56929
300,345
1,0
182,18446
7,179456
695,0
1223,48466
1875,0
2503,0
4,0
8544,6250
2641,75965
3,67420
166,0
2469,2522
5232,17856
7,156009
80,40301
1,0
4,83498
44,63747
5,0
5960,4912
3,0
6,0
1,79339
1,69921
2,0
3386,0
11250,10963
2646,64150
6,0
30,105748
720,0
31761,31792
913,59735
2455,30147
7,0
31970,33603
11,0
9873,0
4,0
4,20981
34109,36045
5,0
2,0
140,0
16373,0
35,0
1208,47966
18219,0
699,0
1390,54706
2855,0
1674,0
9026,38939
5028,0
32377,78643
16,0
4,80382
607,0
378,0
55358,36386
22245,0
147,0
787,0
50,0
455,0
523,53325
1,0
1,0
93206,104748
249,539
12833,0
36,65583
5,0
1,0
17473,-5303
62769,65496
2,0
678,0
4,-1474
5152,0
2,0
61750,61600
2,0
438,17318
1046,0
42998,0
2,0
18164,0
7581,65778
45882,34267
4050,-8200
1783,0
15,55763
8,112410
16,0
130,0
619,-33649
3344,0
30774,0
18,0
13,0
567,0
19547,75983
2,0
10832,34203
45,45
171,0
6605,-25418
28775,0
51581,90676
4,0
654,42433
87,0
7330,27018
19750,0
36025,0
39,0
1,0
4744,0
1058,0
149,0
8,47029
16,0
1,0
6159,0
4,70125
1,3243
68082,47671
4793,0
75,0
57,449
64,15786
2204,28764
22373,32211
222,0
278,83060
2,95399
1,76995
4048,0
13,0
141,0
30,0
63124,68083
14698,0
6069,21929
3,0
12,18101
200,0
41,0
44,11706
2,42681
345,0
70492,96756
16,0
11804,36226
1,0
20,0
9622,46274
26,0
1505,0
18,0
251,54527
1,0
214,0
509,0
6633,6382
29660,0
388,0
19,0
40,0
11404,-20248
29,0
25,0
202,0
4,0
3,0
13,0
107,23322
19,0
994,83843
35012,24398
686,0
934,0
61,65716
23,0
16488,35769
91,2219
76,0
1,0
142,62895
8,0
18,18
2967,0
1,0
72067,95009
56316,74947
22,0
165,3633
16,8092
91491,91827
12,0
2978,89342
6,91759
1,0
390,0
6519,24681
8,0
196,196
2,0
2373,0
6622,0
18771,94817
287,0
2571,0
4298,0
2663,-1618
26859,72541
1277,0
5,0
3087,58632
41,0
220,0
205,0
13092,0
3,0
347,-12196
971,0
9,744
281,0
7,0
12866,0
8003,15415
4,0
21,0
48,0
7,-27450
64,0
912,0
15547,0
346,7737
1190,0
46440,46793
19,0
45,0
2143,0
41,0
6412,8685
1,2491
35,102750
15,42760
1,0
1699,0
17,0
525,39695
1252,1568
5334,0
8,0
46,0
19837,9685
1,0
4,0
84087,65186
69596,66936
29251,71285
18446,16324
82748,132565
2834,0
8,0
30,1877
366,0
24,0
17,94167
8217,0
1541,0
1,64918
88,0
6,6
3,5310
3,14779
7039,114073
5417,0
841,0
26340,0
10,43449
4,36851
4,0
258,0
708,0
1640,0
892,0
80765,80089
1,0
4597,31369
13862,43718
52,0
1415,0
66728,72341
67,5626
243,42142
2589,114888
1454,0
458,0
2137,2032
9612,13347
64590,64591
7119,0
20677,1221
1131,0
202,0
8,0
473,0
2,0
8,79594
2,0
12,27294
449,34866
2,87922
3764,0
4615,0
2436,0
180,5757
2,75620
479,0
3401,10835
453,46875
17,775
360,0
59277,59523
17,17
103,38320
132,0
9513,19918
1053,0
133,0
3,0
7,0
39351,73157
2,46864
16,17257
50,0
21,0
22801,0
2,0
116,0
1,0
25303,0
10200,0
1631,0
670,0
11483,0
443,15522
10,81477
1443,0
9980,113833
8,8
363,135411
95687,98965
62831,100959
12,0
2120,0
11,11
34883,54497
38,0
1,0
6014,0
4969,4967
170,54864
5711,4959
58216,59183
1,0
1140,0
1,0
131,38410
52,40739
67,0
790,0
1,0
2,47043
1802,0
1789,0
168,0
22055,0
50,0
146,0
23241,0
7,0
4,0
10556,103046
9,0
748,0
7,7
62631,64789
12905,18509
758,0
3,94739
59,0
339,60918
1,0
1924,0
21,0
84,75217
1,0
2802,0
382,69170
6,111950
380,0
7571,62772
16,0
84,0
1021,1973
318,0
23116,97055
20,101202
667,0
7,0
50,0
394,15718
25845,29702
5,0
452,456
754,9920
1612,62829
348,0
44,0
14178,0
1820,0
5,24540
17340,23087
12,30144
1,0
1,709
64184,95728
121,0
47,0
12,0
94,0
4,0
13004,0
15,0
34,33223
99,0
23667,23667
70,0
903,0
1,0
30,19813
1796,0
11,0
60,0
5014,35746
14962,40978
1310,0
21068,22422
2,26466
2828,0
5182,0
288,11760
36,13211
2696,0
311,33297
42,0
43662,131379
1,0
75,35407
438,0
495,26132
107,0
41259,62839
31,0
7556,17332
6,48662
3030,25270
999,0
13839,91680
3,0
3186,0
13,0
38502,39118
19,0
265,0
1,0
46626,0
162,0
230,0
4,65457
100,0
2,0
28,0
1678,0
232,0
32565,32638
12277,-15097
3,0
4673,0
81391,69966
226,41875
17436,17436
94204,85888
1,96507
267,41654
27928,0
4354,-69821
34933,34531
794,51010
440,67936
3,0
1,0
1,0
92782,95578
88782,89005
226,0
749,0
1,17075
6,0
307,37617
90,0
151,0
332,84808
10,0
2,0
163,60173
2,0
14,14
13408,0
23204,44699
52,0
628,113216
21384,36243
17003,86980
1140,0
18270,48072
14,0
18650,29114
6962,34159
950,0
13,0
1,0
20437,33171
52219,52229
1,0
76,0
1,88555
31,0
1890,0
1,16432
24,64534
6334,0
47456,54956
9,0
506,0
1,0
30,0
5341,3992
47186,48238
1,0
7381,0
177,0
1,0
3422,0
5,7121
441,0
3,6411
5,0
46,0
3,0
9,33890
4016,114528
16,0
601,0
13,0
68,0
739,0
635,6252
6,0
3221,23099
81,0
6942,19962
731,75359
13068,3984
534,152986
823,0
1324,0
1403,0
19,84425
762,-42915
348,90709
256,0
39526,39580
4243,0
12869,0
7382,0
51229,45067
3,0
6187,0
194,1216
12,18
22349,48401
66961,61771
389,0
6193,6021
608,0
227,66556
44,0
64945,64949
4,0
114,0
4645,0
462,462
8,13031
1134,0
1,30971
24225,46961
11,0
4,83838
576,0
33350,70827
245,0
26626,27205
5995,0
785,16576
3639,0
10160,0
368,0
4668,38935
178,0
132,94
124,0
10268,12266
3340,0
145,0
363,0
10367,7572
1,0
1,0
87793,118779
2,26686
17,0
2161,0
3,0
4,0
7484,63364
55298,56311
2698,0
2,0
12104,0
30473,0
2570,68518
93142,72266
6,0
582,0
5069,5032
83938,72124
6,21204
49546,52174
1,0
5983,0
61738,61724
950,0
204,0
3171,0
91738,85439
45240,52719
13842,90736
5657,78153
2,0
6,0
12892,18354
5,0
4,70275
159,0
1117,128985
11356,45680
5911,34490
893,57020
10488,48225
6580,7175
2,0
98,0
38566,55360
586,622
5144,0
133,0
955,0
3,0
2868,0
433,37501
928,0
2,0
1,0
8,0
3,0
1764,0
6,71988
80,82023
4,0
16542,0
2,0
47691,47019
1,83
1180,37190
1,0
272,33494
12753,83585
3791,0
52112,40678
44639,60213
8,117244
702,0
3,0
15,0
1589,0
352,2984
2464,2264
34884,63202
61642,61278
388,0
27,0
2413,5957
1,0
404,506
620,0
3399,63129
4,0
49772,42944
27,0
63362,22306
1074,92911
42,0
122,6662
63401,105267
1647,0
4,0
82,0
18,0
248,248
11,0
1042,19323
25204,26105
6,0
6425,0
30,0
1,0
80286,124998
4794,0
519,63274
935,0
71587,0
17,11795
129,0
1060,0
349,0
93,0
24178,29113
166,0
1,0
39,0
36,0
25623,36305
78,0
82246,81966
23,0
19158,24067
3,56566
4,0
882,0
201,0
2,0
75,0
79,0
3259,2473
37193,77302
105,0
219,71660
17,0
7,10
469,120699
4234,0
89,0
54,0
2905,53343
88511,64341
35,0
32166,0
11510,7113
102,0
10,0
18,0
49350,63196
10,0
4,0
29751,65325
4067,0
181,0
8,43756
155,0
159,0
22966,72605
10775,42057
3,0
1,22631
218,0
533,0
21532,0
3970,0
2850,0
2,0
42380,76506
788,0
13,0
228,0
922,0
39996,40160
267,0
2698,39594
92922,84020
65879,65952
59561,47809
28,0
4106,39068
50,0
6,0
5,0
4,0
12,36146
10954,0
5,0
58415,79762
16,0
11151,84659
4678,0
2044,8693
39292,40893
16,0
21,0
7,45417
93,0
165,8561
5,60517
2,42356
31,0
23,0
2328,0
2208,0
4238,0
386,0
74386,79044
9,0
6693,0
8,44447
235,0
267,47797
459,0
1,0
6136,9899
23493,63624
25,0
68,23368
971,33891
36241,0
312,312
3,0
1452,0
7063,9505
268,0
11135,33341
2347,110591
1368,0
7,0
203,0
560,2831
225,0
7351,0
7,0
75,0
1,0
265,0
221,0
104,44634
3224,3218
14726,0
60030,57299
5,0
1,0
27,8585
10,0
2,0
14973,0
268,63912
89,0
29750,73223
1,0
16951,0
13,0
727,81524
5,0
1617,25765
32967,32119
5,0
38057,42062
16460,46247
31,0
1,56876
19,102593
1445,0
1,0
3636,2506
37,0
1966,0
2896,0
50,0
11382,18368
65847,66503
30106,109287
1,0
519,37207
64971,65380
716,62537
149,0
15,0
2503,0
15676,0
3,18276
8057,0
681,46922
409,0
1326,0
329,2586
956,31147
8,22125
74,0
803,44266
27,0
272,0
19586,18546
271,34188
50322,93934
26423,46795
79,27486
26,9320
270,69762
6735,0
4,16703
9237,0
1,0
1,68614
1,0
56303,118182
5,0
1,89762
8,0
1,0
125,0
30157,0
9,0
1,0
6,0
8,0
2723,0
2,0
44,0
6,8564
3881,-29513
142,9636
22,0
6211,0
238,0
136,0
1,0
510,510
1032,-1079
1,0
5,0
3,0
5669,0
37156,68838
2058,0
31,0
4514,-20691
261,0
197,1897
2356,0
36,865
682,71784
92942,97942
33,36
4,0
89,89
18,13811
18653,0
25,6089
3399,0
5,57165
22,2191
57877,57718
24,0
1,0
3006,0
235,0
16,46264
616,852
858,0
36629,67484
1000,0
76,0
3,0
24814,-13550
21,47900
3,57113
23,0
29,0
19210,0
184,0
6,45600
1004,0
1875,9331
17154,109193
3,0
153,0
67821,132768
964,0
1,0
4,0
5,0
11,0
30358,98148
25341,0
22874,40505
6,47712
130,0
21408,0
68458,72674
13246,0
157,0
42296,0
22995,23109
6431,4021
3620,0
5,0
15370,0
131,0
16879,46834
17,2489
77877,77844
366,0
133,0
10,0
92836,81157
2224,2179
17,0
143,0
30516,33539
11,0
346,7860
1674,44976
230,75816
113,-1544
4445,4445
50,0
251,0
13,0
1,0
2,0
2294,0
107,0
42,48416
1,54000
1,35686
14,0
4367,95116
29160,120834
3,74257
63540,64604
996,75207
290,0
5711,5536
8994,0
5,63498
1265,1343
8485,0
1645,0
27297,26966
6,0
32537,67715
91380,93450
70154,69597
3485,5774
21,55122
9384,42137
103,-9717
114,0
1,81271
41,18898
2002,76283
644,0
121,0
4440,0
729,96597
407,0
5,0
91,0
9,0
3757,12723
50923,49826
59,84258
30,30
48027,90276
1108,0
1,0
29306,68402
2557,0
12,0
2,48140
588,444
15266,0
49,66284
10546,0
7,0
2510,0
153,0
1201,0
3788,0
7,0
13437,0
21,0
20153,20115
6530,0
18,0
1,0
1,30819
1,0
7,4603
1344,0
145,0
52,0
104,0
4,0
11,0
307,0
1706,0
1,0
2,0
18,0
32021,32321
4039,0
6,0
41192,0
6927,0
13111,56386
7,107929
1148,58803
380,0
29047,0
1,0
409,17522
2413,0
1,56703
27959,32424
1332,0
295,0
461,0
1513,14126
716,9290
49837,79242
22784,25037
207,0
863,52129
1362,15061
6,20007
82,0
7,53409
522,7053
2134,0
1,0
105,0
382,0
118,0
22,40468
2,14964
2,0
48925,94312
94266,97971
136,0
11781,0
117,26048
190,0
24,0
505,0
35444,0
2159,0
83,0
15,0
851,0
1,51242
2,0
54,0
247,0
36,0
1,0
11,0
641,0
17,0
614,532
90,0
1,0
1,12520
17811,0
19742,69425
1427,49063
1,50190
11,0
3229,23697
8403,84080
343,342
603,0
489,0
6,25824
6081,0
239,0
67,0
5,42462
1,0
3842,0
293,0
98907,96544
46294,106096
61324,44782
2047,0
39725,86142
1,0
1,0
2,0
16,24507
17074,0
340,0
1617,0
86,0
1,0
10800,52783
53,0
1067,0
121,59253
35365,64025
33099,35097
106,0
2568,0
174,0
1,0
97,0
426,5298
5,35
4055,34019
15128,15204
1172,26697
1,0
375,172
442,0
1,0
91,0
1,-7249
2,49946
5,-6581
49697,49970
739,739
69203,75435
4,0
116,0
49217,44041
1,0
37264,0
3,48784
4,0
56310,71885
3,0
6310,3008
4039,76095
3,67315
11608,56480
2,0
22,-30060
150,46969
24736,23195
12,0
52,0
22271,24740
21,43669
12,0
1330,0
7615,54804
90631,110066
2,0
41,0
937,71408
4583,-23828
15,0
123,0
243,112186
27,35507
47829,103823
17,0
12,0
353,0
1,0
261,25380
75,65045
1,16578
7201,67132
3372,0
18576,0
31,0
78,0
3808,0
75333,132448
2,8454
884,860
8,0
41301,67720
532,45594
3316,3316
1814,8777
28998,28996
8746,13152
4,0
1,0
10184,51323
7723,21055
440,0
7,0
16962,0
29,0
9,0
10098,39486
24270,24337
9243,31988
1,738
42429,51876
10084,0
4539,10526
69780,99458
18858,30612
298,0
359,0
7159,0
137,4692
656,0
54,33925
55,11424
223,3900
3,20291
1,0
297,0
45651,58763
811,0
15,7172
58,90245
142,0
55,0
1,0
2559,0
972,0
151,0
586,86501
19878,0
361,0
2,0
768,65990
15691,79989
5,0
1,0
2083,0
81,0
5,0
763,0
17585,73640
3,0
45,0
1,245
2645,0
95,0
106,0
79,0
1,0
1,0
9297,0
9735,111656
20,0
7,167971
920,0
89,0
691,0
436,7148
4584,71684
1,0
40,0
70,0
50758,55720
1808,0
11,0
41,34599
85474,47430
344,342
7,180173
93,0
140,140
1269,0
33,0
34,0
4610,0
2,0
1,0
116,2961
2064,0
1295,0
14,0
7,0
76,40243
247,2101
1,75040
3708,0
9175,62358
62,0
10,0
5131,0
196,0
3,35189
1761,0
3,88707
11,52466
141,0
7,119972
2505,2450
6159,0
36,20232
112,0
30832,54068
7,0
1192,0
951,33153
4,0
168,0
60849,61441
152,0
213,213
69,0
3,0
21149,100448
2,-23
7346,0
3,10654
91880,65282
115,0
846,0
300,0
448,0
778,0
20,0
131,0
47464,0
29,250
72087,61566
6,0
2,0
18,51073
36030,46843
29,0
1884,1885
32,0
7,0
44,0
1,0
6418,0
26005,55214
29192,0
12,0
15079,15076
40649,57691
4501,0
42,13942
33,539
13,0
497,0
39,0
2,0
153,0
5854,18260
2,0
12,40736
8079,0
14339,12208
859,0
5073,60030
2511,0
18,18
6,0
15,66301
19262,58954
5,0
590,1692
1,0
177,0
371,0
30534,45360
94,0
3,82611
8,0
443,0
2897,0
14,0
2969,0
1915,0
448,0
2,0
811,0
1,27353
81,0
16215,15247
97590,90069
12047,650
3,0
10,0
92,0
397,0
45,0
5121,5100
11,0
1,0
800,85888
2873,0
83993,76147
78282,88261
4938,5076
4,0
17,0
18513,0
3419,0
1628,0
41807,60186
57427,58830
11,0
7,0
57,0
84834,74659
2,0
4,86
1,0
1610,0
2,0
8,0
7008,0
91,-1027
19738,2558
38,0
96,0
13919,0
1,-41
93455,100729
377,0
1832,0
27549,26948
3,0
55336,63478
1,0
16,0
3792,-4455
38784,46534
59,0
10276,3307
4382,0
38,-29172
5000,0
38784,0
1,0
633,100947
46569,61298
16942,21029
108,0
146,0
6,0
2671,0
714,12295
82595,82607
57,0
40996,56276
517,0
2,13772
72,-21877
4464,0
124,0
9583,0
3658,0
2,24060
13,54695
1,0
2,0
13,0
57,0
2948,0
40,0
11,25540
1832,0
15668,0
40,0
20791,0
1,25788
235,0
11615,0
6059,5912
206,0
82159,102097
1002,35787
360,0
35,0
68568,76974
22,0
4,45586
546,8690
1,0
3126,0
956,0
301,87767
1316,0
47,0
45726,44960
1038,0
1159,0
1699,0
81521,81167
186,0
1950,0
167,0
3674,-18161
2,0
55948,56081
1,110564
4554,4250
1169,0
274,17029
29248,118790
1,3189
19,41825
1192,9590
12,0
151,91248
5,29891
6,0
6930,25621
19,0
5399,28299
50096,55996
2458,2942
23,94252
94291,53100
4214,0
3597,0
1,0
189,0
87,0
11,0
68,71377
13843,0
14248,14248
18,0
10563,0
276,271
27266,0
100,0
62,0
47032,55822
476,0
326,0
1,0
5,0
1423,0
28,0
25276,28294
61,0
30985,58471
4779,0
102,278
16727,30204
51,0
8,53868
372,2614
79325,113233
4,0
3896,1611
48,0
9,9
1,72876
14,0
8,0
14,0
242,0
9,0
135,0
37,0
115,0
54541,53595
20,0
5730,0
62,0
40,46473
6,0
86,0
1234,0
3,0
37,0
84,0
14231,86569
1288,18510
609,0
1815,0
11017,47703
406,64802
152,0
944,0
4905,0
13316,0
38,0
4,0
1,0
4,0
44930,36169
20,0
24,0
8183,106555
1952,0
90,21418
20810,61276
387,0
52674,46276
56811,47684
136,0
1782,97896
151,0
1,0
1,26202
2,94213
36,0
1,-693
59,0
57031,76205
61,0
46,0
2228,0
417,96273
124,0
59593,48875
5854,24186
14259,0
748,18803
865,0
801,0
3,0
2774,0
9,0
88,0
32310,0
2,3
15079,98383
141,0
41518,47577
406,0
21,14227
2446,0
1071,0
7,64121
3,0
1,0
119,48320
709,0
1139,0
207,0
26,0
6685,56411
2,0
6543,0
553,62345
885,16434
5785,0
37,110552
3276,0
1531,0
1,3806
51731,57380
34,0
40,0
27,0
64255,64583
10,0
816,0
2,0
1,80504
239,62056
587,0
142,0
79,0
2,0
1865,0
1,-42775
31,0
20,0
22137,28491
28,15568
11,82423
65670,69767
2,0
17,17
42,0
766,0
133,0
15994,45333
21,0
35,0
229,38524
4302,0
15,61545
278,0
40,39964
40,0
15,47545
27539,0
5,38841
15549,0
14530,0
172,2
946,559
86529,89258
4417,24434
27,0
2579,0
2202,1688
29651,13111
425,0
104,0
1,0
14798,15266
31,66849
7256,88233
78776,121933
8,0
1,0
64502,51311
47,0
7303,7348
5100,0
11282,38937
1945,0
1,61844
13647,61797
5,0
28348,0
4179,0
26,0
7727,7619
114,3039
2,0
1,0
191,5463
6563,60641
39,43003
3,0
393,0
1,0
29687,0
6044,0
53941,109057
4819,0
33499,66818
124,120305
29074,27933
49117,36356
3834,34376
51,0
3,14678
7,37685
42694,43781
11464,0
1,19601
2,0
1525,0
48659,62330
82636,99345
32364,79092
3,0
9098,0
52688,65278
639,0
5506,5844
91176,21776
49678,56290
10394,0
16239,49892
1,119
1135,1114
2,19531
328,58331
40602,36970
159,0
1,0
9454,11903
1,0
5806,0
475,699
46939,0
11,0
4,49006
46,0
5,32524
659,0
266,0
18,0
66868,60104
67,0
2,0
80,0
3,0
1214,0
31292,60841
2,0
11472,0
47,49448
87521,87545
36741,56345
249,0
2,0
2,0
3469,0
4464,51144
1,0
2008,0
1,0
41,67758
1,97663
17,0
651,0
5,31916
98,0
68949,73799
26813,0
1231,0
639,0
68,56339
5,0
192,0
1533,30403
15545,0
136,56568
25689,43385
8,48765
51652,57781
27024,0
1,0
49,0
6,0
112,537
1,54480
15803,15818
1,0
16781,18057
4,92056
120,5085
1037,0
3,0
32817,34947
253,0
44863,45397
37947,37885
2,0
371,0
10,4404
3356,18369
1760,0
1,0
149,171
10,82269
70130,68003
10473,12133
107,449
16265,80444
10,0
1248,74478
13502,28761
315,0
2,0
7429,0
81043,65666
83373,84768
16731,23443
15113,15754
244,15716
30,31583
51,0
2,0
4283,0
6,0
61598,64087
12,0
14,0
75852,75852
3417,3417
40964,26846
34,0
39,66689
83330,86461
9,0
9,39096
1,0
32673,0
58657,55585
160,882
14,4206
83,0
7,12100
933,0
282,0
886,0
2,1389
1,28789
2,51950
313,0
53810,53810
1,0
15,11191
1,0
32085,0
37,52539
428,0
15,0
14,70614
16,0
3382,43191
411,0
142,0
3,0
25,0
20,78
195,0
378,0
20470,119640
484,358
72897,76923
1,124865
28523,0
53,0
10,0
36025,0
4,0
247,0
9,0
651,67587
18697,64680
6,0
3,17460
136,0
6351,0
18061,21259
1,0
26,0
1,0
23563,61483
2012,0
4080,0
1267,0
2012,0
4721,0
3487,-7185
58401,88229
1,0
21,0
8,62296
3,0
490,0
5,0
513,2431
429,0
21088,21484
4,14293
27673,53825
8965,95412
89064,51694
5,0
1,0
1,41089
2222,3077
88,78136
301,71315
71,0
1,0
42,0
137,0
9,39745
4,0
145,11451
86877,89154
24053,49471
10,0
113,0
8,0
1126,0
273,63363
61686,60477
2,64742
7,0
1,69945
143,0
21,0
1,0
632,0
31770,0
30115,28584
2271,0
5,0
285,0
2,0
2820,0
1162,0
2277,81916
57030,81154
13,66377
9,0
27,27
56219,59997
3280,0
15547,0
88985,132455
59580,78760
2,0
6,0
2131,0
24,55737
105,0
56097,70662
14,0
18,0
1,0
1,0
14865,0
1,0
9,71709
2,0
240,0
11296,0
2,0
140,0
6012,6012
1,69185
1504,0
50,0
17,95591
12,0
441,0
198,88897
61667,75070
72,77442
6,0
1,418
54,0
42,0
1,0
240,42516
6,0
12066,115703
29639,0
743,0
161,0
4049,0
34362,47538
9,0
1,0
1073,12520
7814,15442
1398,1601
3678,0
3,0
3670,0
243,243
17193,0
13,85494
1,44449
48390,52776
22,0
3788,88513
33633,34041
103,0
5448,0
52827,73744
90969,61345
19257,0
2,0
1,0
2710,0
198,2734
1,0
3620,0
35983,43700
1992,2045
38111,66456
247,0
86545,121220
1,99776
3,0
97,44143
25,0
1612,0
149,-14892
31514,83333
5391,79330
10953,17728
1953,2588
2303,0
4,9350
2,0
16,0
1,0
6,836
168,0
35876,0
162,0
13642,66591
306,306
4451,0
1,0
3,0
1,4506
39610,55743
22,0
1061,1051
1,0
9,6964
1,0
638,0
39,70599
15,-23186
1,45359
9042,0
22892,41828
86,0
12,0
69170,75317
17287,0
5,36060
5,66479
6,0
80,0
20619,36283
656,0
7,61422
51550,52996
335,335
120,0
5553,0
132,0
1811,6447
159,0
19,21917
2,0
21,0
16,0
4069,7382
4,64133
17,0
5307,0
700,0
1060,12285
2,0
9170,0
15229,0
9,0
16,-17137
27,10788
1,0
1719,40038
234,0
78912,69734
31,0
536,0
18096,38010
3292,0
4,0
34,109313
2,0
2059,0
170,7784
7313,94975
19,0
3,22365
2158,0
9579,0
5219,16376
3015,26202
622,0
3,52923
288,0
10284,67415
582,561
104,0
666,0
522,0
22,0
1,6144
4308,0
73236,59475
1824,0
7,39195
61,0
2,38
56601,95398
2295,0
3,0
3496,0
9,0
628,0
2,62023
67,3706
1,17699
810,0
17,0
9571,0
32,0
74962,85965
2,0
1,0
179,0
526,0
4262,0
36508,32657
3,0
2273,0
76,0
30082,75101
80443,83742
19,0
83,6505
2,49761
787,0
2,0
1,60569
13,0
67,0
6,20675
5,0
94032,95690
1879,0
1,0
182,10197
99155,79941
1,0
2,0
4941,0
71899,95448
3,21986
6960,5930
9,0
30,149344
52914,38381
2710,0
230,0
2,42201
166,0
168,0
54116,60604
14,10582
17,0
10,0
4346,39712
47833,95184
4,0
1,25343
8562,8355
47165,68206
717,0
1,0
80,0
3,0
8806,0
3,173908
48,0
120,0
2,0
4298,0
26272,75487
1,0
46011,71319
106,52651
5076,5076
6,0
1,0
2,0
4,0
29045,93400
1079,0
32561,101642
8110,73530
39637,36409
11,0
34189,14203
3118,3265
111,0
19,0
380,0
13145,0
1,0
28,35352
10476,6044
56,0
3,61690
49,0
2,-19
337,2515
11709,7965
32,0
1,0
1,61294
3870,0
641,0
38750,41350
30,0
15996,0
187,0
376,0
22563,87846
1,0
18588,63005
29480,0
25,0
2203,0
9,60200
203,1150
29196,0
25758,29425
81,52008
42839,0
3,0
427,0
32699,0
21988,94534
2798,0
2,53624
1,4226
1111,0
13366,34318
71877,128084
468,0
30,0
509,0
564,55947
27177,48388
1,-4556
35,0
27,3491
632,45896
19495,34034
59157,30783
5130,0
1686,45501
4892,0
4,4
95,0
240,40633
2554,0
28582,35662
23911,67987
6,0
1306,54831
81,0
75,46883
30789,0
157,60765
11835,0
2916,0
8,86933
7,0
8503,8427
16880,17325
2813,45183
31391,0
322,0
348,0
33,0
4355,0
8108,0
4,0
3,0
596,0
23,0
417,0
72416,72194
68,0
25341,66289
4,0
3421,0
17,0
1029,0
41,73131
3885,-3660
55898,83911
7115,7114
35848,35423
37136,0
4,76041
1830,0
97,207
10,0
1190,0
2,0
51,52
1,0
2,0
1,0
5370,-23894
9,19620
1038,-1462
2,64786
5503,0
31497,69542
3746,0
4087,0
952,0
32,0
19356,21620
103,0
254,302
622,0
1771,1757
85250,78614
47061,46798
672,0
115,10877
2,22
5033,0
2,0
899,62173
937,77514
5,152144
1,0
47,20165
43095,63324
276,0
169,0
44634,67396
182,0
20663,9205
37,0
3,9103
44014,73270
2,2
6,0
18698,25226
131,0
1,0
8,0
4,0
628,70298
1,0
3705,3710
4,0
15589,0
561,0
1396,0
4,74676
7628,0
1115,45008
80671,45746
20,0
1217,4335
949,0
1,45455
34414,34946
2313,0
376,0
8692,0
8,44466
3,0
72,0
60,53288
500,0
4,0
132,90317
4023,2446
25859,0
4677,57350
3596,0
87906,78154
2,0
368,57155
59015,42072
1,0
488,0
129,0
33019,32950
301,0
43,0
19765,46587
22,0
3,-9
16327,0
25614,61242
1,0
218,73900
26,0
2,0
16,0
5,0
34889,83265
7,53903
92347,113613
1,0
5,0
1805,21857
4,0
1,0
66,0
13956,208
5399,5369
90,0
1,0
1269,0
19262,11710
5530,0
2062,0
663,0
127,0
150,0
7005,12185
1,113058
113,20452
42,6398
14133,0
12,0
366,0
1950,0
2,0
60486,59590
87,0
8689,9664
160,0
445,17278
1,0
35092,51195
398,8338
44566,81277
16358,-10573
27054,0
17,0
31198,6572
3,0
309,0
2,0
24862,24943
2,34991
7,0
1,0
19,0
10558,0
3927,126696
1312,49550
10943,10631
65,0
27938,0
5918,4404
1232,0
5,0
40021,71960
3,65930
213,0
28510,0
110,38496
90,0
62143,62139
56402,61731
268,0
503,0
54890,54888
8,80453
4627,0
4054,0
471,0
5,0
22455,80762
27537,73769
36672,56180
11,0
56846,36008
4,0
28,0
1467,15569
11193,0
3,0
2208,0
4,3
1462,1517
4,0
5,0
3,19583
32331,62350
4756,0
40874,7131
5481,0
8135,121322
1,0
2317,49186
2,78995
3,12853
44080,43008
578,96105
1435,0
1,0
1,0
1,15
96881,89639
2,0
1267,5483
289,55257
1,0
16137,0
60,0
9,40082
5050,5050
9756,2943
14554,3772
1,0
19,0
4092,0
9382,14564
22,0
39,39
56,20808
9256,0
24,0
97286,122312
9918,-33931
8591,41380
60,15987
20520,0
7,0
10730,0
2,0
1,0
770,0
1979,0
605,14979
4684,69587
1,0
2279,0
1,0
1,15
1336,0
5,0
21,0
302,0
289,0
5,58123
56180,78603
55897,80868
42964,57600
68,0
47,0
35,0
1142,0
8,27741
14,0
15,0
5568,0
1,0
5,108177
18,3949
12,81957
1406,2678
8537,0
1,0
17,0
7,0
4,0
3,0
13,0
31,0
8,0
1,0
3945,0
19,0
2919,0
6,0
252,106940
7993,7993
189,0
1225,15781
15292,35923
107,0
47761,56766
9837,0
128,0
5534,60312
63,68995
52,0
77,30813
23,0
84117,81477
1,0
233,54967
7333,0
5432,0
95021,97614
58,14230
14,7
10,0
23,55968
1,425
11397,10935
2325,0
790,51259
5,0
26,0
894,0
34,13357
285,0
1,0
5834,36617
69662,70093
696,0
448,56484
119,0
11183,0
2944,0
86791,90057
657,10260
313,313
11322,0
7097,0
3596,0
58347,65565
36,0
7,0
432,38130
53802,59151
346,0
3072,0
10742,0
10,0
459,0
5,0
993,0
1,64019
4587,0
34,58776
1108,41219
3,0
3,24
1,54918
18211,8824
33,0
396,0
1,0
86,0
52134,53539
35,0
48574,97396
18,0
67,0
2088,6498
3121,5521
199,51687
10,0
2,0
3985,14538
12,46555
69853,76162
6048,0
1661,52868
9886,0
9278,0
12,52125
318,0
85,0
83,0
45054,41786
89,0
1,59033
49,9501
44,0
134,0
51,0
6103,0
38970,0
60,0
83,83
30,24568
8261,8911
829,0
873,65484
712,196
95,0
90,0
494,83087
14719,41845
2361,41524
57,25054
42332,45945
1,0
2,0
1586,7473
46,52719
209,0
11,21605
1,0
2,82083
1,0
796,28098
1,0
1,0
38981,50938
19925,55450
37212,36123
1,0
9,38393
35,0
3267,0
25,0
2952,0
27,0
40654,45459
5,0
4,68674
1,0
8,0
55,5550
13419,0
64377,118763
579,0
3515,0
443,80072
210,72539
1,0
18,0
2773,0
2,12235
24142,26281
325,70696
19855,28478
22,93250
66,30349
3776,0
7935,43639
716,0
2241,0
3571,0
256,404
58,0
32,0
238,0
72245,60329
1,47240
8,0
2386,0
4,15765
188,-30499
6,0
110,0
1,0
2014,0
12,11
1,0
1,0
17,28089
147,0
104,26420
9408,0
1192,0
31,0
3,0
144,0
6,42363
126,0
77,0
40887,40934
6,85326
60,111643
572,0
48,85355
218,0
21392,21698
129,0
1144,0
1,0
4866,0
194,0
15,0
50,0
3,56740
8,0
26284,26809
123,13211
241,0
6,40316
1,45211
34,33931
2743,28017
268,0
3,0
12,0
37960,50077
21470,46098
1,54500
6,0
1,0
7191,-6277
1016,0
10505,0
5837,0
63449,63314
2,0
1092,0
1,5546
347,94594
9414,9414
9051,15943
95,20949
56718,84623
342,0
75716,66030
4,0
106,0
261,0
2,0
11,0
1,0
2343,24786
13,52228
41,51840
672,0
220,0
22333,19786
117,0
2,-13253
575,0
99639,99339
68,0
108,18389
1,0
67667,91178
19079,0
139,0
854,25898
4,77350
3,0
14,0
53,16763
69359,71417
59,67473
12,6250
35928,76689
4837,7543
78399,93075
4,4
2,0
201,0
46,26496
50500,67798
51966,72610
1,63987
2,0
45,0
143,10660
5,0
162,57622
8,0
5,18303
58430,76688
60327,65415
9448,0
74,65462
87759,87080
38813,0
505,46395
2,0
2882,0
12416,94033
36,28367
79167,94732
84382,101088
1229,0
3378,0
21751,71928
2,0
1869,-5645
4556,0
28487,0
18,0
1,0
2,0
1210,0
135,0
209,0
1,0
22045,0
240,69600
97506,141124
98,0
2502,43919
33608,58271
1,51521
91,0
1,51124
622,78585
15469,45992
40939,40941
12462,0
87,63483
1,0
59,7998
1619,47268
1,0
63790,56403
61585,46392
65,0
51,0
205,0
40,119448
261,36720
3548,56097
28,119887
28687,28789
44373,40955
21078,0
4,135943
54964,51351
236,0
37814,84503
2291,0
928,1278
2956,0
71,0
1446,0
1,0
32649,61515
8,0
2938,2946
20,0
13,0
4566,0
36561,29039
184,55256
11,0
1264,1264
99,0
947,0
212,-830
339,0
886,14085
243,0
1,0
1378,0
37644,0
70528,90301
682,32903
5,0
205,71276
3,0
80,0
28145,60319
97,19170
32956,26598
3805,10275
98,0
1979,13394
13,0
50,0
27080,16967
1,0
5,0
1737,0
6,0
2,0
5715,0
9704,9557
15075,0
1435,0
20,-62
119,0
463,41729
145,64573
69729,60528
24,0
5,0
792,0
1,0
188,0
2050,2079
194,6704
3624,0
3686,24947
539,0
24616,51745
46,0
26,25
1,0
4823,0
11426,75956
63853,63797
4,0
11,0
783,0
180,56473
103,69001
13966,89086
11203,0
452,0
4,48576
4,79405
4525,5492
352,89211
6,0
2568,0
17205,0
109,24930
140,16196
772,0
403,0
12398,0
923,0
6798,0
2421,32626
78,0
29,0
131,0
2,0
24,27693
3693,3693
122,37472
8747,18622
2,0
12559,12559
31,0
15,0
24,0
18575,104256
218,0
23205,21247
38,0
7072,78014
266,0
29,0
282,0
4285,0
6,6870
354,0
20971,80500
1,74268
42652,18003
18878,18870
81,81
7,0
92164,152229
39,0
64,45113
442,0
6,8574
3,93424
78911,84497
4330,0
264,35517
12247,0
3036,2712
47,22762
1448,0
2807,0
18950,0
94,0
398,0
585,0
64018,66993
3329,0
6,0
1,0
2,0
133,0
5,0
1830,0
3,76259
36987,88632
9,0
17,0
8658,0
645,0
61,117212
26103,98078
13627,13577
79456,80040
24075,0
5490,12032
1860,95790
35,18975
29407,33642
877,0
15,0
2175,0
943,0
3,0
2,0
206,31869
1866,0
126,5857
202,0
41,0
29488,0
2422,0
1,55320
52573,62847
11,12269
47960,77612
52,98959
306,0
1,0
1,9505
282,0
9,46622
1,0
3,32241
76590,79528
5546,40932
20596,20142
23849,11398
389,0
7244,0
31445,0
1013,0
11321,0
679,77680
6540,0
89,0
14148,23221
1,0
618,0
1382,49250
11,191328
6867,0
8251,0
119,0
2188,0
2515,70169
23129,28627
25920,44785
3977,30586
50200,54107
60,96920
3,0
29,720
13783,68585
2,0
1,0
1537,0
200,0
4,0
30,49931
999,29705
7826,0
32331,92726
2788,-4894
130,0
16,0
21395,28167
93,0
5,0
12542,73618
2,0
36,39912
49575,47782
49,0
10766,0
4101,0
108,0
669,0
121,12422
17,57897
23980,0
79459,83802
3,62
775,0
68,47128
5183,0
19,28133
82134,124819
218,0
3862,0
5818,0
40,10152
17972,60938
12,0
1,42594
142,0
21238,0
2,0
91147,64651
75,0
11754,0
139,71731
3224,0
31709,94354
14809,14809
1,0
7,19580
59272,64958
1,0
43,9751
882,0
1,0
1,34147
25923,0
125,0
1257,45669
1305,11408
23,0
23,-38888
2513,0
83963,97322
26049,62473
42750,16591
117,66655
1,0
4799,0
202,0
2403,0
36,25874
43,69506
19308,0
36,0
734,19559
1,0
145,30750
97,54434
14,0
11,0
5232,0
41,0
423,0
33,0
64153,87280
3,0
2,0
2532,22372
24,0
69330,115846
9270,79579
62,0
10895,22644
509,0
7219,51129
20,67868
90,17351
45121,56776
326,37509
15,0
14708,60024
2,73233
457,2927
286,0
934,0
1691,71704
221,0
14,0
176,0
1,0
100,0
1,0
51,0
69,11452
448,0
55679,72817
3,0
1436,1418
40605,108085
8354,18510
27,0
48,0
113,0
292,0
25922,0
57630,71110
390,0
21,0
504,0
20,61319
1007,0
322,0
29691,29637
89312,93992
72,0
1696,0
9043,41977
1,99467
3516,0
21,0
1301,71091
18060,18076
8,0
23,14275
389,0
7173,3186
1,0
89,19967
1,0
12966,94729
3,39739
6237,0
1,0
3899,0
58031,59859
173,0
1537,0
1,7393
1103,0
1621,20801
2,0
6,0
2698,0
5,0
58,0
31025,0
2,63479
57,0
95574,86433
26413,29052
3,0
2,0
40837,88752
1070,1927
4,0
148,0
3,-3
3,66178
74938,0
2,51219
47537,48503
2,0
19,0
3889,114281
3,0
16149,39375
290,0
4,0
1,0
41800,50111
1,0
5769,0
75,0
1,0
5,62674
126,0
4,0
1,0
40181,80967
1254,0
1648,0
1192,0
93,0
2,0
2106,7502
1,0
15272,3903
58,0
607,63295
220,0
29,0
315,0
1,0
305,0
3409,11590
98439,103530
31052,0
69380,119535
1,0
357,0
60,0
57155,57132
37,119222
1,-12928
23938,25175
60,0
2987,0
18825,0
122,0
2871,0
22,93423
2,0
7,0
34,0
123,0
22,6115
2664,2739
4,0
1,9705
2,66516
1,0
3,66522
704,31177
392,0
804,0
196,1935
2758,0
24682,0
36,0
5,-402
404,0
5,5
1,0
63,0
12,0
2884,44603
18,0
41,0
10,28990
20,0
29,0
81125,85354
47705,93752
21153,24830
6,5231
8,0
26,0
3501,5520
1,44396
85,0
21,0
4002,0
37566,54038
38085,42442
337,0
12,0
46,0
9464,0
160,5526
68,30035
2172,0
12100,0
296,0
14,0
4,0
2,0
2,44273
10762,0
2,0
4269,0
1,16164
37,0
43168,43852
5255,1381
7575,4525
1,1
6,0
3328,0
39,0
55,0
4,0
78786,78786
9953,0
41787,49630
24076,57668
10102,45777
14,0
2,61522
18759,0
97265,101648
36,0
191,0
25393,0
14749,0
908,84926
237,0
154,0
1950,65421
2979,0
1,70807
3,0
242,74243
1224,98703
33,38805
69,0
56265,54875
9271,40881
4,66929
3,24983
259,0
1,0
1370,0
135,0
2,13214
9,0
2757,29460
1,21802
708,61481
57,0
39,0
15880,57780
1,5220
57370,80049
2,0
67,0
366,12162
145,16492
2,9890
3,56154
18,0
475,0
300,102353
1,0
16,0
12,-391
1755,0
36,51397
171,0
341,17822
42790,59276
1,41051
2,0
58779,96770
41,94430
47244,47242
2593,0
1,15
8757,-525
914,0
32940,0
195,0
21743,0
19,0
42,0
9,84739
2,74448
421,0
416,0
48319,92722
18839,63600
218,0
3168,0
1,0
15724,18262
54428,98418
385,0
1226,0
5,0
13596,13596
516,0
43,46288
398,-37
1,0
133,0
36,0
4420,4420
1,0
791,61888
3,0
2603,0
259,4546
1658,0
180,74393
10,-11418
9212,78243
2186,11782
9,0
1481,0
1,0
3,53137
2,0
8679,0
355,0
1808,0
110,0
19,56619
2,2
2,0
75,78917
69,0
1,84292
16724,38265
64409,64085
1,0
432,0
48928,67957
10461,10808
14386,0
1,34851
196,0
1,0
53236,39155
67,77004
10,0
41,0
13121,61006
10,0
7035,21235
1,45260
14,0
25,0
82783,79169
3,59440
2735,0
124,26164
494,64894
1,41667
65,11570
1,0
1,0
1520,2187
48810,85851
6,1201
5068,54495
1230,0
1551,4696
2574,0
102,7681
2285,0
18828,0
20901,21365
61,0
1266,53915
532,0
1,21022
4,0
73,0
19,40624
25,3247
842,-2352
1,0
23,0
1,0
3,46642
2,0
1,0
3682,0
13,0
802,0
87449,129070
43565,41758
91,-5257
11913,0
62347,51800
12876,0
3,0
5032,0
1320,0
847,0
2628,2965
3,0
9745,43929
2,0
5,77929
67,57700
40185,82469
37,0
479,893
1294,38527
16,20704
4,0
3301,0
1,138185
81,73689
96093,95430
37,0
22286,22345
1,29573
1806,0
481,0
42139,53388
109,20040
12659,20753
2612,0
43217,50698
129,0
513,40211
2031,0
4132,37663
43889,0
87,16853
5519,123939
2255,0
948,0
165,0
11,0
8,87400
24159,29968
4492,0
4,0
3909,5436
4,32978
1022,1022
28,7622
12905,31825
7,0
35,0
83,83
64883,88333
197,130119
12,12
2545,0
73107,88621
1,61025
6236,19089
2618,0
76979,125033
66,46920
12,0
51858,0
44,29715
1808,1833
11600,31545
2947,2781
18145,16257
69,0
1,0
154,0
48791,58989
4797,4792
3,3045
92247,103074
25,0
258,0
12318,0
5487,0
10695,0
250,59452
20244,20371
3274,40610
2,2
3,0
3130,0
12,0
2030,0
3431,0
7549,33892
1281,1282
15195,0
6307,0
15,36401
11388,108303
1152,0
8663,0
8919,5048
1,0
37,0
34678,64069
157,157
105,0
5,39852
22862,37732
170,352
8,0
40,91703
13,114076
58,0
159,0
8,0
1,0
24478,43740
173,1598
327,580
360,0
14118,35431
7,0
57750,70889
552,0
1,0
3,0
913,912
64,0
1011,0
4,21102
184,47002
24,69897
45,725
285,0
2898,2895
5696,67839
83,5369
30841,33803
1,-600
108,114450
363,47113
9,0
2039,41308
231,0
29323,0
87,73061
33,0
27,0
90,106109
13368,0
25768,0
8453,0
20,0
2,0
61358,67166
704,66680
2,43770
6738,6780
23889,136122
30,0
11507,0
7893,0
13,50802
22,0
4120,4997
1,0
29255,96943
20265,42465
5478,0
141,0
770,2145
79368,92875
108,0
2,0
99045,101268
879,43747
349,0
140,0
1881,0
941,0
8911,0
19,0
71505,77173
7561,0
17,0
2181,0
1,76912
14,0
465,0
2,66857
1521,0
1230,0
1,0
3025,-966
940,77292
4601,0
71023,112921
52,0
5618,5024
17527,0
296,0
164,12438
487,0
63703,92535
10,0
32466,0
44,0
6,0
2,49843
39,0
1,0
1500,1503
2,0
14,0
332,73881
336,4423
11038,0
168,0
1,50422
1,0
1,40329
1169,0
24,0
1330,98416
9256,0
62617,65796
61478,74050
3580,1792
181,0
12,0
1237,0
4,90474
2494,24145
10734,6291
2,11816
30,0
3943,52384
1,0
436,0
52,0
28,25165
10678,58952
4,31730
7,0
1,0
1,0
343,0
5083,0
5,72740
2,-922
41685,62358
237,4995
40,0
2974,0
12892,24036
25329,25728
4,0
36625,30698
4,72193
16,73815
52810,52812
1224,0
3583,0
15018,79315
3168,0
30088,34726
60159,49227
19,0
4,0
6,56130
8527,8482
9834,74766
38568,41829
1411,0
3796,0
7,8412
151,0
2,56083
651,5676
9129,17613
102,0
7,0
393,0
65,0
29,0
3,0
9438,102757
83866,131314
83266,71238
7,52510
5,0
10767,0
16309,15247
16,0
98,97
2282,5939
2,0
29,33710
210,0
4,0
1,0
10,-132
636,0
83283,87059
18,0
2,27103
615,0
2826,48981
78354,80227
1012,48611
94,0
1,0
32,4667
42,42
15203,74341
4367,0
2,24264
31,68301
291,-421
608,61687
2,0
71732,65041
22,29818
63790,88660
1,0
79198,84199
60297,119567
1378,0
8,89343
1,16443
2,0
3,0
982,0
96,0
5416,3891
6,0
1068,0
472,0
2,0
7,2737
475,0
2,0
1,0
46,0
7480,176614
2,0
192,0
216,46594
103,0
2251,87253
733,0
5373,0
9948,0
34578,43920
1,-6168
1,0
45752,44794
996,0
61467,50131
23,0
4,0
44659,81445
197,36664
47117,0
237,0
18,71609
105,105
32878,36852
782,0
1529,0
2,72780
370,0
9,43104
24,1505
1,57016
95450,84403
67017,71593
48723,48546
5,81389
30722,40264
232,0
157,152989
7,0
358,0
127,20520
45,101035
29,0
2839,45666
45,0
2305,0
12,0
1,0
768,0
8482,0
1,0
1065,0
953,17915
1,0
19485,0
233,58907
2368,0
583,65408
27676,0
6761,0
551,0
1,0
340,109081
234,0
27050,40281
1,0
2,0
93901,96828
117,174
1,0
10009,0
2522,9705
3349,0
54975,63949
208,0
3,0
61125,34431
3684,0
409,0
33905,59829
70,70
2,64196
48138,54458
105,0
14,0
67,0
56,55434
29501,110164
1,0
2054,10994
7,0
39853,83884
566,0
111,0
64995,80663
64,504
13129,72787
12599,13481
10495,15233
20,46902
658,0
13,0
515,0
384,384
84745,87728
39,50392
31795,42356
1733,0
614,67510
3671,3567
381,0
64272,88544
1,0
81628,85165
54,31078
145,46841
2,0
2,0
10,68623
225,50056
2226,86671
7,0
37553,22428
5687,6080
15419,55627
25115,25225
2,65823
17,69607
84584,100902
2,79814
23,0
3,0
35100,0
11,-343
29,0
3,74038
415,0
70,0
123,102776
35715,62400
212,0
3246,3470
27,0
38,0
3,0
11,0
28002,28241
693,12898
1,124076
253,0
16,0
4038,0
742,0
26,-34
908,0
55,28202
35,0
9060,0
2491,0
2,0
9,0
1051,0
2049,0
190,-1532
91,0
79,0
1,0
7031,0
1583,1580
10,0
34790,62975
3286,0
1479,0
27,0
1,0
68593,107499
24728,25344
551,62783
1056,0
764,-11786
89689,90145
361,0
8,0
188,0
11654,69736
562,0
367,0
754,0
1251,0
52330,56404
8774,114740
4585,0
2825,0
37,20004
2318,10360
20163,68475
1,0
14226,0
42107,75669
3849,-3467
6,0
2,0
43765,0
11539,0
726,0
474,0
2,23329
16,0
25,0
1324,19533
224,0
6278,593
5,0
2,0
2,0
2393,0
71,6597
6,572
1628,0
16156,0
21408,0
136,0
3,44010
3025,0
114,0
4,-143
1,12960
23,0
1152,-16464
3,113631
43304,0
1,0
1309,0
27427,77640
69,37506
22520,21605
826,0
72,0
25909,26225
14,55064
206,55806
13,0
17,0
94483,94609
131,0
1,0
534,-45374
866,0
10,0
96869,95288
159,0
14539,0
5,34434
1,0
17978,0
4537,5827
70875,62712
8,38935
57,0
96,0
408,0
6747,0
1355,49090
5,0
3058,68868
129,0
3,0
18,0
2644,6644
9,22608
2,0
99432,99474
24,0
66,66
44,0
910,0
4,0
3,33356
13,0
81,0
798,0
75,0
1,0
1189,0
1864,105315
2,0
19890,19884
502,82242
1,0
1527,93234
31774,31310
57,0
1,0
152,0
3381,26792
3053,0
975,1469
2,0
17,0
1,0
29147,55820
17,53733
32765,68070
1,0
33428,57670
160,0
346,0
7405,7405
3323,49713
11,0
572,57230
11917,72695
62807,82526
69949,69017
11993,0
3,0
2888,109675
1,0
250,0
1027,0
647,2334
536,0
12,1232
1,48985
30,0
2850,0
78933,132881
15526,79095
1960,50312
1443,63899
93315,114058
1,0
19250,67486
13,73298
279,0
26,0
230,0
1,0
3556,0
7,0
484,0
1,0
15120,0
7721,47485
1,-8625
1,0
91,0
1,-224
1268,18068
625,32052
1,0
855,0
825,0
1690,0
89,94
31,0
1,0
18923,-29118
1971,8903
7,0
202,0
2227,0
2,0
1,0
12,0
265,0
61906,93109
2782,0
141,30736
257,0
1319,0
1281,0
18,0
21,0
1,0
241,53334
3544,0
149,0
64826,90786
11,0
18,0
43830,61416
7,6107
2,0
1365,0
61,89834
147,78480
6,8866
14322,0
5,0
18,0
1216,0
64,0
303,0
3243,29688
21723,8705
71089,69549
6564,43038
365,0
566,0
2,2
3267,5245
719,0
3,0
47383,47388
46,0
27,0
22,0
796,0
36740,58941
862,0
558,20051
29191,49910
100,0
37394,23075
461,460
182,0
1,81225
95,89543
19413,0
1,0
5433,0
19423,0
15,0
8,0
1,0
11,0
5934,0
661,0
5,0
339,53272
53986,68618
40914,0
64,0
3,0
539,0
34,43426
1,94440
4,48999
17,30381
1,0
4,0
804,0
38982,0
596,14055
3174,0
4166,91634
64236,78450
811,8103
4,63316
67,0
58974,118743
39,0
1878,51966
313,25724
45,0
16822,0
26,44842
34080,0
43675,64767
2,56784
450,0
3268,0
81,34973
61,-5341
1596,68444
1363,54552
255,0
22,10562
39,0
8,-3533
73,18395
18222,99315
3,0
8462,71928
26649,22685
4,0
49826,0
2581,0
256,-1502
15,0
17,33223
4,0
94,0
8180,0
575,12116
779,0
12,17741
20576,20574
5776,0
3204,42733
1,0
4,0
8,15377
4,0
286,58054
117,0
6,0
360,0
37320,62778
1,0
9,37979
1652,0
12,0
52120,57174
91385,95479
2,0
7,0
22196,0
1174,0
7,0
33761,0
1018,1021
75,0
1677,0
13304,0
61,0
19,53455
996,0
10591,10600
1,0
63,0
1238,7984
378,0
1216,52641
6,0
10,0
1203,0
80279,86245
17,0
128,52113
68540,74784
78,62739
6915,0
110,0
1,0
1056,0
35148,44479
181,-18513
8951,9019
178,0
64,71864
55,84698
10,0
493,0
9490,27571
72,48222
5472,0
507,507
30,14925
3,0
3,66307
556,80648
3395,0
18214,44170
2088,0
742,0
2,135018
961,0
5037,0
5084,43928
151,90561
8,12818
751,0
5,0
10,680
244,42834
14714,20166
67716,134444
1054,0
7,33252
175,0
10802,36706
11127,0
33,54588
1787,0
1,0
71,0
76715,78861
12812,0
8079,0
184,60808
1,93314
1498,0
4,62026
21,0
69,60
2291,-40342
37968,36295
5276,0
120,0
242,4818
21,0
3584,4766
1,10983
1,0
4,0
7337,0
1,0
29,13058
22,28737
489,-48002
8081,84214
48114,48215
2,0
1494,0
31,10892
4998,63453
57,52875
6,0
1839,0
6,0
3,56302
7503,9152
62355,61945
15,0
64,0
565,0
118,59130
23904,38109
13879,0
10633,49667
38754,38708
7,12263
5,0
2929,0
5,0
2,70499
6320,0
28,59825
235,66267
9,0
37,0
1496,1472
329,0
9,0
2282,57944
3,116354
352,0
238,70917
69131,67972
1385,83736
23,0
3725,62242
2,0
11,0
42,26806
274,71917
5748,80242
6388,6192
1037,1036
755,0
35,0
4,0
208,0
206,100
1261,0
630,0
5498,94196
82,0
175,0
10,0
79084,70278
1,0
2435,0
119,-4014
16030,68080
214,0
13,0
3772,0
678,0
13,0
1,0
49626,0
34578,58725
6,57460
264,0
6,0
2,0
42898,106025
39,0
1749,0
29,0
98937,98385
2747,0
31108,40437
24966,24886
5,0
4,0
1,0
736,736
2,17640
50,0
2,50737
1,0
3766,15714
1751,9981
11,0
1,205
1356,0
71,0
19815,0
12,49582
1,0
5,40372
45,46110
471,60231
70,0
13,47084
21,0
77876,60728
121,53449
141,43925
12816,75256
1,0
10028,-1082
35010,39197
79934,71453
41,0
7828,0
476,657
1961,1961
30,14957
8,0
3,0
187,0
25629,59342
37188,18059
36497,52455
5,-31829
321,142918
13,0
4,48298
185,185
337,0
196,0
82,0
19,0
10504,0
34,0
37,0
200,0
35246,0
19542,8458
1,0
3,27921
1446,140784
393,0
1,0
8,0
10756,0
2190,6396
27697,38874
11,0
2,0
3645,57133
375,4495
1,0
29730,0
2827,0
176,0
1265,0
192,0
1,0
6442,0
3335,-10036
18,0
75963,61266
21,173
603,603
69,0
1017,0
4,18908
1,1273
118,0
1,0
5562,0
152,0
4,0
84422,64595
12934,54481
37,0
18106,29291
2692,0
48,0
14674,76458
47,7270
34792,54700
65,0
9248,9255
52242,64766
55,0
65,28298
2,0
19428,0
2934,0
1,77875
13952,62166
2,0
35,38715
19121,32162
1904,0
10,0
191,0
11068,126464
6,0
288,44517
23190,0
9268,80827
1,75497
65525,72881
1,0
21560,19880
35215,142331
21859,0
3,0
6988,27377
7141,0
2959,0
43901,90808
40,0
51,0
656,0
231,48597
1154,0
1,0
9,0
1,0
3,234
4036,0
1,0
39870,0
50,0
11282,11282
2,6510
4,0
2,0
53,54312
24321,0
5,0
29,46007
204,0
2,0
54,21950
14113,-2188
21174,21194
254,254
185,0
10,0
4042,-10833
41985,75032
8,0
3,0
4,0
87370,74987
210,0
2,0
4477,8157
16582,16582
8795,0
67547,70308
141,0
3772,5296
1,0
52260,78654
1,622
2767,3127
1,35758
7976,60070
3218,49052
1,0
74,0
29360,30864
367,0
861,0
19385,72262
14,0
7,0
1636,38135
5449,0
279,78938
4762,70098
12051,0
85,0
9612,38381
15731,-13934
8457,45139
7,0
12914,12636
1183,0
1,61062
44,0
320,79061
2,48172
7,0
20370,0
5411,8845
1,0
104,0
8588,4100
4,0
133,0
2314,67052
297,0
2979,38419
319,0
28,0
722,0
451,19060
3,0
9,99784
24014,23954
2,0
2,52400
18,0
8,0
1166,0
25,0
13,0
2,56639
11,90183
214,0
8,0
4,0
1375,0
1715,0
23043,0
10618,79500
31,0
4227,0
2,0
8,0
6529,11344
19047,0
712,6383
1,0
1,0
23,23521
2866,9372
17,0
317,52349
7,45614
1608,0
2865,0
77,0
5,0
16,4113
105,0
8762,0
84269,87094
10,0
122,0
6840,0
31,31
442,61531
2005,0
9,0
343,23694
21571,0
1,56851
1385,0
262,0
13,0
10658,40222
1,0
1,0
2,0
8,0
240,29303
8,0
4,0
29,31
865,54837
79361,68334
588,591
1,0
13329,0
290,0
4909,0
141,12158
59,0
123,0
1,0
36,32186
242,0
1642,0
122,0
117,-4386
24,0
35518,0
13154,-1481
337,0
106,0
1650,0
1220,0
1,0
49714,85821
15090,0
2277,0
75,0
1,17458
1,0
43881,0
583,0
12226,42805
34189,0
14158,104878
8619,51684
5320,0
266,0
15039,3568
3092,0
6992,0
86,0
1645,-19839
6,47627
216,0
36346,78000
25,0
43,39735
474,92820
1762,0
33338,0
676,871
64,0
1150,0
27124,77749
52450,15811
37,0
486,0
2,0
88330,86618
12734,0
37,1700
53,7968
29,0
280,0
117,0
298,43032
708,0
11598,60429
1417,39756
2203,43464
9090,-36143
1,0
2,1243
4814,14719
1,0
1,0
108,0
314,0
1,0
343,0
30,0
15746,63118
84,0
3,0
36,-45949
5,22
6,8603
1,0
26994,40008
133,0
6,0
80,72592
17026,0
24280,32374
106,0
1,83110
31,31
2261,0
1,0
69,0
3494,12272
371,17537
33496,0
79997,93406
2,-23
286,0
15,0
23887,38862
22022,21752
52303,75099
33751,35955
1,0
1,43921
145,5398
241,0
234,0
63024,64379
5,0
4,50347
13,0
28,0
562,6449
42964,69458
6,0
201,0
64,0
8,0
10,0
25,27
76323,79416
1797,0
4785,0
169,15237
1120,64862
9806,0
8012,0
47010,71059
106,0
1,51076
12746,76583
33863,64912
25,6643
3,0
51610,59141
393,0
4,0
33,102579
66,2840
57,75217
45422,63558
1,0
4,0
295,736
8113,0
1,0
3,0
863,0
3134,0
223,0
3218,0
21,99086
1,0
528,0
28853,54394
16,3515
4,0
514,0
122,0
1476,18739
3003,50220
498,55809
335,0
3,164259
34,130005
38,-839
1,0
98,0
83248,100287
1529,0
28,0
1,94640
11793,48266
17362,19592
56,101
29806,31287
280,54100
9,0
2086,0
457,0
1576,81952
5,0
8,0
47299,18966
29,26723
347,18010
22100,42973
4733,5342
11,0
1773,0
56,0
772,49338
26708,-8320
4474,0
1887,0
51,57
429,0
1,1437
5,0
120,101220
1,0
3561,3707
1037,68377
1,0
4,0
1643,83373
175,0
5,58147
5,30891
96804,82437
5833,0
43422,93234
24627,41425
26759,0
93684,139587
324,0
33,0
709,23910
10341,9527
9747,141471
171,0
13,0
5,0
26,0
15,0
3687,68370
4,0
1,0
5,16924
1,61391
39,0
231,0
1,70641
10,21014
209,0
44245,62074
502,0
4,0
6036,0
1747,1749
1,0
2504,0
501,3945
12,-511
30402,14292
128,0
3136,59951
99812,96458
4775,4775
3,56870
1,56196
60506,48892
7,19708
50,0
70081,95588
9243,0
404,398
22,0
7465,120557
119,0
224,0
66,90556
95942,76518
5,0
1393,70791
14,56625
23276,92654
1419,0
72,0
1,0
64406,112436
5,0
11743,0
3,16409
4912,0
6849,6350
2651,82973
42981,110325
87,0
12028,12046
1,0
4,0
31,0
1,0
70938,76166
64,85829
20,0
2088,0
14,0
2262,3627
61,39075
13,0
55,0
28,0
4,0
1680,0
2610,0
58,0
826,101965
1204,0
551,0
1,0
780,0
2255,50590
5,0
19052,0
3,0
1,0
1021,10151
6,0
2,0
941,5360
25480,135572
62060,65440
102,0
31,0
1,0
60837,28818
7,0
12,0
72019,67202
6,34511
57,851
3178,0
1935,0
2832,54814
8247,0
232,0
75946,67067
2,0
1,0
26,0
29,0
7202,0
12,0
53174,60837
529,0
1374,2101
17413,22596
2,0
13,0
10,0
1,54927
1,0
649,0
6530,1565
50,0
89,89
27965,29112
14344,0
785,45578
4290,4485
5,0
38,0
1672,4917
49,0
2166,0
24538,78318
1,0
180,0
1,0
1246,0
1,0
349,0
2,0
7623,0
18,0
2,2
2841,9135
191,23849
5768,0
87,0
2,73551
2,0
96869,93482
4070,0
3,0
24,94887
3,0
29633,72555
32,0
52,0
830,0
3,0
209,0
34,0
3,0
76371,68639
2,0
24824,45109
14,0
2156,60960
1179,0
54,0
1,0
1005,0
4,0
329,-10180
62074,53368
8511,0
203,0
14,0
3122,0
82,0
1,0
5,0
1228,0
1,0
39,39036
41070,46548
9,0
51,0
5009,0
2,6754
3,0
2485,0
1,0
49283,54151
1,0
6375,0
1412,0
24,0
82101,82704
11446,58156
8,0
1,0
7412,0
3603,50175
1,80781
54,0
600,6241
932,0
38,0
32,39544
82,0
1,0
1672,1773
6,0
1,56463
23,0
2797,0
1,1307
1086,56164
6,0
1539,57303
26816,0
43032,92305
300,0
10,84718
36,39888
670,0
8,0
197,0
5,0
3,0
5,0
17,0
27271,26076
6,18707
92935,61259
68,0
34084,166979
1,0
72951,69538
38,0
972,0
1,0
87,41652
2691,0
1,71690
1,0
14856,37040
23147,0
4022,20645
1,53220
678,0
2180,0
7825,0
4,0
29,0
3,0
14,0
210,33725
3130,0
8082,0
44,85124
3,0
4,0
5,0
10,0
7291,7299
6133,0
95553,85758
1,47113
34269,0
8206,36387
1,0
1489,57451
15331,44721
1,0
19896,0
278,13123
11142,10099
4,0
25,0
4508,0
33,0
4895,36937
2,0
499,15868
221,0
220,0
3666,0
20454,0
14945,56321
3,34319
91,0
23,71816
5,259
88098,97364
206,0
19325,0
9,0
158,90533
19,0
14,0
15547,107444
10104,7162
11737,12583
16,34889
415,0
1,0
51041,48388
3,14543
146,42186
1258,0
125,0
31,0
72,0
1,43914
1,0
54,0
1,0
1074,0
4343,0
19,0
1,101177
3,92
9,16315
6994,0
51,0
4011,7746
165,0
17403,61465
432,0
1,94173
17,0
40,61750
19593,77167
1,10547
28999,0
330,0
41708,70177
15384,0
1,35799
151,0
432,0
780,0
79,59510
7,66135
2209,-25939
2,18666
31926,38106
3,0
67421,38532
2,24691
11839,0
849,0
3632,0
1,0
8,0
3328,0
659,675
1,19099
30818,36305
10337,0
499,67134
2,0
611,70097
142,0
41,0
2,0
158,0
40,60728
3,0
222,0
130,0
6,0
892,0
16,0
4298,43073
121,0
3331,0
1,16737
2,0
17,0
12562,70750
33,0
25812,108004
114,77594
5,0
2016,0
1092,0
18703,63632
12451,0
5,0
50122,144510
24854,0
49918,46701
7,27029
30196,42973
147,22
1,0
55605,51871
16160,0
703,29640
1045,0
451,92753
81450,83316
170,15461
1634,0
1116,0
95180,97485
126,125079
14,65160
6746,3107
99919,99811
511,191076
52996,49133
1006,0
82290,80779
9,23362
6,65124
3,42987
16,69274
2048,107969
161,0
845,780
319,347
70943,93147
443,0
524,33505
12,0
77,0
54,0
16,0
94,0
5990,6126
4,0
253,0
1647,1870
16,47586
40,10721
85,28715
6987,2322
438,0
2118,33845
5,0
767,0
1,0
5,0
55,0
46899,76505
28,0
8,5250
1983,0
13,64337
23852,54384
1917,13442
4,0
2,0
1,0
1,0
1,0
38471,44756
2,0
52,181128
698,67619
1,0
83528,77219
40,0
9,0
64,0
118,0
61041,55642
2954,0
21259,105651
7503,7507
43,0
3721,0
96724,83560
19,40739
1,2325
173,0
8135,51354
5,0
1116,0
42818,68871
5,0
2704,0
1,-17542
396,0
2,0
1,83
58,0
1333,1266
11,50510
35,0
221,2147
2239,65106
5,0
2,0
2,40135
919,0
2583,12648
52279,52256
86051,115673
224,0
46,0
269,52000
9329,0
173,0
311,219
51511,44408
5,0
13139,6573
1,46109
458,83425
8,76345
4782,0
157,62526
123,0
73,63149
49,0
66082,64595
10133,10133
3,0
63,4960
1,0
26,0
150,0
341,35655
19,80212
1920,1774
446,0
31901,0
5,0
67,0
6698,0
15560,0
5,0
3,0
526,48727
2007,0
28990,45637
411,0
1,0
3,0
12404,68068
442,0
1187,36473
2417,0
2,0
4621,59089
8,0
3819,0
2346,0
4257,0
1390,0
25492,0
9792,0
764,44362
110,0
1,0
1,64186
15,65073
5,0
16219,0
65,0
14,0
1464,0
936,0
6842,105569
51,0
512,0
31,0
23285,105823
3615,0
168,0
90,77092
7973,135953
88013,85576
510,50397
258,0
2167,18400
6192,25602
77,0
412,21424
135,53890
11689,36329
8,-515
118,0
4842,0
26273,51945
1,7541
687,0
2540,0
297,14000
1116,0
1059,0
45,0
4,0
5256,0
485,0
30159,48227
1,0
35333,22860
4873,24080
5,19014
25468,20922
16400,0
64881,53349
14,27723
9,0
2,23709
11126,0
1,0
42776,0
46,0
16,0
19934,45868
1233,0
68,0
554,40005
1,86155
7,0
19334,19316
26042,4693
32,108251
74433,65013
1238,0
44,0
2,0
15874,22595
1,0
1018,0
9,56024
1,3921
855,74837
1709,0
17525,15394
1582,122640
46,0
529,0
71272,70971
12,0
5,0
315,0
8217,60143
8,27880
459,0
5939,0
4,0
38,0
5313,11991
3675,0
6503,0
5,0
258,0
2437,0
4,0
1,0
85,0
7,0
12,0
209,102491
20034,53791
90,91
4,82944
176,0
664,0
1,0
28,49566
2693,0
93,0
7,36163
15,0
12799,0
778,0
8970,0
1,0
35,9016
2,0
2,0
91,0
20847,23606
7,0
4730,0
2,121623
30,0
15646,36956
1,10308
229,7666
35079,0
261,3883
12917,58531
10,0
4,78271
26,0
192,0
59,0
5218,0
41,0
26,23736
1207,0
322,0
119,0
134,133
41319,109519
422,0
136,0
50811,51979
684,0
2876,29300
1639,0
10671,98654
42811,41549
21,29841
7484,55392
55,0
17,54468
2,21055
30,44676
14252,0
1128,0
376,9937
350,13425
80,0
6,0
720,597
67973,79744
2,0
280,0
2,15703
86,0
16,0
84739,78992
6804,0
186,39177
28257,40909
99,2442
5091,37624
11448,11440
398,0
22371,70634
30793,0
145,143
7954,65086
12,0
2441,0
30173,70414
48719,20156
50,0
46377,81496
6,0
14,20006
98,0
286,0
2319,0
2,0
92193,85596
1,0
13,76356
32,0
620,0
34,0
102,18160
169,0
19,14079
58,54495
12593,13038
4,45192
11487,56609
26485,15508
56179,58509
337,0
21,0
7535,0
63710,65788
3662,0
1,42755
4394,0
4,4929
238,123921
2387,0
1,0
4502,59913
603,0
36321,57034
3,96697
16363,0
167,80734
2,0
58,2020
30650,32615
67,0
220,27017
200,0
64121,65446
372,0
170,19275
85914,86496
237,0
20875,38962
19386,0
4795,2139
2,0
190,0
82552,129249
1864,0
66780,45978
1297,0
448,50379
63337,91939
1,19052
12,0
22233,20068
5469,10646
1349,1994
445,13156
750,21668
16912,16970
464,0
3,0
352,30843
42,0
1,0
111,0
86411,87912
474,0
1,0
10408,138446
11751,27502
96,0
12,0
2,54507
10,22109
18,0
1226,58495
49781,48607
32897,51890
13,0
731,0
11,0
5,0
7,89
37134,9822
3,1014
47,0
1461,33865
299,336
4020,60426
14791,14965
81,0
49645,58171
1002,0
104,0
44,0
33,0
256,0
2236,0
2140,0
220,68630
98,0
1217,0
4,39472
11039,58141
3,14164
2932,94404
40840,33897
1,0
696,0
2,0
2710,2700
1352,0
32,0
13,85413
24,27761
58651,61876
28,0
114,0
46306,6830
1,0
33,62970
1,0
21,478
70368,0
81,65
194,184
1210,0
1634,0
23827,23766
53800,73872
3,0
12,76954
9,0
6062,34553
4,0
899,14017
1,0
64,0
7959,0
89,39127
115,0
1291,0
42986,31359
901,1028
3,56760
5990,29104
882,33053
43,0
2,6634
74,36489
1,74166
1,60061
4828,0
903,44008
4,0
62,0
32,0
5,85566
76,128534
1353,10919
1,0
14,50973
3,0
1294,0
93244,88051
122,0
88,0
521,0
2,0
2649,80370
40659,41271
43463,140075
1437,0
293,0
1157,77096
2573,0
2,0
2373,75124
12895,-2429
1361,0
21955,0
16,0
374,0
180,0
45013,59212
1,1876
259,0
955,0
916,84800
6796,0
16,0
15820,15931
84348,68558
3,0
37,63695
5,0
272,0
19,44367
967,0
2517,56748
38,0
1,27411
14,52461
92,10212
183,0
2,69230
88,0
9,0
78056,107216
144,7730
17,-21
1346,0
40,13263
5590,0
6163,0
8666,0
3748,123885
1485,47602
2875,0
43704,61684
47012,16578
9206,0
56904,92408
26,17096
94,14876
1,0
51528,101000
244,-10163
4,0
141,71253
5,0
11093,11476
1,0
3,75897
20,0
12983,50984
1,103219
2,0
98091,126180
16369,71356
1367,0
16,0
1224,0
4,0
228,0
1174,0
224,0
8,0
54,64977
423,49294
123,0
18299,43285
649,0
2212,0
5354,21539
415,0
2,0
54590,81623
98254,93367
71,17912
3,101405
35867,0
1,0
310,-686
15,0
151,53934
549,56149
8,0
157,0
47472,0
7716,0
926,65602
1514,65170
17564,13828
18,0
1679,62047
4,0
8962,0
11239,11239
8017,61722
645,565
3415,42479
3,0
1064,26961
1,0
29,0
10,0
62,0
54,0
4809,0
4369,26217
1,58864
2,0
773,0
3067,0
3812,8813
8,2544
2,34664
23394,58387
1,56628
1,24970
16,0
5392,0
113,0
5477,0
13256,0
7,6504
3693,53683
69,97932
2,11229
55,0
19,0
3,18889
7,103628
11048,0
88,-4319
7868,0
109,0
269,0
52434,35657
9,0
5,0
14427,104494
3267,3267
6,74324
3750,0
225,0
1,0
3,0
471,0
123,47279
1,0
38311,36153
7453,0
3747,62338
22,40243
63335,0
2268,12039
19421,53324
5,0
2,0
260,56057
90025,125164
17,76928
49,96166
132,0
42362,113520
33634,0
6995,42443
20,0
48452,110590
7030,87072
823,0
44616,46084
9588,22968
24303,46681
112,0
1,0
10,0
1,75194
33,32
3,0
645,1488
14699,59032
1450,0
29,0
49,57230
37,0
184,0
278,0
139,167
2,0
559,0
31,0
12246,0
3397,61739
5,0
481,92105
38,0
4631,0
8852,8852
668,113153
16,0
16383,26409
972,0
1756,102064
130,0
85869,90900
77730,88205
15417,15422
19890,28448
38375,32105
123,0
13298,71418
14716,0
69362,68996
40315,62345
3,0
1162,69934
1,0
1,1
650,0
103,88017
14,10129
14166,65684
13966,76584
7,47520
15,0
2,0
2,89216
2485,64366
23366,0
2470,0
224,0
9,63
4965,51951
22048,45084
3936,2549
8,0
82587,72720
22270,22271
57,0
47,0
1191,0
1396,1430
361,75133
1589,38235
4206,46231
211,0
17656,17656
8425,0
1,0
41379,51902
22,0
1708,0
8,0
4,34591
1,0
1,0
6957,0
140,0
5,0
23569,0
27536,13495
3,0
85122,109356
9,0
54651,62321
806,0
2,0
2,0
6,58188
40486,27133
1407,0
4,0
2690,3722
8,0
8632,0
1014,0
22,107290
5,28373
168,0
7070,62997
12,0
19,0
1556,0
56469,71639
62,2459
13133,0
1,0
765,0
19842,84726
3404,0
122,0
332,52312
2550,46192
240,0
171,0
192,117001
1640,0
23,0
2908,0
3,0
71,6763
5612,18099
823,0
2,0
17,99054
3,0
63497,63492
98619,104762
42,10375
62,0
2947,2817
792,62369
83280,91008
69,0
1142,0
822,0
224,0
1,0
13991,13867
2,0
665,57771
218,119029
9,0
169,0
186,0
2,0
167,0
6,110610
4535,0
25,0
61812,66591
94829,94777
170,0
32,0
56,14336
206,0
2287,0
394,-957
1920,1983
12,0
20682,0
1,59458
10,0
181,-28907
1,0
15422,0
399,0
21,0
21022,36629
20802,0
85752,95848
1088,64671
166,0
699,715
440,0
32664,32664
354,0
3,0
1189,0
4,4
1759,0
5668,0
12,0
1,0
100,0
3108,28671
3,53792
1455,0
1,0
3,0
35936,27847
56762,83201
44,0
659,-35792
11,12
542,40398
12,0
4919,0
146,43966
1207,0
597,0
5,0
30,109797
21802,42785
29,0
32,0
321,0
24290,63185
7300,0
171,0
58323,98418
470,113525
33163,60243
277,0
678,0
2,0
5649,99358
6,-12465
1,0
21,0
3306,0
27400,20852
17,0
3799,0
57888,49891
1,0
14,0
25219,0
35,0
81303,78429
1526,0
7196,0
1869,6316
98510,115765
652,0
218,0
106,0
56,47320
3191,0
2,0
5,6774
11,31705
19925,91069
408,0
5,0
43,0
1,0
15934,0
97102,99522
3,99622
9588,0
1,0
2706,-5940
4,0
36519,0
2179,1821
27314,0
788,0
37662,48953
19,0
1,432
1271,0
393,0
8979,0
11204,43741
5,36055
25122,0
33665,62676
42406,0
2,50901
1926,-18084
57,0
190,0
58227,12923
2,0
172,16441
1,0
4075,4078
401,0
756,0
88264,107379
87,0
25971,51009
6,0
5,46147
772,0
1,5279
267,0
1,0
29937,74967
797,0
13505,9333
149,0
92,0
1,0
428,15783
2745,0
1,74149
3640,0
1,-5969
171,0
3,0
37575,105276
31155,49305
161,0
95,978
583,0
4648,0
1,24422
119,0
1585,0
4,44964
1,0
28,0
22,30551
1487,0
4895,4545
35,0
1059,0
8,151504
2,109110
53,0
12480,0
1,98810
220,0
14264,0
38094,46419
1,0
42958,40877
503,103668
6272,0
61970,57272
1,0
342,6242
2,0
17360,59092
231,19839
83363,96619
3919,0
5010,0
1,0
32,6109
146,46083
1272,0
11,0
119,0
6869,25528
3,0
2,0
51,56122
8745,39933
44,49097
118,0
251,0
38408,89955
2,17022
23,0
26526,15470
80,0
1127,54353
249,0
281,0
10820,0
204,49496
1899,0
2557,0
3,72091
323,0
6,-38687
127,0
4,5477
5872,24949
894,0
21135,21152
6,0
5327,0
36256,0
6,0
7499,5582
1,0
1,0
7161,46714
49745,0
471,482
5750,3995
80,0
296,0
251,2203
891,0
1,200
426,65770
872,0
588,22339
2,0
11,0
264,0
297,0
71467,71542
66989,79932
415,26667
20,45130
12,0
47264,79598
1839,0
8,0
1,0
4927,0
557,22719
23,70478
4,0
5,558
2,20505
2,108578
43,0
543,0
3484,64729
566,0
13,10829
3550,0
13,95194
5,0
1342,0
36219,75452
5,0
29842,60974
414,0
6,64455
257,0
1053,0
2330,0
10,0
50731,46986
8,55917
10,19719
5231,147767
9755,79793
15152,0
15,76123
33,0
3861,0
1624,1628
53111,108974
6,32655
124,0
15339,0
103,35320
247,0
8,0
360,0
324,0
46706,95443
13,0
11,0
2823,0
48,115895
1479,0
33,7302
5745,54020
6162,58432
1926,34772
14907,123908
11,11
52895,104054
981,47662
40186,53895
10,0
28343,49018
19562,156703
823,0
5562,6127
22993,33327
21,0
38795,53188
91936,81168
821,0
9,56866
122,55959
165,0
30,0
163,0
1,0
73209,54265
71384,70035
2,53736
4990,-5564
77894,113894
2520,46463
291,0
21175,3470
2,0
166,35560
1,0
247,54689
1726,0
25902,64728
85,-8908
1,0
627,0
307,0
872,494
362,274
1261,919
930,0
6471,0
1407,1407
1254,0
33,1336
12,0
2,0
3,0
7,0
20050,41022
107,0
21,17795
1148,0
20362,0
15,0
16264,63666
19665,0
51591,0
392,0
55,0
92383,92347
233,102921
19,64947
8718,14228
8481,8477
13,5086
2,0
5,25381
9,0
19517,0
53533,94079
3452,0
45079,0
75,0
44,39927
6,0
130,-61
2,0
1312,0
115,45580
85,51204
4038,0
29276,79609
828,4600
1383,0
7,0
1,3495
1,0
3,0
3,0
3189,0
596,16102
1,0
4,0
1365,59238
2,0
193,0
16145,18635
14788,14355
1,59108
3,0
35488,0
32332,113954
35,0
37453,0
3103,0
47,0
9,0
259,0
1,0
70,65739
4943,4943
22,0
2,0
64467,65274
13,56704
795,0
2273,1405
4,0
729,80619
8,26757
2,0
1,0
1,0
3,104637
50,24752
1550,0
6799,62951
5474,0
11,0
3207,3075
804,0
15,0
497,0
19,55291
239,0
12489,61744
473,0
2210,99845
44551,56362
13893,0
9778,10877
276,0
1,70419
4925,0
64517,87170
15,53678
65427,65525
6,0
60,0
282,66230
8497,7933
2560,0
11,0
17654,0
1,0
20555,197380
12308,0
6,40704
417,0
1,70684
691,68553
158,77530
13,63543
43,27723
8758,0
184,-1210
4445,27358
10248,0
152,38500
103,53447
1,0
1,0
8,47843
5248,0
86,0
568,53784
74897,96372
30,0
5,0
2,444
2369,0
661,0
52,58646
3916,4991
37744,56389
31389,25175
1,0
2814,0
8,0
1161,0
1,0
47,0
3,0
22248,0
11,0
35,0
12,0
3036,107803
56238,58993
197,0
341,0
4,55530
3809,44438
57995,87592
168,0
8265,-36108
181,0
217,-5583
115,0
219,0
27445,39928
231,252
1,0
125,0
47,66909
1,0
2,63653
336,35140
113,0
27901,49805
139,0
1,72789
682,0
13056,58669
101,24505
2019,23830
19393,0
36,0
261,0
1,9347
27,0
14,60763
53,8812
2702,0
548,0
371,0
17356,0
89,0
13,0
3,17078
97,0
343,55373
14,0
3857,4190
4232,4382
247,64975
44,0
2376,0
263,0
11,0
11,24943
3510,83840
15,0
1,0
1,0
216,0
525,0
29172,0
321,0
8313,0
42616,60399
3,0
83096,83622
47,0
5,0
1112,8544
2,0
22,0
22859,19026
12795,50415
3,0
1934,0
14,89352
25,0
161,59313
40379,0
6477,54613
17687,48825
2,0
41047,44943
26,0
5,0
13574,0
14,0
12176,67613
771,82962
91795,91758
26,0
1899,0
1,0
70602,47931
59495,103127
27653,73538
158,0
6,0
19,46471
413,0
29278,47626
477,1221
2,0
57,19788
1,8789
10394,0
2057,0
2,0
588,0
137,21913
61013,37644
704,45265
2,0
3333,0
2971,11800
9455,8827
783,2191
180,107170
5221,0
21,0
3431,3430
384,102560
589,0
1212,0
9208,39137
1167,0
9005,9375
18123,38676
6,0
6994,6994
9135,127263
2,0
5,59942
55,0
22122,0
21,0
81110,81759
404,50874
13,0
44,68406
4,0
4,0
12,0
3,0
1,0
3753,0
539,0
43,42799
13,0
4,0
20,0
87299,86514
115,0
91868,101135
12034,0
43,0
80956,49951
176,0
619,4634
95,0
1,0
11349,0
31457,48535
8411,0
1499,0
14843,12320
84,0
3604,43580
15067,0
80,0
11657,0
1,0
8,48494
66,0
3,0
452,11118
19,19
105,0
805,0
1,0
1,0
118,0
763,0
1,0
198,0
10464,14182
2003,0
5,12455
456,95898
290,0
26,34970
258,0
65353,76477
13738,13799
38,56627
33,0
14,93586
138,11202
211,0
6,52
25,0
14953,39809
284,-464
16652,0
30,267
10,0
6323,15909
1,0
16254,18777
15,4233
1,45893
434,58256
21880,17821
252,0
44,83080
548,518
8,0
19539,31009
24,105138
14325,0
4,47766
9,0
4,0
29,25436
2,119923
25,13501
2,0
56,0
1,0
9719,86685
19,77224
13431,0
49665,0
79,20263
5506,0
8,49477
41656,54319
4580,0
2983,0
11,12
1,1
1156,0
31,67569
17,45993
126,-4675
5923,21675
1181,0
145,87333
176,95439
6967,0
2,0
69,0
3,-11957
1472,1470
1,62353
1,0
1893,10617
5,0
5344,5352
1,0
3,45800
63,0
99532,0
1,0
80064,100984
10,0
874,102792
155,0
4581,144
3,0
1316,0
182,0
4,0
1,0
8657,0
360,0
29479,57999
25907,88644
23163,0
30,0
2145,0
1143,0
32136,0
14,0
2487,0
26924,26932
2319,0
19,119634
58,0
2038,11599
430,0
4278,0
85696,120872
2493,110333
2,0
1477,44555
1161,0
19,85785
21,65527
7,30886
4,0
4,-8278
3175,0
33,48210
3,0
1203,0
11,0
1,0
16999,67045
213,0
5,0
7308,0
24,0
102,0
31,0
303,80378
196,0
3983,0
38,0
2,70700
416,0
26,0
1,0
1,0
706,0
30762,83767
213,0
148,0
70248,92062
3,0
31004,0
881,913
680,0
1774,0
4,0
281,0
35996,16965
555,0
3,0
1,0
1427,-24299
881,36744
111,0
27236,31248
222,0
5879,56391
102,0
474,614
45,69374
581,22928
4,76182
29157,0
49749,54768
7,0
1763,0
14687,0
2,0
1413,0
4606,0
10,51163
3,0
7182,13082
2,0
2900,7156
688,0
584,0
6,73234
1330,0
13,0
11158,7834
841,26863
35276,86537
844,0
18,46775
117,53976
47169,0
23236,22227
5,0
567,0
12006,24576
170,19150
44954,44689
2,69291
68,0
77712,99857
1,108499
1771,0
53,0
1,47291
30,0
98,41644
14,0
12050,0
27436,0
36588,63421
19862,0
235,68346
3844,24430
22,0
38097,28112
547,44632
7652,-1313
20,0
400,0
69023,91830
12,25
19,0
1529,138784
6143,4565
3738,62487
63209,103962
29387,0
1,60616
38362,57213
5693,0
7,26890
2175,15483
3097,89921
3732,0
647,13212
32973,87015
11351,0
1322,0
44103,76694
64,0
33,0
2,0
3075,3133
50,14466
589,0
113,33388
3,0
24680,23885
1489,65145
12,0
2218,0
1242,0
463,84346
98,0
3634,3643
3076,0
1,0
865,0
15,0
47,0
333,0
6,96758
31411,31360
3,60802
2911,102684
5,51129
7594,0
1,75419
3435,6277
1,33994
4822,82016
3,26631
46,0
3,0
1174,0
4,0
631,64961
17,0
6,0
19,104580
10456,0
1,78431
94,0
1749,0
1,0
568,0
3,0
18,-237
1,0
21032,98952
28471,82082
7,0
49,0
527,0
19255,63560
3,0
5,0
638,638
1715,56429
65,0
1483,0
3,0
4,0
1289,7144
255,0
383,362
15,0
74,0
8385,8385
498,59074
3,23811
3781,0
83,0
81082,79017
449,452
279,0
6113,0
10,0
1,0
3,0
1,0
241,99508
1,58582
16332,24063
2,58073
367,0
6620,132779
8734,0
18,-14288
204,0
78367,73443
98929,72234
1003,0
9071,0
1257,0
1782,26712
16572,118071
7290,0
4,0
376,0
21,0
3560,108315
211,0
116,57590
4315,37143
4,24695
8882,0
61,0
1,11068
39,0
53,0
51891,0
340,0
335,14313
33,0
3,0
3,52347
25,0
318,22758
69522,72167
5787,0
173,141
2,0
23,13928
635,0
3,0
2,0
915,0
36,0
25200,0
1686,0
83850,105025
1,0
280,56951
13663,0
31,136156
1,29905
486,461
2,7373
53895,68571
4137,0
61,61
7435,26346
47112,148042
2,0
1,0
163,12655
2,64803
153,0
205,0
305,0
377,376
13,30701
6,79632
6502,0
12145,21213
876,0
5,87976
18247,0
876,0
1,64628
5,0
1,0
3,0
2294,90376
63,0
19781,106511
1,130397
2450,0
1,60420
3,0
676,46300
7,82080
589,0
9,10325
53,0
2332,0
5,33741
6,22114
420,0
1693,0
1,0
3,0
17700,0
46,0
2,74314
3652,0
26637,26592
4308,0
1,0
3502,0
12531,12602
2664,9723
243,72432
26988,0
426,116462
37,0
1595,1579
12,0
3443,0
4,0
135,61890
69,69
142,0
38,31921
45084,46911
32,38994
2188,0
58601,69151
69,0
3,3
102,0
85887,152339
24,0
51746,46108
1,29581
1,54358
5,0
5634,-17722
513,2794
1725,0
74263,77974
16,-10892
2178,0
17,0
24,0
25359,27358
2690,51728
2183,25866
2215,2228
1,56400
1,0
42016,50494
173,0
55,74731
7,0
1029,0
2358,0
261,17554
103,0
7755,17208
1,97189
45455,0
35,0
21600,29309
19,0
14590,9244
61,189
469,6591
17007,0
261,7077
4,0
28312,28326
2250,0
1,20546
6,0
5,0
3154,0
5,0
1,74477
1,0
1205,86998
1,0
15,0
48,0
2,0
242,139
278,0
44251,59661
4118,141120
87,0
39,0
2034,0
31,0
6609,45805
1034,0
1,0
45084,0
10081,0
89521,84847
165,0
232,0
3,55074
12836,54019
5,28052
20842,56574
3,0
10,0
87,0
5,0
1,68309
32625,51057
288,0
165,0
58,0
4,0
1,0
1718,59303
73329,73257
6063,0
8020,0
29,0
139,0
11386,25838
110,0
4,0
191,0
518,0
34036,82778
108,0
4,0
11,0
31283,0
5,58593
540,12034
430,76403
210,46487
4,0
2,0
229,928
68988,68448
13,4377
2,0
4638,245
2792,0
265,0
13464,19437
7,0
52974,64985
1027,49230
621,0
53,0
61482,58233
1,60364
6,130262
3,39704
1,0
28,0
65,0
1,0
61,61
560,54675
31,18659
80137,96688
1,0
7806,40056
1,0
32,-598
30502,0
13467,29917
1721,0
21320,42918
550,0
179,77287
8789,47300
348,0
9,0
2991,42900
2,0
41549,39823
28,8754
15,0
977,0
19,0
17466,-12564
6618,0
17,0
18815,0
81868,80766
96,0
257,0
4,0
6709,0
1,42450
2,0
69,0
41978,39343
2,0
3059,52527
35762,53310
254,0
240,233
23,0
2,88043
59672,50018
2912,17727
9701,19821
192,3349
11,-226
1800,34619
34113,0
31,0
7,65466
157,157
2515,0
2,0
57289,57322
1,0
3,0
13,39996
254,0
3,0
39,0
178,-6176
29,0
232,32398
2,22962
222,0
48,0
71,0
829,0
2,0
97752,77621
6,56895
92,0
11718,70356
67915,89726
248,0
31,0
3,0
68216,93503
8969,58015
995,0
26,0
283,0
5,0
60082,63633
24,0
55,0
94429,130831
121,0
25354,58493
87024,100921
134,0
79,0
46,0
3,0
12813,0
7518,7529
145,0
916,29851
25,0
2,0
14889,14338
1,0
8304,30252
32,0
1,0
1,0
21460,14438
3,0
129,18157
2981,37123
76491,85686
19,16714
2832,-5210
313,21820
1,95221
62802,46862
4,0
386,0
7450,57545
2,0
51,24573
59081,0
3271,0
3,0
411,0
8100,0
1,78596
1883,1839
3,0
3305,50610
21580,5439
368,55776
1559,0
2233,0
6680,0
12,0
3405,0
14336,0
55460,51522
14,0
258,0
16171,17884
93275,80026
5,0
1,0
4,0
2791,62797
14674,79626
2,38917
20402,0
1178,0
37455,0
12301,12053
6,0
4444,0
25201,7272
37,0
1759,80377
7814,7977
8,0
85951,59092
6,0
1,0
3917,6112
13812,0
117,78813
1209,0
1,69910
4684,0
7203,58882
10,0
25,0
696,0
300,30260
870,63982
314,0
63341,74025
385,0
2,0
58,53701
2,0
8,76476
457,0
15,0
2,0
57617,141572
2988,39720
143,-6732
50247,99270
26509,0
31562,39174
1,0
1,0
4147,0
16,0
23,22
14679,10773
13,0
35,40182
547,0
329,0
2201,0
2,0
32,25227
1106,48534
26,0
30,9354
23,0
705,50115
8,8
39786,54430
9691,0
424,0
76,0
3,0
6317,0
1401,27745
4240,29395
1396,0
23972,0
3911,3910
5,49476
1,0
17669,0
22823,81797
5,0
14,0
16779,53959
10,32203
22,0
2137,0
2660,0
6,0
426,0
17647,0
74,33004
2,55381
8,0
1319,42900
5951,119964
1070,11112
73,0
20233,20236
3547,3762
66629,68488
2,0
256,2763
1363,0
900,0
257,0
1617,62381
2,0
958,13005
144,0
13976,64405
39,0
872,0
10,0
141,0
116,0
1,0
180,-39646
1,0
18,0
372,3224
8,63196
871,0
99496,67284
428,0
3497,2811
1455,0
99,55927
2,0
23465,49234
13,0
30,0
24,0
40,57309
26518,0
7008,0
2088,0
1000,-33319
10,0
4031,51733
1333,0
617,0
2,0
4328,0
3049,3048
255,38977
8487,0
24492,0
5665,0
6,-12729
3062,5039
3,0
33,0
619,619
5,0
4454,36389
210,0
258,109336
2,41713
25728,25344
17670,17670
9,0
1,0
4081,47050
6,0
260,115728
1,0
12,0
38,0
2010,0
5557,13478
109,0
10,0
31,0
1377,0
60263,62650
3,0
20133,34327
18,0
1,0
41198,51643
5939,4223
1741,0
28293,40383
4,52517
2,0
92191,97156
3801,0
4,0
3,55785
19,2903
5,0
314,13005
41,0
22814,0
81,24459
574,60521
38,0
377,0
7,2317
155,0
389,528
366,366
2,57718
115,18681
16,0
34534,54123
1,0
44950,54693
9,0
827,0
1042,26773
8,0
1,51864
62449,79919
2,0
529,-408
2,0
533,0
2,0
282,250
24,0
2,116006
6,60267
60,0
685,-33029
34723,26816
23730,24143
136,0
10,0
59,0
7912,0
30,0
2,0
608,0
59,0
9,0
618,0
138,0
27308,-2988
6,0
87258,82592
8455,41594
47193,44587
404,0
1799,2146
57665,79131
166,0
65,0
7668,7667
15361,0
151,0
7175,0
124,0
2333,49825
4,7603
133,0
33,0
2629,0
16751,77812
45,-6768
1,56715
437,0
2654,0
15055,16286
10455,-18037
20,0
3,0
175,0
589,70482
18348,0
85683,91079
1544,57010
1950,0
27869,56641
323,61605
288,0
3,47468
1561,0
3346,61214
1189,44249
118,10937
204,0
1771,0
62,0
39135,99843
1,0
24153,56792
67,0
96,0
44751,51484
27918,0
23486,79695
826,0
338,0
4,0
112,0
2,0
2,0
3865,3934
52,0
11415,0
94766,111518
11060,0
41794,42878
17928,0
9761,0
2,0
445,18917
4,0
1238,0
21,80981
2090,0
78596,69432
8,95525
38582,77674
400,0
24676,10924
24,558
38469,51763
9481,0
81,0
4235,0
1,164441
1317,67741
65720,89987
2,71244
1,0
3,0
3715,0
2,0
90,0
1,0
40376,0
36,0
10414,0
124,19675
1848,20100
4236,0
345,0
2,0
29972,56773
30,0
9,51830
7740,0
1171,0
7,54015
29882,0
59,0
876,0
1054,55512
454,65122
7433,52337
5,0
40767,38719
63921,86081
1,12964
51882,0
5,0
63595,85879
4914,0
5221,0
63747,77128
11980,11979
1,37551
8,0
11,58356
5175,0
1215,71617
76,0
175,0
21627,0
3,0
6970,48894
9595,20374
31634,0
1,0
256,19332
13,0
1,5678
4919,0
7,0
1791,0
370,0
2,0
356,0
1217,25129
24259,26631
99043,80663
57,17174
3864,0
239,0
220,0
6662,32228
7027,0
43,0
47017,61611
254,0
4,106911
566,566
61,0
145,46770
14,0
77151,79417
3,30364
4872,0
78,0
1,0
48,0
1,0
24081,0
590,37916
2198,2209
4,0
7,0
403,45653
2,0
97,15921
3398,9819
394,0
631,632
45,0
5225,0
12,73271
1966,22116
72986,111462
55,0
49,54675
99182,72701
125,0
67283,62709
586,0
39,0
2342,83548
1042,0
19,3540
49623,149493
2321,60130
74,0
41,-38050
3,0
1141,0
286,0
76856,75816
236,0
4,0
10880,0
29,0
515,0
10,-43831
15,0
273,0
7486,5633
940,0
89659,89652
1,0
2774,734
1,0
22,61263
4,5
50,0
1,0
1,3682
38159,28723
1,54353
23,0
9,0
93871,80821
402,64810
38099,35876
811,0
71,0
1,0
47,0
86,0
55291,55628
15662,59437
6799,83861
5083,0
300,19304
4,40781
1,0
9528,62992
5681,86588
5,0
138,0
7828,0
4130,87044
2612,44126
770,0
687,-7801
43099,9568
59,0
11,70830
81946,150004
2,48414
1061,43546
749,0
40127,31336
6,0
43024,0
11590,59253
7324,54337
1352,0
1208,85357
20974,0
208,0
90,0
6,46795
1,0
5,144706
40802,45448
13,0
7334,63130
1,0
26,0
9,0
11,14
4516,0
777,0
295,0
207,16371
20,0
52283,36103
31,140165
1882,0
1,0
6869,0
57,0
30,0
29,0
12,0
16943,0
497,37159
698,0
32,0
14,25360
4,0
3,39370
23,0
66579,49333
49,0
380,0
1611,2059
89,16
1683,0
1903,63891
807,61881
10,138951
1737,0
17225,0
56,0
16576,104704
29,0
1948,46122
117,-2300
323,0
14009,0
24,0
64207,109456
17597,0
3027,45586
1,0
20311,0
3113,0
41329,83778
1,0
2560,0
6,0
1771,57986
1,0
1,0
2,0
112,82724
1167,6503
3,54236
54454,71845
1253,24161
330,0
1850,48480
98922,97320
83,28008
368,0
3298,0
175,0
52147,175840
71,60443
328,56060
25503,20107
3,0
10076,3721
102,0
16223,0
4,0
129,0
12,0
31,0
1870,0
51743,51745
215,0
699,-2766
74332,94552
77,0
591,53329
941,0
7275,9013
14,23355
83,0
2486,0
325,0
215,0
25747,65865
24,-11196
1318,0
64908,65183
119,0
5,0
27,0
65,0
5970,0
327,0
412,4964
10037,0
1,0
17571,16278
1012,0
8,0
54983,54516
87219,105942
53,145283
10726,37255
16,0
2421,0
1,0
1,0
1,30205
1,0
62336,143320
2,51224
2400,0
2102,50735
85357,129806
13192,12566
44,0
1564,69725
39135,0
2,55274
7,0
6,0
1,0
1,0
1,0
16,0
5,57796
65765,60332
1,77889
4,0
44,0
3364,3364
93063,93062
498,0
25,85630
95,0
26,86881
3025,0
7,26718
6,0
16,0
498,0
48773,73190
110,0
7,0
8,22822
2723,0
2,0
384,183
3125,40844
128,0
63,0
44899,98676
235,11160
1,-25
4874,0
80809,82817
20,100733
9075,0
1,0
279,-5155
1,0
1,60011
17969,100656
1388,114824
10,0
2,0
3,0
47,23889
503,0
281,0
1459,0
119,0
3680,0
15485,56582
1388,55574
13,0
550,71823
20311,0
8744,0
590,0
2,0
96,136
30,0
3256,0
69305,75798
7493,0
222,0
420,0
520,13147
118,0
1,0
33337,0
7,0
2138,0
7,0
319,0
1,0
7946,0
71132,69389
2,0
566,1766
3424,68778
76197,71938
6,0
8756,22653
52891,59464
7,0
1521,0
48,0
211,0
83,0
98,0
1,12640
97,0
92,96
1358,24806
2877,803
3,3
2002,2000
139,0
953,0
643,0
8959,0
2,0
212,0
4375,0
9,0
1,0
1300,0
2,0
5,0
6917,62038
28554,28696
2435,0
1,0
50,48302
126,0
3,50709
37188,40646
1,0
614,585
14589,59936
5,0
1,0
1,43853
764,0
32119,0
7473,0
13,0
492,0
11084,11546
49184,106001
2,0
288,24899
212,0
87975,88217
38224,46753
17826,-1322
2941,0
1,0
3210,99411
4,-1087
1,0
11,0
25,0
1193,0
342,52306
24,43003
93,-19811
1,59530
6,0
589,0
8,94270
1528,2360
22609,0
6531,0
73,0
3632,0
2,0
27744,75169
13622,8051
124,376
7368,0
1,0
22,43015
10,55645
1743,1751
56,0
6,52554
1,0
131,0
709,0
93,0
18582,109506
23,41188
87,0
12472,0
44723,40625
5601,0
67,28991
1,0
754,0
45,78440
7,0
46,0
11,7200
3314,0
146,0
1272,39853
3240,5906
674,0
6,0
5951,0
10600,10600
8,0
15,0
54,0
44297,46688
49926,51219
1,0
68464,111241
3,0
2,4530
78,0
785,64307
852,0
4,0
45,0
37,0
147,0
52362,72934
164,0
64838,73235
2505,0
12408,0
10,0
2,0
577,16738
3239,0
1,0
294,0
7,0
4380,0
200,0
99,0
12,0
11907,0
880,0
1265,1587
1,0
1,0
28156,0
89580,84616
2203,0
98,0
36467,46389
204,0
57780,53018
913,0
5372,67409
2,0
42,0
2,0
5,0
6187,0
2,0
9,19884
1,0
85423,74124
81285,82026
5,0
9363,117353
8,67120
23925,23930
486,71326
5729,0
79,0
1042,69046
79177,88196
35,0
7157,0
403,0
3545,0
24,0
91,0
1,68845
183,27218
17,0
14,0
34026,103547
4986,0
3,63675
63182,80892
60288,117717
69964,66698
4,0
2,0
505,0
3225,0
24,0
1,0
5012,19781
1030,0
1556,21132
16638,0
10,0
2059,69300
2,0
3,0
1712,18247
261,0
19535,19785
72976,74034
14,0
75069,87450
416,0
1171,1195
9207,0
5330,0
3327,0
1262,44335
55165,69171
9302,29531
1,0
9,0
1,0
14818,0
13,0
34197,0
69,0
1868,0
15574,59678
32313,139910
1850,5933
26,60154
1,0
39069,58830
1,0
143,0
5,0
51,48380
49,0
4,13189
838,142964
73,0
25522,31236
4,0
2451,50360
80310,81318
94,0
339,0
19,51534
9467,0
96928,91393
1905,0
1,34609
53880,59761
410,0
95,0
8331,7927
65,0
91,0
6,52247
3700,78285
91637,118568
1673,0
60456,116061
22,0
55718,93687
52571,46942
1065,0
514,0
36,1619
560,46458
37,0
14,0
8494,0
6,0
1922,0
36,0
30745,0
3,0
16,74520
203,0
20273,76506
56,61945
1,-5302
33338,61895
97122,68219
10,17238
1,33148
53,1336
1340,0
1714,47444
8232,0
55895,57561
4,6
99,0
914,0
4384,52662
42216,0
16464,0
4399,50932
1,0
8869,100559
66017,78612
51682,65922
9,0
1478,0
74,59837
16,0
4853,0
21353,0
1,0
27099,69499
11,0
3,0
3023,10639
18249,0
917,20923
1017,0
1,64708
23,29932
2979,0
19836,19529
11,66490
38329,69086
2111,0
6808,65046
66,0
2,0
48,48
682,0
43850,52840
85,93452
1,78260
77,0
10,0
2293,0
30709,42694
109,0
9738,0
13,0
739,0
64238,62165
31,69732
250,0
504,69505
6327,70429
431,0
9769,0
148,0
540,0
99650,89883
2,0
23279,0
405,0
1,0
4,0
445,0
1,0
14,0
139,183
13,0
23,50251
33792,60730
4,0
48695,0
1758,0
14512,26407
13910,10602
30942,9166
1,-162
59426,37496
5,0
10443,10445
8039,6789
3085,0
4637,0
363,5420
4469,65734
43,0
33362,108487
9,0
674,50930
1236,1198
8957,1785
684,0
10173,38847
365,86320
259,48596
52,0
1,0
3,0
17829,0
4,60457
39,99728
1,36320
18,95808
1,53561
4,0
514,0
28649,0
43599,41398
3096,0
31572,0
112,0
909,23679
11787,0
23,24555
2,0
13139,22927
18,0
1191,47741
9961,0
2264,0
41,72787
9,0
1867,0
1837,0
2,0
584,0
3,0
3,73042
31,31708
150,0
12888,0
25609,107131
2,82
1,0
149,0
7993,0
95,0
2439,0
47,0
5,0
149,0
76521,75216
287,0
2136,131067
6,0
6,0
5806,0
246,0
126,0
1969,0
2,54941
113,0
29,0
4,0
10755,0
2,32839
30,0
995,0
50390,54256
738,0
107,0
5946,0
777,0
12,0
1,67401
437,4710
273,0
11004,73899
15514,0
20,50232
78,17840
733,0
14,0
1146,0
9,0
54,51477
3074,0
87420,93406
166,109645
38282,0
10057,90530
1091,0
2147,0
1600,0
51,0
64,0
495,0
42321,108099
6,0
34,69117
148,3848
9514,53934
4841,22434
6412,0
4546,56257
2508,79805
55,25671
14,0
872,0
1418,0
2029,62225
52759,59553
1588,0
3,3
14,0
224,0
4,0
2533,0
51873,92827
112,74041
81,54210
35,0
3,0
1,0
7338,0
9845,78612
2,0
48587,48761
22714,52890
2152,7115
88233,106136
644,0
1105,46775
260,0
13707,12001
819,-3687
15144,55995
220,0
25201,46399
340,0
97419,93352
125,0
56,0
11734,37564
11,14085
19062,48310
68663,85948
346,0
63,0
22880,76560
8,0
19553,43736
81585,96870
4987,-3077
41247,57233
2,0
1591,0
3678,0
87375,86172
46178,102471
905,-54287
114,0
61,39702
40515,98619
1607,123558
2,0
27,0
3,0
25,0
1733,0
1477,93696
2042,0
10053,10377
86,52123
115,92985
65230,72386
61450,112747
29,0
6976,0
38497,56012
14339,5645
449,69849
431,0
99274,88015
152,90536
3,0
790,6512
22158,56566
630,0
3195,0
51472,0
2,0
252,0
54574,55286
37550,81129
481,0
1,92572
139,243
4,0
3,0
399,0
11224,77348
8,0
3651,0
9,53076
390,0
1,0
535,0
24,0
63235,74999
4,0
31,0
52719,49097
1,0
2,0
1,43563
26394,48753
61,1101
150,64035
356,0
224,0
121,105742
546,128157
794,0
3368,76577
359,84234
5,0
18421,0
228,85104
23942,53422
31886,117638
248,0
4,0
1164,0
54,0
1,63892
33,64820
11807,15892
6410,0
38808,132807
1,107711
1,11525
511,0
996,55342
458,458
926,0
4,0
111,0
16946,0
18619,25533
1821,21252
1871,26715
92552,98786
1151,54959
1503,0
2,0
12,0
965,80971
1,0
2424,0
48,41996
6,0
1,41351
102,0
1,0
1579,0
4,0
25,0
2354,0
1,92692
3444,50297
1,0
958,24092
387,53941
154,0
152,0
23654,0
54805,55811
1,9903
2,11080
46,0
4093,57413
1,0
1225,27939
7,0
10,5979
268,0
341,80350
77449,84123
16,0
6209,18013
3407,29367
10891,0
1,0
452,0
21971,29467
63045,59920
3,0
502,69590
28988,48953
116,19421
17248,56313
4720,0
6722,10614
3,0
815,0
1,0
134,10632
4,30138
6,57650
8,0
21,0
556,0
29815,40140
30,0
1178,0
5,41793
107,-9396
8,0
11636,24035
3,0
1312,109663
33,0
81,0
23,0
1,1
12,0
362,56851
85584,75676
699,0
240,528
4699,0
61,0
3,14455
1754,1446
266,12612
86720,80797
9,0
227,0
906,0
5,0
1,118993
45,0
7807,6400
1,0
165,-10692
3,-453
36530,28159
5011,0
38378,47370
2262,0
330,0
36569,51968
4314,0
4927,0
8873,124889
295,0
33,56345
166,76279
3,0
40,22851
303,0
157,27807
602,0
2318,0
167,23663
34385,15063
93,0
10,0
11127,113074
1358,18726
60062,51150
47365,104199
853,0
1333,0
2,0
16,0
421,0
38,91193
13782,61646
16500,46960
32,0
7229,15787
1,7653
30895,68423
72893,67291
12849,0
1421,1422
68,0
19770,0
90273,82196
1480,2920
5485,0
42,60254
13,64198
1618,0
714,0
7548,0
2,0
705,61693
481,455
3705,4020
2149,40932
45036,87766
16,0
3766,60744
696,0
24,13757
2,64632
1673,0
307,0
70149,69984
85558,81508
1201,21351
18,53165
1,0
4188,62059
70,0
1949,0
3180,0
1297,45757
14,0
1,35864
48,0
12326,25934
91771,157069
6,0
627,17023
37,0
82388,75923
231,55653
215,0
125,0
5451,0
16,0
2,116914
1468,0
16051,34226
7891,0
5,114893
59,0
300,83642
439,49390
4079,0
36,57715
1,0
1730,0
3,0
1,0
10,0
38644,36076
6,0
2,2
59,0
54376,59862
20,0
2723,0
25,0
2,0
17,0
344,72924
1,0
64325,85969
2,0
4,0
1,0
315,0
9,0
42,0
4,47368
48,0
26092,32347
892,0
238,0
30,0
2,0
3095,0
19,0
1,0
9578,8708
30,28070
1,0
269,0
2,0
1,0
23,0
55,78175
1,0
10024,0
80927,141029
92,0
33,0
4393,10850
256,0
1339,0
53,0
466,0
112,69961
565,-14495
25,0
229,47256
110,0
6115,54268
32008,42375
21150,67757
1,0
639,0
915,72505
1,72021
12566,69704
642,0
82,0
19,0
21,68803
58039,65808
143,143
231,0
17507,39972
1,0
17790,16526
1450,0
150,0
88,74835
52,-2547
4449,0
1,0
3,0
2,57773
17742,57273
57298,61506
521,76499
16,40619
3317,76266
2979,905
23,0
27032,68253
22,-12202
842,102069
10,4862
1,0
3569,59261
6060,0
1,0
79771,45595
71,0
1,0
1,0
115,3578
442,0
5,0
22914,0
2662,0
61,0
3174,0
1738,0
1,0
1,0
66,0
4,0
14486,120924
24935,44981
184,14976
5157,0
2,0
14,0
23,51572
2460,0
628,0
91224,77166
1,0
4,0
27483,28462
1008,0
1,0
3,112394
23937,0
140,17557
110,11280
73234,72441
3954,0
82794,80464
2896,24666
443,0
1900,21606
1,0
19577,0
25610,28610
1,44374
1,49395
15,0
21566,21566
33224,98387
117,0
67,0
3,0
11,73233
1,108294
31346,30482
3309,2446
2,0
26,0
158,0
126,-1031
206,0
1,0
83375,82762
1,0
47,0
637,0
7260,7260
610,0
639,66507
90,0
102,14845
17497,17496
5,0
41485,55686
1,0
1,-147
69,0
91,16303
2354,0
366,0
3324,116904
6,10194
11,0
132,0
8,0
22167,30678
25640,47795
20371,0
447,0
3331,0
24018,66071
86,14599
295,0
13,0
1,0
1325,0
2,66140
7410,45408
303,18443
92,0
13,0
2525,2505
19,0
206,0
1,0
385,0
67050,64845
26,76056
43292,42887
22928,39362
27,0
1890,0
1091,0
43085,57977
3797,0
21,31431
7311,30580
355,0
17651,21565
214,46076
2483,2483
35638,73378
1,0
19171,0
377,73712
1,38123
33,0
37528,37738
19278,19449
115,0
45584,73018
933,8560
29879,35602
14,0
16,-2979
1,0
29479,58891
5340,0
115,26982
2184,0
33060,33050
547,0
47054,46403
1951,0
70,0
7,0
7926,0
684,684
339,0
5849,0
18130,63238
475,475
41981,52067
1,54085
3712,0
37,11324
1852,90890
99,0
54716,60838
96906,97002
6,0
1,0
136,15030
211,0
50300,71245
2879,0
6325,0
43,23896
1560,5074
2885,0
70,60256
1,-10980
2,0
5,0
647,0
3,0
75737,75745
39,0
155,0
30,27490
8,-256
4874,19132
62,42556
2,0
634,6378
54,0
2223,0
21082,14637
386,0
41683,45810
40,163010
167,0
9760,47847
119,0
189,0
18504,18489
2,66275
125,9918
3879,0
2418,0
113,0
104,3673
43841,34402
11759,0
47,34962
13242,13539
154,0
5194,66211
123,0
818,0
49,0
26,0
63970,89496
1036,0
6501,56770
133,0
1615,0
41,0
33337,61715
524,0
1,0
30000,56585
11056,0
3743,122825
41,0
41875,62621
8,0
1455,0
2399,0
3497,73663
1,0
340,0
1011,0
6395,29988
26275,0
8032,0
11119,0
528,0
3949,0
4789,19744
35006,45168
42800,47974
96,0
47234,46283
476,0
1,25
262,107956
5,42665
1829,0
1,0
6,0
5436,99706
375,-5856
4,0
1867,0
376,0
942,0
7,0
163,0
112,0
944,0
10593,0
1,0
3516,0
723,21984
14435,16744
2620,0
6,0
3944,0
80934,93549
1196,129943
2,34440
1049,27008
4,0
1496,0
2,0
175,14995
23408,26342
4,24243
27,0
90,117421
1,64884
79531,126906
1686,0
305,0
12,0
90777,86340
137,58484
2,0
39,86689
5,5
949,0
2,0
20,0
3,34324
2,26974
19772,19772
2738,63708
37,0
3301,0
32,0
26,0
134,0
2260,0
67,119964
2,0
3,40488
54,0
278,273
617,0
1,6817
4026,8302
1,0
3,0
1,0
634,78526
13319,0
72,74907
6,0
35,0
15901,33385
11,78899
2,83170
56,40160
9496,0
1,0
94172,67258
30,0
1,5439
453,0
9,0
6392,28883
358,27866
134,0
83530,94104
2,0
624,0
20,0
14,14859
81,0
2,0
946,93527
49096,67141
312,0
18,0
119,13216
636,0
53799,53647
16,60569
450,0
14,93158
154,206
238,248
1,46905
20759,86248
2,32963
9,47265
1,54205
23797,22585
53,0
2,0
9793,0
39,0
61432,74754
40,74284
19,0
6,0
627,46892
4,0
36230,76166
1,9374
378,23212
3,0
7939,0
9,0
9,0
22,0
526,0
2,0
45,0
111,76116
1,14745
1,0
171,58916
18,0
5579,0
15,0
339,0
644,0
27894,62291
21546,72761
263,87967
83,0
26742,0
20,330
23,0
14,0
79920,75543
4,0
96675,96675
11,0
1,0
7446,0
44,0
442,0
3681,2694
30,0
2994,3220
6874,112729
1236,0
7660,0
1704,6245
76788,71001
298,0
47696,58661
1,0
5241,0
22903,26817
1891,0
722,178060
1,0
1865,0
97371,92746
15,0
1,29248
217,35546
3,29212
11,0
218,87336
37519,36885
69678,68814
27,0
68,0
2,0
2,16978
109,86497
13,0
2389,9711
38732,39012
496,0
103,0
504,0
4924,0
52092,86591
2,0
7,70921
342,0
27877,58169
56066,55112
9,0
439,0
59,34
24,11435
602,0
77316,79095
567,0
1,0
287,0
26,0
1,0
808,67293
2,8811
8,0
18322,0
1773,0
157,0
14,10648
24001,0
70,0
245,87408
9669,0
1,79776
59133,80876
2,0
4,0
139,54920
37873,66872
1,0
4,4
13298,0
63486,0
9,0
19,16780
14,0
48,440
662,0
1,58007
11292,35541
2,0
420,0
105,0
4592,90479
51,0
19009,0
61357,62441
36,6398
37,0
26878,26070
16,52955
1305,1305
50418,72367
1425,0
223,0
129,11495
93,71727
200,0
100,100
6,0
86,0
312,18955
1497,0
55801,114000
40,0
196,131954
2,0
49,0
8372,0
56897,42374
215,51095
1,174620
135,0
125,0
5800,13944
16700,16032
1,0
1,0
2398,43527
2,81258
3,0
10772,145112
2,0
1,0
6363,0
306,74229
26375,32136
25,0
4117,0
14799,46523
14566,10774
23939,56066
4,0
10443,86787
74,0
745,0
28087,0
188,188
64,0
26161,0
5923,0
697,0
435,0
64,0
70,23845
6,70446
5,0
227,0
24571,21673
1335,0
55,0
44,0
8353,0
32,0
1,0
799,0
82,0
1062,0
5,0
13209,0
745,0
7205,0
1200,74600
56573,79272
2,78609
896,37780
40469,64015
1296,0
1,0
4,0
59456,61224
696,657
1853,0
9165,0
29,0
501,0
14,0
3305,0
1125,0
580,0
32,0
65,0
102,540
2,0
151,0
185,63647
2,41395
11568,46947
5860,0
9213,0
5,0
15,15
21,0
483,0
20,0
82213,79867
58100,58147
769,33390
17,86588
7848,0
15,55441
418,78346
134,0
3156,0
2246,0
7921,2549
2387,53973
91147,72350
1,0
200,77958
32,84179
2486,0
94431,68851
848,56608
234,0
6,0
40,0
389,0
211,0
1186,0
313,0
2,0
22117,50617
10,29303
85892,89397
2248,32116
18,0
2,0
261,0
36,0
862,844
1808,0
112,67837
14332,0
21,0
7590,52294
48674,55768
3226,0
77,0
1902,2465
7743,0
2,23436
10615,42167
16,99049
160,0
205,60477
16,0
2527,66210
1,73783
2,0
1162,0
84,0
2,0
1391,0
14,33481
4,58587
1889,1889
7,69853
3674,64307
99886,111331
244,79149
622,0
196,0
1706,0
23191,23394
1785,0
12,37224
4,0
22,0
3081,0
13,0
1232,0
3,0
11089,0
15322,0
99,74579
19,0
754,0
6441,0
236,152965
80,0
722,0
1,0
85,65031
3088,0
6,0
496,0
8084,0
571,0
3,0
2,0
3748,0
87797,52561
77,0
4,0
7,54297
900,0
3,0
71,0
8977,0
9,0
2,0
64,0
38,0
13131,31338
94291,88608
17,0
18,0
9079,9089
14165,0
23496,29795
1,0
113,0
9,80800
699,0
33805,33032
335,0
1,0
55247,67652
2255,2255
2,69520
154,0
648,0
5,0
767,7848
351,54519
1403,0
3674,12341
1422,0
1231,822
11055,-33917
3,26175
6,0
71749,62627
14,0
19,0
6,0
2771,4692
645,20772
3275,30758
34787,34188
15,67601
89047,36174
4032,14628
12,0
1,38867
19,0
5629,-54716
11048,10989
13,15041
2087,60799
389,0
6,761
3148,0
2494,56845
6030,0
368,88459
8,0
4909,0
21,0
38,2659
452,0
1298,0
4,80821
1,-48443
4436,0
23572,0
158,0
61301,0
21,-13891
2989,13428
12087,0
202,93211
9,0
6483,-4975
13399,0
172,0
16066,70229
38343,79480
478,62117
11,0
24926,25108
33253,150013
62,0
58998,61350
16,55960
47031,80360
190,0
16,0
237,0
5127,-3005
80000,76759
56441,49094
17,50270
49,0
43,0
1162,47376
12074,14488
3147,78104
265,40592
4,0
11784,0
9183,28820
299,0
433,0
17263,58418
1,47686
66760,54790
48549,48585
18613,14641
20,16186
2293,0
21,0
6,0
1,0
151,135341
1359,66938
12,-30971
7,0
4503,0
9432,9432
70,0
5,0
145,0
405,0
3737,3737
21415,0
7,0
19437,0
84,0
6,0
1428,0
3,0
81,67520
70,53
90,0
1,0
62,-26450
14239,20015
2,0
8,50110
70449,147719
390,0
87,20240
7,4193
1,0
2170,0
5496,0
9,0
32195,0
3182,115511
55,0
966,0
69877,69865
2814,0
5472,94957
1206,0
35,0
73778,69770
11592,0
80612,86630
16505,12997
2,0
324,0
1614,53428
1375,0
449,50280
25518,70720
8207,8253
1234,15768
56,66893
12,0
83,26647
2,0
305,0
13388,-22693
17884,26865
6320,22774
12,0
181,0
1,56319
2,0
75196,68282
60373,52087
2646,0
11722,56264
1,26800
4,60341
2883,0
1284,0
7462,0
4295,0
85,0
1,0
2,0
50,204
20511,16546
1,1
5376,5759
493,3
280,0
8504,54906
66972,68876
706,84299
324,50363
146,0
66556,77652
264,374
129,0
21019,20700
30595,92193
19090,77363
2,0
229,0
6732,64582
20689,21337
21949,53736
3,0
12237,0
13771,0
930,0
61,0
5,0
4,0
16542,0
1299,0
14409,0
68,0
86280,135758
3,0
65273,31958
14830,82526
1,0
2445,0
64789,77884
11,0
3,0
60,0
105,0
10,68141
17613,17276
314,0
3190,6001
13714,50830
4197,48657
39086,37548
1457,0
37034,128425
10,49217
12,32219
229,11489
3605,13946
6,71177
39036,57472
52980,96754
3,0
961,70868
10478,14622
4271,4273
24960,0
1016,0
553,0
306,20723
21,0
32202,76205
1,0
16239,0
68,0
353,0
332,329
3556,0
206,0
3054,10361
677,0
78188,62126
2,0
1927,0
36,69746
86,0
42323,95519
89098,88184
38909,52391
4,31637
4211,0
1491,110807
10,69390
1505,43591
2,0
4614,0
14247,0
1184,102554
31,0
1399,0
419,0
999,0
18,0
1,0
85,0
42589,126764
2034,0
1,0
12,0
59,0
3082,0
324,0
1,0
1,0
817,0
49926,49925
17910,39765
133,153
15,0
69,0
10091,0
28014,40823
2611,0
84,63589
7269,64721
1420,55400
1779,70745
77,0
5392,5392
1467,0
2478,0
28089,0
64,0
14738,99142
4,7753
67800,79980
2456,0
2,-34
13,0
85,0
4203,0
17584,0
4137,0
371,0
120,0
7,72866
1344,0
9,50552
1,0
3,66566
25763,30202
60,0
45,25933
45313,54081
13866,84104
1496,0
38251,37983
21305,28199
8,0
5957,0
13,0
15,15
25,0
824,0
2377,0
10972,0
3,0
4,0
16191,0
1205,0
11,0
6218,0
6,68
17488,0
1637,0
57387,92335
4,0
4,60957
69853,104921
559,0
1,51571
116,0
42,0
894,0
5693,443
23,0
353,13856
141,0
1,0
274,0
1,45533
11527,70096
20383,59415
215,7981
4,0
159,-1865
394,82860
3,59673
15606,0
1095,0
1,0
179,179
53,0
86,0
29670,69369
2,0
6,0
255,38880
16,0
24163,39529
221,0
5434,0
30500,72797
1420,50621
5638,0
11594,0
35509,59810
2803,24325
14480,49445
58,5511
17,18466
2007,20223
4,0
33,33
680,0
99,0
30508,49765
2710,89888
2763,0
6,76943
82,0
1,0
25,51181
36,0
217,0
332,51864
1,0
48704,48544
3013,34436
1374,-2537
2,0
1,0
5,53791
2,0
1,78151
18,0
37793,73661
8,81119
3808,13197
31,0
448,0
14053,14345
19,0
151,0
35,0
72,0
25,0
1,0
12620,40516
168,0
8,0
215,0
9242,12880
1,0
166,0
164,11515
120,0
478,0
4,0
10,0
5319,0
72908,79308
93037,126596
6,0
15,0
13,0
221,12737
1,78385
27,42708
21,0
262,49112
2126,0
71173,111303
51,31297
1290,0
582,0
3893,3930
16736,-26176
1,0
2,2801
7,0
1,0
2,28013
10,54096
101,49635
1033,0
8,77492
2,0
1489,0
425,42173
15204,53308
44,69759
1,0
224,56649
576,99741
614,-12061
15105,44017
2,0
6,0
2,10453
32649,0
16,0
3353,37525
340,0
64202,99728
359,0
302,91585
103,64309
117,0
28503,73806
4205,6444
720,0
470,0
1,0
1,0
3906,0
18891,28309
5194,0
5847,0
1417,78664
1,0
65,0
61,-7517
6309,0
137,0
3,0
970,970
178,0
8781,54856
1,0
3853,0
1184,0
1619,12390
36372,64041
5,0
47268,59092
23,0
637,0
16,29442
28211,28211
2,0
8197,0
1621,18485
5224,0
10107,0
12,0
9441,68560
1,12466
174,44764
14753,0
3252,3252
2,1301
32,0
410,0
1,0
281,0
25791,110338
53152,49519
1,0
10877,10839
36973,41407
1,79027
1168,73764
56,0
4,0
2,0
44469,0
1293,0
23617,0
2,0
96,0
17,103277
186,0
20725,53990
414,5415
10,45105
4027,4027
1162,0
62418,67542
6,0
35,29902
964,0
1,0
59519,74619
36,13491
1325,0
21,45039
2,0
19524,113220
1843,0
1,8982
43,86458
257,0
144,0
76302,71323
1,0
4,0
16,0
706,0
2846,0
27,0
4,0
2,0
64,61028
86,0
110,0
877,0
152,0
98957,98697
10178,0
6971,0
12,4841
85154,92659
21450,45303
174,0
22,0
1,0
1962,36748
1,15712
314,0
9477,0
11259,0
6622,6045
7,0
1,13151
1,91015
6473,0
1,0
27163,0
205,0
1,0
138,0
1,0
12,86342
24336,0
5,34691
226,54424
895,0
388,0
33048,42183
1,0
13809,107395
2,32947
1,0
26444,0
8259,8260
50,0
1199,0
82777,70024
1989,0
1,0
201,88858
11,45089
1,0
30027,30027
237,0
62,0
33267,52460
43,135493
38,24688
1695,0
678,0
561,0
270,0
3904,29975
28,0
8,58364
3882,0
88139,88300
20,0
9526,33889
104,0
3,0
3,0
208,0
68629,53485
2821,0
3452,46416
27,0
10,0
2501,0
3,74667
1,0
8,80569
169,102709
729,0
7,21035
73082,61698
41,56758
58,0
7763,0
680,0
12,0
6,0
11,49173
125,0
14,66142
828,7245
28,54532
525,0
613,811
1297,47400
1360,14393
2287,0
20878,5895
654,0
40,3398
2,0
609,0
43753,72712
8397,0
1794,0
687,0
2,74641
1535,0
314,0
434,0
41,0
1,0
3,0
2,69454
10,0
53,0
858,89397
262,0
8,25353
5,0
49978,49407
23859,23553
1,0
2788,2552
2,71836
70,0
5179,9271
1649,60983
1,19363
223,47088
38,0
37,30881
25898,59219
10,41764
2,0
67,0
94,0
687,0
2,0
98993,98890
3,0
370,0
3487,39098
28796,109677
33641,84231
518,0
5,0
136,0
33,0
14,84223
1,17880
5,0
1490,32012
73,0
80,0
10,0
367,0
9,0
2466,0
14,0
13257,0
145,0
796,69140
1,0
6,16969
1,0
3,5241
29234,0
1,108351
15382,15381
56688,57746
1,0
60,0
8,0
1,90859
76,0
4,47016
3,0
8288,52011
369,0
8,2982
21,0
28,0
7894,35596
141,51185
4,48711
2466,2273
199,0
12938,94369
18789,9304
18340,112385
6,0
27857,0
16949,53310
4,0
1879,0
46455,0
2477,66853
2542,0
30078,53696
84,0
18,23701
113,0
216,76866
24,70141
1,19137
8109,112990
105,0
40,0
1,0
1,0
64,49452
106,147
4,0
1,-22144
348,0
3,0
10088,0
562,12724
1,0
25,0
1742,0
1,0
4,0
83869,85172
5328,0
3,0
357,22609
1,16255
55,0
163,0
155,0
127,0
27556,0
2,0
43506,39057
18958,18987
12915,0
183,67068
111,0
54,-33862
13,0
3,0
12338,0
7539,0
162,148456
5620,0
4166,55455
9059,107680
1204,-10556
360,11938
3,112050
2,0
1755,0
663,0
4825,10005
8,69278
18,16575
257,0
454,454
28315,53375
13,0
55,0
72390,66696
361,0
902,0
50065,58522
386,0
1,0
2,0
1836,0
23,0
31,0
3,0
1503,0
1,0
348,348
10,0
48,0
291,21944
94798,76573
60,0
3940,0
88,88
15240,15240
35,0
35,0
7253,0
23,0
51,51
3134,0
606,0
28,28
40385,43515
391,0
2,0
23720,23565
4,0
19,0
5,0
323,19320
8,0
2734,0
2107,0
65587,49337
9,0
8368,97686
86986,110203
1,0
343,0
8,0
75801,44768
36780,95408
88344,93847
479,0
263,0
324,0
62763,173366
3,0
6,0
14,0
4,0
9,0
1675,0
77,61355
2,0
80453,86878
77,0
727,72485
354,-29579
5,31403
50,0
53522,123788
6,0
90256,93466
6507,16724
2210,29373
1,13278
135,0
958,958
424,0
40,4006
6214,0
6809,0
4,0
4134,4135
1646,0
32,43489
47,46699
1,0
736,0
37794,44547
1,0
2,0
32565,43271
47,0
88111,100953
1,8719
15,0
21630,21572
11,0
61,0
67,0
185,185
42,1133
15448,0
1,25516
3611,15660
97882,116383
7358,129538
11903,37159
173,0
261,0
278,0
1347,0
35632,102607
62,0
136,0
255,71054
1863,0
103,-39153
1417,0
1,12767
489,0
48168,48778
12,49791
35,4085
15907,10743
18,0
1084,34057
7385,73736
1354,65357
6840,0
623,0
48,0
4,26807
60193,63442
19,24900
91,91
24,0
2919,0
45603,105493
33,0
644,80480
7,76278
2,0
81,0
294,32177
140,0
91392,99580
74991,78678
363,0
359,0
824,58329
117,0
783,40867
38,0
13742,14147
384,69226
2,99554
251,95819
5,0
115,0
51,-10144
99634,85903
5,6930
2532,0
41959,0
3,3
195,91956
59197,108484
2,0
1,48818
6,0
63833,78585
227,78334
24,0
141,27303
39,0
11337,0
14934,50425
11794,57828
64,0
19,0
1445,3684
11,0
2,1392
5,73520
3,0
6188,43831
10196,9765
2,0
4913,0
26,0
9522,12129
328,36227
222,0
64232,65018
646,0
1,0
94,0
193,92316
51,0
71807,90328
1,0
22683,20775
242,0
34,25813
1291,16967
51797,48931
18,0
26964,0
197,0
3387,54102
13,-156
2124,47892
7847,0
3,0
3510,45682
4895,0
1,0
305,0
7908,51527
52,133357
1915,1915
13515,147174
38,0
3202,14120
63,0
109,0
1,1
38,39974
21819,21606
27,0
68,0
43,0
129,5648
89,0
12,0
6370,0
4718,0
6310,0
361,52916
6,0
193,10760
37814,37814
1246,0
1,0
1,0
3,0
4178,88055
37,0
10,42767
13196,0
61029,90547
30903,43026
2446,0
98202,91526
21,0
6,0
337,0
7565,68370
53214,52480
7,78753
50676,-19541
47409,49000
1,0
4,36707
28,0
30057,52509
9,0
50,0
27089,0
55107,65895
1,17786
21,31107
84429,84054
772,22340
27010,37171
5064,51733
6,179
26,0
1588,0
14,0
2616,0
1554,4411
2,0
1,3627
45,0
219,0
1772,0
132,45134
2,48529
1,0
11,0
62365,76581
11857,0
31,82243
11,971
407,0
30599,36636
174,0
2893,0
4,0
27323,61079
47,0
136,0
19,0
12718,0
1653,-32117
36602,126670
2,0
2,10081
416,0
1,22704
7,0
3,38944
2123,0
253,253
18,0
12815,70327
74745,90105
8939,30868
12878,58934
10,-51
6987,0
12,51777
13958,0
2916,47774
1,0
175,0
1550,0
38,0
37,0
16550,37995
3504,0
900,0
237,17952
51,0
31,0
6,0
11142,0
7,129942
2727,0
597,0
559,0
36,0
569,57579
1,-21087
1,0
13094,16343
3,63882
12070,52446
61972,62139
3174,0
40938,20835
1943,122165
22467,66521
39550,110266
2,0
2,0
977,642
639,0
7644,7542
5,35947
13,0
4656,0
5475,89186
2512,0
17,0
807,0
1129,86613
23,53415
5,0
2,-165
1,77160
5750,0
2,0
12,-2553
1702,0
108,0
2071,0
7577,61954
1997,0
7,0
31,0
12841,12896
62,65790
1175,44540
40426,48363
1,25334
4007,10600
599,0
13,0
8,0
655,0
10,0
95,0
289,2069
25,72518
12015,49845
662,-12443
22651,0
6127,0
102,0
7,0
13542,15317
1481,4051
21650,59714
2759,22514
4,0
593,28468
1042,4818
13,0
2030,0
109,0
12893,18456
32021,0
602,602
16945,43668
103,0
42,71500
3,0
6214,0
9,8
20138,36043
1,0
1,1
58992,58992
245,0
6600,78997
34,0
638,17044
47874,38097
14166,24080
16332,18120
9144,0
1,0
11,0
1,66243
231,0
5,0
285,43690
42579,37556
5678,0
171,171
2,0
26,0
649,101543
7140,7228
5079,0
31,0
15871,0
1703,0
24488,73763
159,63469
142,125797
2,0
368,0
505,508
3,0
7702,0
2510,59172
50,19658
41804,83088
11825,12614
92908,92908
2176,32850
92,0
12429,20455
1188,56755
10427,0
1629,0
549,0
41,39763
12,0
14898,13056
6,-5766
1,0
5481,4990
5236,2566
4110,0
152,84399
5,34189
4831,0
121,0
213,0
37473,64036
1,0
50,0
65,0
2509,0
189,66401
2187,0
17825,17834
3002,0
194,230
3,0
1,88875
48015,48015
184,0
99,0
27978,0
5219,0
3,0
48714,56146
1875,59543
16,0
23,1631
1154,0
1068,0
13,0
2,59227
6705,0
9637,0
84,0
28,0
304,306
1025,-2390
194,0
31,0
1,0
1113,0
1,-39147
108,0
47356,130704
31,-5635
74518,67379
3080,1000
1370,72431
6140,0
2592,0
6,0
1,0
17,66758
30,0
14689,53368
2916,0
1,0
9918,46548
6468,0
7,49320
906,110325
95,0
4685,0
3,0
753,0
2818,0
22692,22656
119,0
59,2437
63841,69807
315,-33539
296,69831
865,65155
74,46380
8913,22254
15192,28704
27,0
7,0
883,0
2516,66668
527,0
1695,1695
18803,18315
41186,92782
1,0
1,50684
225,56177
183,36578
572,0
975,0
221,221
10337,0
2992,0
2,50197
154,145150
7,0
22,0
22,0
35,26285
1100,0
2,2
15,66257
13,0
9617,11518
5,-1444
2042,37632
148,10537
22579,65462
332,0
96688,97430
60,51274
10832,15145
6,79947
1,0
1398,60329
53409,67402
506,0
11374,0
1,0
516,85112
7,62192
70,0
20840,64808
6085,3045
162,0
3045,0
9876,0
204,0
48231,109279
761,46491
386,374
1,0
20191,0
80251,79999
766,0
20,99736
73,70
1,0
5002,0
59,0
554,0
996,0
54930,109567
591,29241
9,9395
2040,20120
920,4416
1164,0
170,12444
288,0
1300,0
194,66751
9,0
6843,0
88,0
2643,0
70,43640
213,19919
33,0
152,0
20672,116877
72362,72906
46814,0
43673,44234
140,97377
49,49
53648,87386
8,4355
188,0
39,71048
409,0
259,-673
1,52486
2189,0
93051,112106
706,42929
127,0
20,5046
377,0
7949,0
2,120002
5,99097
1,0
94,94
58551,95789
1,0
7405,20468
2,0
513,39852
28998,50613
29271,65255
34424,92262
3297,48955
18,0
286,35511
766,24924
2127,0
1,0
2,0
18654,0
3803,0
66,0
3,0
2,0
70440,82898
3,3
85,0
431,0
7354,0
12425,0
12,0
2,60407
56514,60638
419,0
46,0
2437,0
60094,64531
279,0
74590,85167
71,0
656,56156
18181,0
1531,83854
649,1003
132,52033
1187,0
7845,20328
6903,24097
4,0
68,-28087
33205,65825
101,0
5,0
2022,74530
1,0
2829,52603
1,0
27309,63780
134,0
11648,11624
1311,0
10,0
23,59437
4132,0
1394,17640
8316,11618
60913,74409
4,21
40333,0
11752,13691
1275,69488
4,0
1,632
3351,0
16,64938
20919,20974
4289,4485
534,50424
1881,0
33,0
36,0
1236,0
56,0
61,0
37420,0
11568,81349
42050,21779
16,0
200,20863
1621,4298
1776,3180
1,0
1,0
4,0
5382,0
38,60389
453,0
37069,90129
46596,46596
1582,30847
1949,2182
997,0
17115,28013
37,9073
5351,87972
4361,0
60,0
140,48212
71,0
6,45840
65962,75252
144,0
8,0
2,2
182,0
1,0
17102,61466
37216,0
11041,5871
12048,0
19776,0
2180,58950
2205,0
14,40594
4,0
579,92391
2,0
26333,31823
62273,71842
41840,41840
26,0
11572,0
1147,74109
1,0
1710,48624
3610,2611
7222,10646
1,0
1131,0
5,119602
108,376
168,0
22075,0
20,31498
2457,0
7,0
15160,0
52184,61134
1978,0
5076,0
223,33473
1218,0
2,0
2,126127
8001,14278
89414,96560
45202,43673
688,61721
6,0
5,134041
1198,65036
227,47211
225,45807
170,0
21639,0
3,0
12566,0
7,0
132,0
5036,0
8,0
11073,0
18,0
1287,1287
62,46884
66,47839
9873,20898
62,0
569,0
53715,69410
3821,3821
4,0
7,0
7,0
105,0
2129,0
3447,9532
297,0
8,0
1912,94671
7986,7995
6,0
15715,26644
122,58504
402,0
47684,56449
74761,74247
73,0
93,0
431,0
55,0
1242,0
223,0
39275,64167
346,78267
2016,14425
37,23738
147,0
3481,39892
68,0
5,0
411,413
1,0
10,-915
136,-481
172,0
17,0
18,36395
1,0
6,5
93,0
24,24
82141,93760
6885,0
63059,70111
1,51942
70464,0
15083,15055
2,0
131,0
88,0
76,0
66551,70834
1,0
548,0
2,0
1760,0
19,16160
1992,0
5221,0
32,88981
13,0
8521,0
12251,79001
211,0
11,20436
5,-4727
859,0
90216,96492
1,0
1567,0
2287,10179
45,0
9,0
3,0
1,0
1512,14385
3232,0
62283,68365
247,0
2861,0
245,0
46,25639
15,0
77207,91354
6691,0
618,2064
91726,94326
1875,49398
44,56032
9759,11772
89749,85613
922,0
17,0
17668,0
4,0
279,0
4,0
18,0
3248,2366
16106,0
46,10450
16719,17570
1,0
8347,20844
3858,0
1,0
4096,0
28411,76529
237,-49465
114,0
54441,46569
31,0
5,0
1,0
13163,17503
28840,45473
320,0
15867,0
3155,27441
1764,1763
5,0
45806,69906
1148,0
13,0
1746,0
1,0
1,59146
52,0
66029,85543
465,0
225,49384
99,-48482
11,0
1536,0
35,0
1468,2087
34,67922
179,30121
11,0
3979,0
15089,42787
2,0
4,0
38612,61332
17926,17592
1649,0
114,0
10,0
1,-2663
14,0
87189,88764
24,0
580,0
1,0
1702,0
101,1169
8,0
5693,5688
3,96151
1555,0
64602,64290
45,13180
43028,64928
50876,50875
50674,54280
308,0
2,0
294,0
2938,80840
5,0
483,0
1,0
793,0
79294,98052
11690,7785
2,124345
5784,45082
2973,71012
75,2628
1,69497
1217,0
15361,0
38,61717
2708,23308
534,0
5,-458
17084,168764
6,0
90238,124701
34675,0
101,65611
589,0
37,0
722,0
6160,30839
190,1970
4,0
9,0
76196,79877
33,0
581,10533
38890,57361
324,0
14964,34353
2834,0
48743,56555
2992,0
732,1169
9,0
581,30515
1739,0
275,56524
43,0
3,78300
1,0
2,16677
1,0
9,56637
54,54283
5332,0
1805,0
27253,76732
326,0
8474,31741
4997,0
82034,79442
2682,0
1,40136
7,21069
35,0
39062,58455
372,0
3902,0
1,53608
102,0
3129,3404
27,254
257,76105
95578,97510
1095,0
178,0
13,0
66118,81183
87,25551
11,0
36652,41444
8,21275
8,0
565,104395
1465,37790
164,166
47231,46721
16331,63259
8,0
1808,0
2132,0
67,0
3821,0
2,0
3454,71191
10,50185
2726,13044
57,0
25628,61116
1487,0
3,50784
7046,0
18,19746
2476,0
23,0
8865,8861
253,0
9,60107
4887,0
17,0
77,0
41219,43553
2,15670
425,0
13633,68560
5926,1197
181,0
109,0
493,0
21006,57862
82705,28317
2275,0
273,2168
71,11994
4801,0
26,0
697,0
86,0
16,0
60,55552
6541,0
23059,101352
1,0
5869,51618
2,0
3,0
42071,59068
335,0
14,0
16523,0
64968,51035
2842,55696
2,0
47794,54351
13,63126
5172,0
18,0
5,0
12,57996
58291,49048
5625,0
14,0
11520,0
1,0
1798,1798
115,83821
14,40345
25842,64642
51559,26941
87381,96992
7,858
2,0
60074,0
46,8727
257,39662
335,49857
15977,64063
36,0
100,0
2621,7967
14086,11295
54117,56401
4,0
2986,0
32333,52779
16,0
681,1965
571,66374
3,0
92843,73849
1,0
78,48036
4,0
27,0
1071,0
262,0
1,20182
1,0
2,0
2073,0
20159,81712
1,99775
650,11838
16,60322
1299,0
22056,42595
4730,0
4120,0
105,8875
3917,0
32369,80426
50063,104582
5066,97986
471,0
2,0
10395,0
2,15731
2,0
2,0
62,0
16956,47030
2536,0
4747,0
55534,56241
59617,81646
9211,59406
42325,90157
1266,79680
4252,0
98128,93890
168,0
7556,0
11,16081
4808,36761
13001,12986
8653,0
47,9856
27919,76415
1,0
1,0
345,78222
16526,67227
3,0
78,-9624
2,0
2,0
1530,0
830,57172
6,0
10303,51188
82,0
51891,156744
56042,45016
2968,0
12226,0
4,0
19,58312
1171,0
27,8432
14106,0
52110,89634
2,0
96887,98972
107,7970
13,54593
2,0
2566,0
1,0
3620,0
27,30
125,0
6,0
1,3097
1,0
17876,0
1,45042
464,0
34,0
19362,25471
20363,45639
3,0
29,0
110,84799
41274,0
669,52981
323,0
13482,0
369,92104
39330,0
1635,15211
252,15307
3991,60857
590,0
9,44588
2,0
92,67821
17057,16970
2880,0
3,0
66952,73485
64,0
1452,0
22937,67422
23985,23508
46,0
7,0
30921,39794
21773,0
16605,14541
11915,0
962,0
56377,115311
6047,65154
130,0
2343,85552
1022,8097
1902,148083
1,0
15929,15620
4067,4033
18,0
4,0
1,0
1,22655
10643,0
3129,4070
1082,0
10299,0
91492,85992
109,0
3,65602
16113,16116
6,54489
28919,51074
178,0
233,60874
125,12639
460,5927
500,0
52,71968
1044,8306
61921,63411
2223,0
2,0
1,70187
448,0
66006,101364
3,53134
390,0
155,0
4860,0
7266,0
18077,121513
82,0
2107,64270
9,0
542,0
10361,5436
1,0
1480,60349
669,0
2,47300
23798,0
86,61074
1981,0
5971,58677
5509,5509
20911,19444
73111,59027
6,0
5,0
2,28430
263,25131
172,0
2,0
29,0
176,0
81158,65903
1,15331
13,48560
4741,0
239,0
15,0
332,0
2234,17513
46,0
89135,87821
7001,52292
8,132507
11,0
42929,48560
1204,0
204,0
33797,0
7752,0
348,0
1,0
15,15
94,0
16,0
8124,1154
2,0
3,0
39,0
19,0
1176,0
15,0
59,0
21,69893
41,4987
5245,0
668,99809
7955,57222
9477,0
31227,0
2,59207
11383,12317
40,5613
3843,0
24,0
6699,0
78691,81380
1523,0
3774,0
13,13
382,14683
1137,36203
779,0
2224,0
629,0
11,0
7,75695
487,0
4576,0
164,118085
1502,79280
39,0
38183,63717
10,0
1,97562
2,0
850,13882
187,97144
18770,76296
207,0
36,0
15141,35196
2154,0
1,64736
2774,79807
3055,0
3635,3635
378,378
2,99904
239,34222
10323,48657
116,0
92,12389
2,26406
4939,0
1,0
1987,4692
2646,0
3349,24310
2,60379
434,0
1,59899
1,0
32,65165
12,0
4055,69352
29812,0
2,0
2023,86371
8,0
4,0
237,0
8117,52985
10,0
36494,56215
2522,0
52795,79743
720,720
80198,87755
20590,20286
305,41853
1795,0
125,0
11,0
1592,3364
7,0
42068,43709
12963,35111
200,4499
1,0
85,0
32136,68669
5571,50061
5062,0
47771,53071
26,0
8710,8710
37,87950
5205,94631
68411,53311
10247,14667
895,0
18695,42390
27539,0
30,58901
24,0
1433,0
5,0
5,17061
1,0
1,0
2,108055
3299,128174
16267,0
683,55211
24185,0
618,0
9064,0
2033,0
1,1937
9638,0
1,-11390
1138,1178
1101,0
9399,0
14,0
4251,33464
1,153
21,0
779,5363
28959,86307
794,33258
13836,14621
1,0
1,59065
34044,74502
9599,53890
452,0
35560,54277
37,-40442
506,55011
4674,10144
1606,0
102,79045
93856,82564
31,0
5,0
34245,34586
4,0
1,53563
4255,0
96092,100509
1837,0
3232,0
4,67726
4456,91502
78627,78766
10,0
2,105540
1,0
576,0
894,0
23618,0
582,0
4,0
139,0
11,41024
2814,22491
8096,31909
2007,17783
1,0
1,0
25490,25147
31,0
179,0
1,0
80,0
6,0
1173,353
172,0
1,4892
12413,66239
21641,21626
11,0
18306,0
30137,0
43192,72442
2,0
16516,40778
25,0
43298,109052
565,0
154,71104
16163,0
6342,92285
56579,54200
19789,0
2,0
15,39453
380,0
2,96694
194,0
2,21471
207,0
78398,78601
3113,0
2,12344
33,12911
10,0
2,4544
31,0
7068,0
813,0
959,959
87413,101664
4639,0
4131,4131
1224,0
3178,-35317
13,0
321,0
3,26968
17040,46202
180,0
4636,0
250,0
497,0
1,0
493,0
316,41564
6,0
29,70214
41280,143750
2,0
62,0
727,0
2934,0
59,0
14,1832
3,0
7994,0
735,0
23689,97426
4798,0
81374,185405
3,0
69473,137200
16104,-3483
18491,0
1,0
8,0
9,71951
49,65946
1,136489
1,0
58983,0
1140,454
1323,0
4471,0
176,0
4,0
1,93849
6694,-14408
3211,3629
33030,6334
1,1
17122,0
264,50535
9,0
67,0
1,6781
40,0
50,51147
540,0
158,0
43650,21236
11,0
2,0
221,0
757,0
360,0
3087,0
5,0
361,361
23,0
64465,79450
59732,56552
34369,56595
1,0
106,110
63768,65256
1,82827
1311,0
7858,0
93945,81322
3344,0
10980,44880
4,0
14527,0
76171,94147
20,560
148,0
1050,0
154,0
86468,69173
19441,18079
18246,27359
9023,0
428,19483
1,0
3000,0
321,0
3,0
3,0
48799,75153
114,0
28028,77599
10,0
78,0
51237,89122
1,0
49820,43130
101,0
8130,47703
106,0
71274,95917
3017,0
633,0
575,0
4712,0
2,0
1,36611
14,31017
290,0
21,0
1,0
2,10519
3113,96461
417,0
119,0
2,0
4,0
45,0
95755,83905
3531,55690
111,0
36989,0
222,0
16103,0
463,0
11932,97844
591,0
5301,0
28353,97608
42589,110760
40,115
1,19458
12913,69099
1,0
1,0
4,0
16,0
9,0
9082,15792
68317,69936
1126,17627
13,0
1163,15568
15684,57045
20023,-30932
39,0
5,0
2499,34693
65843,65990
14502,0
27017,105343
620,54633
106,0
1,28586
94925,85301
1,0
8,0
3931,0
1,0
39491,54681
377,0
28,0
48,0
680,0
52459,52097
1,0
13,22693
2142,2142
344,48472
18,0
12257,94395
42207,85366
496,0
1,0
2,0
5,0
18,18
1415,0
80422,73573
7,93530
1325,0
23668,22289
8051,8861
1,0
1,0
6500,0
772,0
5608,5608
1,-154
62960,67801
47401,48187
412,0
7,0
22998,0
102,0
22,0
27135,0
1,78013
29897,43216
11975,0
2,0
236,43755
4,0
2007,66211
1,0
64011,64011
1,0
76,0
73433,72635
11183,44675
6056,25074
539,55969
4888,4798
10374,0
17,0
1595,3229
351,0
25,0
431,0
5,0
122,0
228,5406
1399,1748
546,0
39,2560
17,78398
3341,13624
2159,46847
774,0
7858,53870
18,25279
10,3267
4733,57588
4,0
2,0
3,86713
3256,3268
2,51818
1,53423
1,0
5202,0
6,6
7637,6809
8,280
6,0
49,0
8423,0
68,0
772,59670
6375,0
6391,0
615,8100
222,0
3704,0
55,98212
745,0
16872,14801
748,0
29,13162
3975,83049
11,50486
32,0
9762,0
5,55776
358,66815
325,59282
11397,11397
728,0
2624,-43370
3,0
48978,87189
87,39804
15,0
175,0
87,0
12,0
2986,0
102,66155
53,0
78748,73004
198,0
27,0
2,71357
12146,0
1,0
2854,33739
4697,86880
1,55672
6817,6817
298,52209
19,0
2,0
7763,0
23,101662
12855,0
90,6825
59,84194
817,0
2150,13991
1794,0
433,48823
6,0
2606,0
145,0
13015,-12829
41,22611
23,19435
1,0
24,0
3,0
24970,55554
93,82637
8,0
37,0
11,0
39205,52004
12,0
80375,78979
4,80183
12526,51895
6928,6941
8920,8830
10677,0
5,0
15945,94940
11247,91027
1126,0
64198,67243
1363,0
96913,67211
20235,16135
2,73487
4752,-14572
2928,0
102,0
17,0
1053,1053
1080,0
93324,92345
1681,0
70,19524
3698,16439
3005,0
1466,0
1192,0
20155,44812
30594,65954
118,0
1,0
32788,84663
4,0
73,22167
108,0
17166,45558
25895,0
4853,4866
61,62732
296,0
912,0
1,22095
3647,0
36,0
52,0
25,0
13,0
6836,39418
1951,0
273,0
36068,31550
65598,65600
21,0
1076,42414
86125,103297
254,0
101,110363
1,0
2,25588
4,0
415,0
79111,96222
36762,44661
5,0
30931,39809
4156,83563
12525,10896
155,0
1907,10182
27684,0
11307,37766
2104,0
28169,84255
2,8212
1,0
80647,84975
46103,35219
1,8001
40,0
68,0
64,0
17445,0
6,65426
63,0
328,63005
2,0
881,0
404,0
85,0
42379,44752
95,75905
13822,13574
1635,44841
8,69846
71254,80051
1153,24240
2,0
383,52577
116,67475
1259,0
197,0
8307,0
2,13447
7048,49795
2414,0
10,58774
1,88577
6,0
909,827
1,0
550,0
52,74600
2652,144647
2434,66630
6415,116927
2379,0
7658,60879
328,34274
1628,0
9776,76509
3,3684
17,0
1,0
4500,57141
163,0
81805,59543
1,0
1893,1893
3,0
58,0
25620,79607
68,39215
936,0
3150,0
34811,52436
768,0
4867,0
82,0
2607,36365
19,0
1,35330
84,47635
44456,0
80,0
43,0
1,63445
3,0
67158,69464
130,0
17,57422
15056,84565
539,0
23544,60722
1188,22399
267,0
6,65363
4540,4314
45,0
24,0
2951,0
7,80522
69,11498
1,0
9,0
2,71910
5,0
5583,0
84172,95834
6993,62759
5,0
48870,53162
52,0
12583,0
48,0
7195,0
3144,0
39,95519
1292,16171
58,0
90,0
15694,14203
1,0
8,0
16687,12881
383,383
27,0
287,0
78817,81665
7,0
3081,3081
16908,28243
61,0
2,0
88326,102326
1,9163
1105,0
40,0
2821,0
19,0
5,0
18,0
3,61504
5,0
16,0
34,0
162,23557
4282,0
277,67373
16507,0
8487,39091
16196,0
2,0
76502,74697
27093,0
18805,0
4,0
5,7142
7,13152
2310,0
8767,52607
1596,0
7084,0
7130,0
1,0
28,0
449,0
15,0
14246,25583
19,0
4,39540
44,0
1388,115950
38,0
6,0
3,51384
2534,46409
19958,52398
52383,52705
272,0
1,0
623,95053
1,55700
3,0
78,0
19024,0
4813,75706
80,0
7,73084
3,0
36847,0
131,2907
3,0
1,0
218,0
332,0
259,0
49,0
2,0
56144,43573
7665,32329
6,3323
30060,80916
8,227
2534,0
109,84285
7,0
5186,32352
6940,0
5547,0
4,0
20,20
9,43907
2585,0
976,0
8,0
1540,94816
1484,0
51,0
7,69501
577,0
3,0
1,29224
3033,107644
51,0
2802,6674
8,15237
1137,139896
17483,0
1863,116088
1060,0
29,11808
4717,0
93303,105037
3551,27035
22522,73817
2074,0
6986,0
106,0
71811,40392
1631,68764
92802,92134
1151,0
127,0
63298,83119
1058,0
8,0
124,-17884
70,49785
15,0
21577,0
17439,18317
95132,66696
35468,51748
55,3956
1364,36772
3,0
6,0
16448,34959
90433,91490
8,0
576,50517
29664,161959
2,44596
3,12573
14279,44217
414,-9468
10,52741
72777,79527
4334,17162
381,40569
22043,17800
8,0
71,0
411,18603
621,90890
274,0
970,0
4792,40662
4784,11954
195,0
6148,9909
9,0
635,0
8633,88312
6077,8103
31,67034
13298,14320
958,0
1,0
4692,0
209,0
42476,43168
117,14588
5051,61806
2,0
2,110264
309,0
24,0
2,0
1,0
83125,76781
171,0
1621,0
4062,0
97885,96575
1244,22440
748,101358
48,4022
8797,0
3,18
278,0
116,-7814
2,0
261,0
130,62460
36,13034
26,0
24,10989
48,0
261,0
3116,0
1014,0
27946,30356
92376,92433
1,3173
51895,83345
6730,83654
1413,86242
145,0
199,72815
88756,100377
22,109200
1081,0
1873,0
234,0
20,0
561,0
15619,0
8819,0
3,37297
4099,75899
154,0
10894,44307
52360,54470
9,0
1,49931
12354,118021
44862,0
22,0
4461,80387
6692,104408
7,61911
50078,0
952,55169
46,0
46,21973
612,0
1755,0
2232,0
1,24093
18479,77333
52947,104013
33391,70725
25,12523
3,12243
7,86020
10744,60012
103,81091
1,0
4,101663
6353,0
168,52024
275,0
10,0
6377,51396
11,35094
9312,0
53374,60321
5473,50132
1,7282
2,45841
15001,28946
36,47341
3254,16098
2968,112818
6962,0
45,0
1,30431
23,0
3,0
3301,0
31947,0
4,0
4676,77872
15,-713
7742,5688
461,67720
246,0
9344,32780
1,49712
9,0
67,70419
40293,37415
3,0
70229,69360
22,0
2605,0
2841,58027
14933,13978
2,0
494,23777
1146,0
32060,47807
2210,8317
44904,99838
1,56740
818,12841
6,0
838,68036
45,0
15466,42763
9465,0
3,3
21872,47739
109,0
19885,20233
24,0
5876,7247
66658,66803
82368,84882
2463,61152
21,0
3,0
4010,100318
6023,48242
3504,0
37230,46642
6,0
4634,0
75,0
1,0
1580,60543
4,0
6,0
578,0
2,0
99649,98553
178,0
10413,27534
12,0
5,-2179
45,90496
29360,86319
116,0
5,0
99,0
15,26593
1,73753
3106,0
2,-18534
93088,65624
44332,0
4262,0
18130,7179
92,0
13,0
201,122562
4,0
36691,61565
7,0
2,0
77,104492
124,0
6,0
17,28740
5,0
1245,0
44880,87147
21,0
38,0
19955,19968
13510,24091
56435,65902
3105,0
8706,0
31,0
72,0
2763,0
454,0
34,0
132,0
20209,74835
193,0
1312,0
80,0
3,0
37073,0
24,0
6110,80401
25,88060
806,0
12462,71461
485,468
813,74146
4,-10509
6942,29114
36156,62449
2613,0
4,0
90164,90468
7990,5372
33,0
4872,0
46,0
10,0
4,72612
78555,78481
1,0
1,80438
2,0
18030,70772
7262,2715
988,0
606,53994
5458,89426
9,0
39577,12756
9476,0
7879,7596
3,0
15,-27102
30,11218
4,0
85326,67116
4713,0
1,0
16,48630
39,81793
479,0
1,0
85,0
2771,0
402,0
504,90113
425,0
2,0
2,-1067
2,2
74,0
12,0
4,100290
27010,26768
11,11
2035,0
138,0
11097,0
7,68518
79947,64431
14888,16816
39625,126035
17540,21199
2,116997
33157,19347
1,0
3415,0
151,0
5,0
5710,60477
974,47080
6,1522
24713,24712
1131,37938
161,0
1,0
1981,0
4,0
10,15
1,0
1,0
1377,0
2,0
9397,0
72,0
381,0
65103,0
55,57
1,0
203,0
347,0
42475,51859
12697,5490
20,0
262,0
1208,0
4,0
22,0
8357,0
293,0
14756,0
2,0
49167,49163
41,60784
243,0
7,0
47,0
381,0
94,33108
7,0
1,0
21,53046
615,47342
4,0
56120,55033
6,0
10039,10027
1,0
2985,3121
49,95748
1,31321
35,0
57,0
2234,0
9,0
2293,8050
49,0
709,0
2,0
13329,0
23220,0
50,60143
44,12822
3458,0
7,0
50578,55747
2800,2972
5434,49735
22,22
6,0
5,0
96,0
58272,104995
21666,21808
197,51618
9,26690
39,8043
1974,-4710
35,0
24,0
12032,31724
2,0
747,0
96,48076
139,0
237,51895
2751,2486
12,0
2,0
10587,0
13720,0
6637,0
88,0
707,46861
29,0
1157,0
48523,48525
17783,0
48381,69612
1,47392
217,0
1,0
4822,49230
279,0
6,26180
1235,0
60,0
265,-1301
6,0
1,0
33,0
2476,51984
11,18376
10009,0
1,0
6061,0
6675,28316
45559,56925
14,0
3147,59376
10,0
127,0
1230,0
205,0
44,47138
68,0
1,0
46,0
415,0
17052,15299
19,0
218,35306
4081,0
31,41884
11172,0
6513,47790
45,0
1,101213
9,0
11238,0
2,0
6,0
1,0
2,0
179,0
3,77789
327,21888
881,47751
638,0
484,49682
17326,0
1,0
714,13315
9,-28706
6034,0
1,0
84,0
13,0
4,0
8825,8679
1136,0
1,0
63961,85185
37,-29363
2979,2683
15226,99414
60659,53013
36257,130660
89590,90104
10,3461
76,0
2491,89317
2869,1210
124,0
795,0
1,62048
65,0
280,0
1,71111
8,0
20949,79497
69,54476
7259,8824
85758,119697
98417,103404
18,0
30557,0
265,0
521,0
6556,6639
43,0
2,0
42083,65861
101,27693
6,0
2,0
9,0
2924,76769
83,0
1176,71025
5,0
901,901
984,936
37,0
4,93517
4,0
21,0
3,0
1085,0
3402,32290
1461,0
30114,27157
11,0
45237,0
42123,71863
9,0
10,0
74584,64375
38,0
94,14841
49828,50981
128,46565
39,0
8,0
22021,61863
23,70088
5920,49042
16,0
13,103095
260,0
10946,0
2240,0
2,57602
55,0
1,0
13,0
7041,7041
109,0
13524,30253
14152,76782
85315,94494
5331,0
24454,0
15320,0
3,0
144,0
16509,19397
93029,80233
240,0
60374,82455
17130,21387
12,0
43,26563
88025,94495
2360,0
3998,9972
13,49103
72,0
170,0
15783,0
66,0
1,50364
25582,56870
2,5477
31078,0
65231,97799
8907,0
21008,20905
29366,19388
1813,-1609
131,0
9215,57288
3,16678
268,0
110,1625
5,55719
525,0
255,54907
2,0
86,86
137,0
6364,0
6648,73102
21,20
1520,4024
504,0
29,0
2,0
2320,18767
22,0
1,0
55,0
63822,84646
85688,97383
120,38383
65268,60752
20839,29150
5864,0
49296,0
4,0
1617,0
78584,88217
2,14954
13232,0
259,0
1,60577
2,0
16176,56033
448,18468
252,0
4,0
5082,47773
24,46625
1,16577
65,65
1036,0
11,0
689,0
154,62762
35,0
1262,50472
2319,0
5,0
762,0
1800,0
1,0
14439,12493
4,0
1,73453
169,0
25,0
8948,0
517,0
44258,44258
5310,0
174,97724
2009,0
50241,51891
8035,0
818,33304
128,-60323
179,57968
481,0
5,0
3,0
11,0
1,0
32175,87479
742,35465
11624,31767
3319,0
17,66
21,65241
799,0
306,39922
69717,72811
8679,8663
233,69120
4,0
109,0
7,0
61221,39633
7276,0
1,0
6,1696
48,0
6,0
53,0
21,0
37300,9878
51593,52127
22,0
8579,0
18846,62410
27094,39425
4,0
3,0
98528,117936
151,0
91,70424
1,0
44876,42758
487,0
11,0
5090,0
1,-28148
235,52370
64733,61040
81,0
7616,-14815
2003,77684
5,0
6834,0
41,0
64,11599
209,57249
2466,65494
181,0
91668,92280
5939,0
1,0
2440,0
861,105050
1989,0
22530,0
85,0
198,13312
113,18683
2949,44790
44,0
14464,72792
8809,48356
1,0
4544,64789
106,0
16,0
71,0
380,0
29,0
4,112047
20337,0
9,0
65820,103288
275,275
10,0
5993,0
322,24977
116,25366
167,37448
73,0
160,0
1492,70066
1,0
2538,0
45,78755
24,20256
29,0
24494,52678
48,63465
34,0
421,0
1,0
12,52824
1,0
52655,59103
22744,36781
3,0
1,0
38973,0
2,58110
2,51509
4,0
3,0
13566,43138
29202,0
13288,0
3707,3704
2,0
107,14403
2,0
26380,26383
1,0
68058,83447
23,0
27182,36290
5,0
8195,0
34,66875
57,71724
3,0
55056,70305
288,288
4,0
86852,107617
901,0
9811,14575
69147,67774
35295,80288
523,523
46,50103
1078,0
214,0
298,0
42,0
25,0
25,28
241,0
4,0
8690,9351
339,0
636,0
9,0
129,0
13,7222
128,0
247,0
2,25246
54220,90003
4,52717
5432,0
2,27342
9111,59090
1491,0
8652,8774
4,0
577,84617
81198,80903
4,0
8,0
2,20842
19217,64702
10504,122852
336,0
1,0
196,0
69,0
320,0
904,73172
92347,94587
618,69181
2261,34622
1034,51129
394,0
16714,0
398,0
3304,0
1,39703
35345,46586
382,20955
2,0
3221,0
1,0
5145,11461
9629,0
17,0
11832,15339
14341,14105
3449,1955
6,18523
4267,0
30,60910
34,0
52631,67398
2920,42984
1764,0
6057,76233
2787,0
55,0
6477,0
1,0
77326,89520
189,0
58714,49076
624,2302
1,36969
151,2790
13,0
8919,0
12,6858
122,7104
258,0
1,1573
1049,1125
2,0
52,52
15069,0
1,61935
3486,74054
7880,10308
1655,0
483,0
9278,17292
86,0
12,50992
11,22509
38,0
1965,65734
13503,138106
5,41476
6562,31157
1,2299
2268,0
3,6044
207,43572
3,0
10,28266
1,0
5,6
4008,0
10993,0
512,35144
1,0
158,0
4850,-2774
9,10475
13,0
3214,45456
12730,0
32,0
11704,21037
2967,0
79934,90119
703,11776
2,-7662
214,0
5,58484
1,0
2713,9373
31,36024
3584,0
7665,0
96,0
941,941
186,0
103,0
11367,0
42095,32675
3,74802
87795,87449
3,70319
6937,0
24750,48213
86976,112305
71680,67644
2,0
300,0
33,0
1774,29282
1,0
86045,86966
1171,39872
15438,72976
240,69364
45,0
1,0
1,0
2,0
1,0
96677,155405
56504,76183
4,0
45,-7658
15078,75639
1,39
1,0
3,0
96,38348
85108,54419
27,0
82,0
31,61752
634,20370
14500,10663
6,0
1,62591
11987,87007
91904,73391
981,0
1,0
71310,92168
14236,15709
70,0
2075,23515
36,0
2,124650
49652,78106
40050,42724
12,7367
84,0
69,82213
3524,0
30194,65843
3,3
1,0
70059,69486
87,63266
1,61769
77766,77863
49982,62588
60678,111070
2,0
39,0
38,8073
898,26345
1535,0
1,39237
1,0
23,285
27,69413
10,34237
1,0
185,0
1,0
1,0
2,57824
6249,114637
2166,0
237,0
36544,44905
2,36156
7,0
5,0
568,51479
38363,38373
2320,0
104,0
121,16404
9332,5841
8,0
1093,1476
7303,74836
1,0
1962,91340
1,0
22769,46449
207,42826
1,0
1,0
2325,0
1,0
46636,85908
972,0
43140,0
5,0
43,0
11,0
26229,54530
2,0
39147,37795
6,67657
4000,61393
389,5016
1,0
17305,75269
4562,0
37947,87571
6805,-16695
98,59225
38694,19287
8,0
856,0
6,27096
2,0
2465,0
142,85838
1,19762
9411,53550
57675,95290
3,0
1077,3008
3370,998
937,0
10196,9454
22043,57659
3,0
769,14985
11,0
70,0
503,0
122,18065
397,0
31,0
23839,76639
1,0
27329,36740
11,43544
55535,61091
11340,0
25,0
60003,59537
3041,0
1064,55185
3,0
158,0
109,0
4088,0
349,0
10,0
3216,0
31,0
114,0
45477,69304
64927,55560
20,0
187,158
2,0
3812,44332
5,0
2794,0
3,0
1984,0
55,10091
19463,84407
179,0
2082,0
15,0
27,0
1,60258
9019,9022
8,0
1,0
82996,85237
1318,10753
6,0
35408,0
2,0
157,67595
36,86515
114,0
85,172
1,0
1,0
2172,0
9,0
1,0
874,70263
48,0
656,0
397,0
6403,0
277,0
5752,0
2,0
4,0
17,0
31,0
5468,3689
1877,1501
7583,7587
4,96586
85,47283
165,26086
109,0
239,0
13,45137
137,0
19,0
6543,19323
58,85564
59,0
1527,17231
59,0
4760,0
18,0
1,0
1815,0
2519,0
1215,0
167,0
1,0
31855,74780
4098,59778
298,0
1,0
2729,3198
24,57986
20450,48461
179,181
32804,55833
637,0
33,74674
8358,45179
478,48497
16,-1301
99601,93295
748,0
563,0
5,0
70511,63663
437,64764
25,0
737,1838
6,66517
4,2514
2,0
3,0
1,0
12358,0
2,0
936,0
1240,0
3,11327
6,92168
3182,91606
12,0
2084,0
55411,55411
77,0
8763,0
53142,54742
671,0
10829,32924
19946,69258
9052,0
1,0
18277,0
12338,19533
166,0
19,0
202,0
2,0
277,0
1723,0
38243,92059
5282,0
24,97510
360,0
44,0
33603,50629
582,0
20,0
1,0
65,0
20,61710
51376,44545
7,0
745,105487
15029,69457
1,0
27,0
1350,0
4,0
58,13888
1,0
65202,59480
234,0
3695,0
71,0
2,57290
13,0
21,0
409,0
375,0
760,0
290,62245
2,0
147,84890
16,83368
60253,47337
51391,85989
3,0
702,0
230,0
8,5582
1502,0
405,91084
93,41835
569,115786
17619,22128
14090,19523
14,0
82097,109859
129,0
69011,70263
14980,60575
44264,72721
3,48631
1299,11414
58653,76089
13,0
657,0
3,55049
12,58657
1465,57343
15,-37673
4862,0
248,0
8608,74782
6776,0
11494,11494
4927,0
25,47355
24944,29245
1,0
5,0
1,0
1775,0
4,49590
50,738
90,69615
1,0
4,0
400,65470
15,30284
93432,116065
26,0
2,0
543,0
5070,0
656,0
93808,97432
11294,93365
28,0
2668,29243
44,0
1,64068
33,70772
15714,16694
55200,57843
30897,31034
1,60896
1080,0
8399,0
1,0
2,0
54333,55243
2,0
51,0
8358,14210
7785,0
14,0
69220,68751
15,0
365,60681
5,0
101,0
716,56015
80791,77694
1568,0
58925,0
1531,1540
45654,73304
1,-18260
6,0
12252,13462
43629,124095
90281,89502
5,0
3209,7281
4,16967
3277,50336
11298,0
7,0
161,0
55,-3645
131,0
43,51183
261,9378
5,0
1,16642
8,51435
3477,0
6497,0
65130,65131
26,68261
1,83767
431,8863
7707,19894
297,57430
43426,55479
89,0
41,0
6,0
93679,140695
11,76470
2,0
636,0
813,0
7,0
4,0
60183,110332
35205,81845
1597,0
1148,0
1,0
124,86937
5550,0
9158,69865
4,100087
3857,30786
1,0
2,7023
8771,7537
912,1269
4190,14129
44040,54296
4,0
1,0
22030,92645
9041,0
57,0
7,0
1767,0
7390,0
4597,0
45,0
1127,0
7,0
8,0
15,0
20545,15655
5337,1974
21,0
1,0
2,0
22,26830
1,0
3,0
27416,0
21240,82254
14,17719
4710,65497
1168,0
7704,0
18634,23153
32,0
465,72568
617,0
13,47392
26,0
50959,48247
244,0
3692,18045
78,0
6480,53474
5137,92174
11,0
21614,21583
24969,88338
2958,77317
10990,-3161
417,0
646,0
24012,31207
18772,20615
25,0
7365,93572
6241,0
319,0
105,66037
20229,6687
1,1
5,44915
1,0
370,0
1206,0
563,0
22929,0
39660,69659
79,15332
9691,23220
1,0
59540,81823
30933,47059
30,114280
47,66400
1,68802
26876,27311
12,34675
31,0
1,60244
6,0
13,0
5,56178
1,51692
3288,26718
4,65770
4864,0
41042,79271
427,0
441,0
7455,107037
1,0
11971,94500
127,0
41052,0
26,0
3559,0
20983,68344
3,0
5,0
49,0
54499,63675
176,0
30526,0
6014,43314
700,64573
2089,0
445,0
223,0
17,89559
27403,53169
288,0
6,0
52,0
2008,39356
5475,0
1,0
53670,52931
11262,90009
165,0
11580,83455
55869,97264
52,47099
18023,0
1,0
94521,116346
3,10976
137,0
74,0
1,0
23,0
1,50528
2,0
3,0
2307,0
10,0
7216,0
17,0
18,25010
3,5
196,0
6,0
103,0
14,0
1609,0
15,30963
18917,0
128,0
6332,0
4,0
25,51897
6632,46770
1,0
1824,120126
44,5965
87,42668
586,61397
979,32065
23483,28243
6363,0
141,68233
9,4471
3,96088
121,0
74380,69992
21395,77689
71,86337
1,43073
2268,0
109,0
75872,74380
3379,0
1670,0
2399,0
84460,81221
1060,0
304,68641
2,0
6,19248
5017,0
3,0
2174,0
2157,-30033
10,0
4131,0
344,0
68743,100819
124,28196
7741,4850
15,0
1770,0
4,0
73,0
284,336
1872,83210
13,0
1,762
85293,38795
19,0
7521,104301
20400,0
11287,11704
5665,55532
33,0
6,2590
740,0
2,30965
44,0
2160,0
4172,47190
28770,77917
159,100800
87,0
3,0
1273,54993
6477,0
398,0
34454,0
2932,0
121,1445
31123,0
57402,53281
12,0
86,-1233
6140,108031
10290,0
26,0
3,0
1,0
3703,69639
586,16414
356,47045
10921,38879
84,0
24595,16016
25,28
38372,72893
37,0
1,0
3,0
87,0
885,0
5752,53317
1,0
52,26754
6,0
4737,0
16,0
22267,20965
28910,28532
3216,0
3,0
16,0
15636,0
24166,39648
35540,85029
521,0
37,0
533,0
54,0
16,0
67415,68077
34,0
58317,79338
4,0
45,48597
1454,10443
1,0
11,0
29,0
16880,112462
6,2559
19434,12785
525,0
1,0
20,0
6,50492
7,0
1,-2
551,0
1,0
1,56418
15,883
2,0
1,69071
112,0
12,0
69843,72202
346,0
69205,72578
4768,0
582,79648
6947,0
1846,2812
19702,20844
128,0
15,0
9863,0
26052,25968
1,0
431,65242
4533,38414
1,0
435,48003
1,0
299,0
15,79297
3108,0
11147,27064
687,0
3561,2047
45,0
22,40765
96762,93330
25,58949
9,0
2548,12610
8,0
50650,78233
3585,0
2,29103
2081,41592
170,24109
15,28596
603,39972
16,46241
87,0
6,0
2667,0
613,49958
1,0
57,0
25,0
1,0
1,0
27,0
1,0
3417,49395
1,6
216,-12664
4,0
394,0
4,34792
50354,0
11,0
60,0
15,69642
7180,0
42,0
1172,0
5040,5040
1,6265
19474,0
4,0
30620,5557
20694,41448
15,0
5279,52177
72046,71615
5902,43015
2,2146
1,0
1,0
10,80821
508,0
35,-18606
1,0
15,0
75670,75334
92265,101218
8,0
74574,70335
3,0
132,0
488,0
529,0
332,0
337,15251
1,39964
6,0
1,38508
1211,0
14154,-24864
1,51446
12167,15458
71266,63910
292,65534
3,39709
3,0
3,0
1,7149
12,0
4743,-3741
25,80099
63,0
2,0
338,60567
34468,107595
56,69610
30999,30729
34,40234
97005,88091
9488,5185
45,0
81,0
6758,0
35894,49292
83,7142
837,0
33,28150
35,0
4456,0
3731,0
7158,0
5324,22150
160,0
10,0
51233,63923
84,129
712,24073
12066,12418
28811,32895
3,0
12246,0
51467,52425
65815,76628
9,0
12069,34025
1,4196
170,830
1,0
964,0
3,5974
3,55868
16746,18533
1,63434
12758,0
176,97081
1577,73953
1,56490
1,27068
2,0
414,414
8278,28999
9918,51880
23,0
331,331
66267,55219
462,0
39360,45968
15786,17438
659,0
231,88662
7815,0
1,0
117,0
17228,44659
77482,79091
88,82877
123,50267
430,25108
2,0
40,0
3,0
21,43173
3630,0
737,0
817,815
42743,71898
4658,0
1251,0
5800,53310
18,0
47,0
359,20469
3437,17906
39,0
38,0
1,54612
1279,1360
112,0
13,0
15,0
3,0
1079,0
133,19294
2,0
43,54053
1,47885
80,8811
4,6026
16466,0
1,55626
7,22847
235,115200
66763,62416
4967,0
84,0
224,0
2,0
3066,7524
40491,75663
1,135237
9925,0
18,0
2,0
20,0
3,0
12,17425
42,0
2,47228
253,0
62754,69955
6874,0
1,53621
18,41264
11391,11839
7,0
256,0
15563,16205
869,2567
10,5696
460,465
299,51270
702,0
7597,-15372
2904,0
1,56376
19817,19816
538,0
69203,44958
46421,38079
17055,17028
45191,93686
41721,13622
276,0
9,70278
148,0
16911,83171
396,0
4,53387
84376,85619
2,12127
2377,0
27,0
1471,0
26240,102911
16,0
7,61944
7,50738
3,6383
374,0
32960,0
1439,0
177,0
181,0
49,0
291,292
8,140345
233,0
53,65080
8,0
14,0
2275,0
61,2249
4,54601
1485,0
1,52181
16476,0
224,0
1,0
43,0
44,0
64463,57536
2368,62018
1030,0
3,36818
19354,0
6,35102
47739,56929
28951,50498
100,9722
21812,0
1527,77844
92,0
104,0
1,0
7,0
144,0
129,59111
3,0
2951,2927
10,0
41,0
4,93540
46104,47010
3377,3991
88,60715
22,0
4,0
99028,83631
18896,0
99,0
2908,0
3,0
7599,68535
5,72456
51130,60349
60763,66944
17139,17894
38,0
255,31037
26,0
17,0
803,0
52621,59527
37,0
919,0
14,0
58369,106812
3,0
125,0
542,592
71,0
40,0
40,0
2,0
1,0
8555,59918
5137,5136
30495,35228
3052,8561
494,0
1,33708
48208,48478
1,0
1,0
4,0
248,74967
1207,0
12,0
2,0
11,0
839,0
2,0
1227,0
63,0
62833,96443
5082,19725
8,0
705,0
2,0
4,31
38,0
1,0
444,0
20,0
1,0
41,0
8613,0
1833,0
4,0
3,0
7,0
56204,52772
1243,0
51712,65179
17,0
34,78867
524,0
52098,96610
5,0
2,0
1154,72550
2675,0
1,0
6,40137
64678,64579
21,0
3278,0
63202,71359
4,0
12,0
597,787
4,0
8294,0
484,0
7,0
93432,76263
61,0
4398,0
72887,75770
10372,0
2880,0
65828,51548
2,0
46090,76665
1,58496
1492,0
154,149169
2373,0
2,0
1023,35166
5,0
15,68162
81,692
99297,97952
307,0
1409,69342
97055,129951
39,46475
30,83113
3719,4395
1239,51482
13628,-24128
278,0
36950,63068
562,0
1,30419
4,52051
1,5759
3949,3949
19,0
56542,61762
11922,5571
71478,67756
47,0
72,0
1753,0
963,0
2,0
4,114443
24,20739
13564,0
1,0
17228,33891
362,49138
1,0
22,17684
5049,0
8353,0
1,0
522,0
96267,93474
1,0
82,94409
11,41123
5,0
21136,19059
133,0
4,0
46,0
1,60661
220,0
60,0
60093,86201
11121,87562
1809,103397
46,0
22,0
1,0
772,0
17484,13753
1,0
26894,10877
6,0
1,0
27418,55194
897,0
79103,74767
76743,76761
16855,74947
15,0
18,3387
46,0
1,1
4,0
19,0
35950,74671
82,0
3647,39265
6,2371
341,0
7,0
128,35040
4398,0
4,0
11052,0
127,0
1,70297
1,60204
20017,19967
2696,3643
1,0
2941,0
6,39267
5,24812
356,0
2,0
15799,15979
66,0
40,371
524,2527
26719,37510
173,0
25,0
2,0
3154,0
3,0
37,0
7939,61331
325,0
5032,0
55685,82337
592,0
17107,0
1,0
1327,0
642,0
3,47275
1,0
6,104900
122,0
390,405
51061,51203
2,0
3,51845
14,0
614,0
4,0
17949,0
1193,91936
5,0
1,47409
1,0
51,60578
1075,0
1278,0
4270,61454
3,65102
1385,0
122,801
2286,17003
2,0
16,0
268,0
2,64
4842,55386
95,0
17194,15960
3,0
383,47955
55507,72396
58540,0
10850,10849
6,0
33017,81310
1,0
52329,51555
45,0
4,0
12369,0
3,0
64445,97752
206,51458
4,0
34,2125
2211,5708
44630,71427
7,0
9,41949
99,59236
31064,46447
126,0
248,0
672,0
276,0
36,0
13,0
107,0
96387,95617
72,0
15097,74037
3572,0
1,1
26,0
2149,48036
9,0
12,82724
11988,0
155,0
800,17568
2442,0
53,75444
71608,73953
11199,21593
24,0
3547,58413
929,0
2,0
4,0
101,0
10849,0
8,0
1080,32632
2701,0
1232,0
248,0
133,0
9,69817
2116,0
521,0
5597,0
275,0
47,19435
5528,0
81933,171028
81,650
41067,39085
4,0
174,0
2,0
105,57025
2,0
4217,0
1117,1222
4069,3568
329,26628
175,85349
2213,880
16,180
7784,0
3829,0
3,31522
14,0
536,-173
668,0
1030,20578
2,0
33,0
2138,94328
5,0
6924,13474
1,0
3,0
29654,74779
14295,23681
5,0
1,82127
7,0
13668,13644
29374,61026
8638,21746
119,0
1404,0
1,-27444
95773,75393
2914,0
195,56627
96702,95500
66380,64681
2,15408
1,-170
5991,5243
57006,149395
27186,27218
13607,0
1014,0
11,91752
8752,62914
5,0
45,33052
24,27964
707,75998
206,46661
20,0
30,42969
81,0
65725,59676
14221,69314
7814,0
458,47990
291,0
14,0
16193,48072
54,0
90119,79065
18,0
221,0
6,0
560,90636
22928,93429
3,0
2,0
49,55911
571,0
3,0
1,17238
1,0
12,0
1,0
8,0
43803,48977
7,0
1,2011
172,40651
676,0
7,0
57558,57186
39,0
4014,0
662,0
4434,4430
1372,0
7,46203
81,43226
723,0
5863,0
37000,52873
591,53669
30167,0
421,13545
3,0
1,0
9,-129
20,0
8,0
7,6051
8,-388
36079,48624
3,0
26,0
36,67840
3154,3313
6526,0
554,0
1045,65412
22,55129
9,55311
53,-157
8014,8112
7374,0
32,0
3,0
157,0
84506,149754
3,1631
216,1399
27635,43598
60339,104695
78885,72442
59,0
2,116607
216,63383
39,5491
291,0
2,0
24290,0
82626,76453
4339,0
11,0
53,0
84964,92539
1,0
7,47049
87,0
10,5211
1,100255
21022,18762
1253,-9895
7796,7799
18,55251
381,41672
393,11208
7374,0
2,0
7,19758
81761,92494
643,0
10,0
4,0
3910,3543
26,20586
13,0
45736,87370
5592,44303
8,0
16477,16035
46,0
13,0
181,86022
4301,29769
27,0
199,8708
3,0
85,103427
8679,0
20,33272
46962,33220
1,0
4551,0
2,0
1028,0
12,88059
4,1083
2453,11752
15409,24285
446,74731
2935,0
9,0
22,0
2,1954
21,-36727
4464,0
622,0
292,0
1,0
3564,0
2,54435
120,0
6,46637
63,0
1728,95294
936,0
4,34247
1,0
66311,64024
1,49102
85,0
49,29643
26,0
37971,108305
1,0
355,50553
228,0
1,0
2,0
1,0
2,24963
10,0
36294,35538
1858,6829
3,57905
3,0
57990,34605
48,0
114,59681
610,0
32070,0
891,0
41,0
1,145125
6,0
219,-9286
17272,41251
40,61477
120,48529
1,104492
2,0
2,0
3699,0
8073,16528
3,0
34,44818
35822,0
57,0
1,0
5971,81981
11,0
328,374
77,0
98753,93514
1157,41638
18709,0
331,377
317,0
11,0
359,42507
1614,31988
8077,5686
894,0
61,0
3,0
9513,0
1,8168
11,0
3764,0
446,0
2056,0
3,0
891,0
2,0
65575,93358
72127,76269
283,0
3,83850
353,0
9362,66628
8,0
569,29478
22,0
1907,0
31,0
55,51256
7,0
42,0
118,5700
30,36525
66261,141600
31,25514
2,0
33322,31419
38,0
22,0
268,0
34,0
1356,8992
31,45447
28,0
1851,50596
1522,53159
272,0
2,5052
2,0
36784,0
22,0
1,0
1605,35856
37,46782
74,844
89774,91466
120,84594
27,0
2,0
203,-4394
46876,63612
1,0
6083,0
820,0
1608,0
9199,84833
70,0
672,0
38,31578
1,0
2674,53205
5084,0
1665,0
151,55962
5,0
186,0
6,0
186,0
408,0
37366,37366
8239,0
657,17194
9,13562
149,0
29367,46557
28,0
7363,0
81551,72236
505,0
34,0
1671,1671
701,0
13,46567
10905,54494
572,0
17,27517
22297,91696
3793,55258
1759,0
20119,0
12,60487
40380,99011
4324,0
1,0
8,0
436,0
51,0
6,0
4,0
39572,0
7912,0
64749,87513
6537,0
4,0
2461,0
40,0
12171,0
23,0
2791,0
33,0
1,0
86,0
1,0
1,0
53,0
2,64759
212,0
15272,16986
26385,0
26844,0
835,0
168,0
10572,16840
2028,27550
1714,119806
20403,26933
15187,34829
4,31247
11,0
38,0
54409,66106
693,1221
10256,0
1276,0
431,0
2581,0
10731,58773
2,0
2,0
8,0
143,0
547,0
1,0
30,14344
16103,54251
14298,0
30336,134913
3911,0
2319,0
2,0
1,55652
332,0
23,67482
17,0
27,0
26,0
3,0
2,57123
249,0
12061,76123
264,61627
1658,10010
1,0
41,10763
60,0
101,0
835,-32423
59,0
144,0
2055,0
20,86020
67,0
3446,46672
1848,88228
105,99846
1,0
124,50911
196,77401
12594,12594
11990,57738
67257,58671
2,0
178,0
3,37166
18,49730
92,0
17,0
346,0
27,0
9,60049
421,0
3329,3329
712,0
21,0
3037,0
8618,0
260,0
1839,3368
50328,74808
89,0
10,0
291,0
15,93645
1,15957
10159,17121
1720,0
9646,0
1224,54464
15768,0
17,39553
21394,22319
1751,0
14,0
2076,0
17933,84816
68,3614
5,38133
39310,86006
1,0
65352,31641
3,110521
1,0
1,0
9,0
3,0
599,-1612
9437,58378
94,43619
60846,0
1224,8486
329,62361
6721,69349
390,0
79,0
700,0
130,0
14292,63607
157,0
30,0
1068,38518
953,0
1406,0
2196,51005
1,0
43,0
24066,39326
130,72902
34304,52736
115,0
25,25
924,45432
661,0
814,0
77011,71312
15,71961
4,0
134,141
1,0
23145,0
10,0
18223,22548
58,6190
2011,0
7,0
5299,5304
2,0
3,0
18146,0
2,-27443
78,0
476,7243
3327,0
745,48899
119,-7307
39,49308
235,34992
62,0
1,0
20647,20633
11,0
3,20985
27510,27450
81555,85809
1362,1362
1,0
49824,51063
5,67493
507,507
3,52658
98,-679
97026,98971
8276,0
680,0
2,0
5858,0
9,60028
69898,112365
170,170
16,0
13,1275
5364,19413
717,0
11567,13153
1,58878
5276,0
27761,24360
88707,90689
4,0
1122,0
6452,0
6476,0
95,68270
5,77673
1142,0
2,0
66242,84939
71,85685
1,0
5,0
10636,25124
38550,81754
497,0
3476,33571
1691,0
80,0
5746,0
3,0
240,41057
2028,3472
2,0
336,0
36153,39150
4842,0
863,0
212,4588
361,0
1,0
54997,87360
25804,63845
3,75206
56167,48094
1,103225
45144,27244
45,0
1520,0
574,0
989,0
59562,71769
84437,91973
8844,0
13085,0
47321,62460
18,28788
154,0
35,0
6,0
20624,54253
4,0
1041,28119
91826,93810
5677,15530
208,0
190,0
270,52565
11,0
17914,0
1960,0
544,0
3,19359
573,0
27853,58689
129,56655
3,11168
1,0
18936,58575
31986,53920
1101,33183
43,10174
1,20179
13929,85797
3,0
5,20
284,0
22935,56957
18,0
711,0
1158,64858
18,0
14,52665
20,0
1749,53431
34774,90999
30,0
28101,0
47,0
152,0
357,33332
94,51160
2,0
8487,0
29278,0
1,0
11059,47136
83,0
31752,62243
57,69723
8267,42200
9,0
812,0
109,153320
550,0
269,0
3,0
7477,28802
15811,48597
692,85338
73216,91887
827,41787
8,0
1515,73434
9,67306
62,20149
22,0
15383,16975
32795,0
80097,129658
2,0
11,0
2423,0
70,0
50,0
7,41444
10,51086
7,0
47576,56524
2,44772
42,25125
2,0
72233,110052
31265,31011
8599,0
76,0
2180,0
12745,0
3574,0
4,0
5656,18765
397,74439
1,0
6826,6702
207,29579
43158,42337
6,0
156,33225
549,44938
264,0
4637,0
71892,75880
252,0
39642,73349
13,0
406,0
355,18080
6,0
1,10305
47,0
15,0
46906,67375
15716,0
4947,4961
9,0
21325,0
1145,52341
27,0
17622,63224
11499,0
2855,0
173,3786
2,0
5054,0
8,0
615,0
6,-2629
35495,70000
33803,70232
117,45421
1,0
6521,0
1342,0
101,0
39,0
58,0
765,0
1,0
1335,0
12,10088
21265,54420
188,0
5885,6085
43,0
24539,27357
12058,17948
2523,0
20,132
411,0
972,0
21,69539
22849,90758
887,0
4770,0
9255,151431
15,19
16702,58042
4988,0
2799,0
2139,0
35,0
1001,0
19,0
1043,0
44,0
228,4160
20,53056
87,0
72,0
16068,56444
16,0
628,41526
2034,0
832,0
54078,54981
9,18029
2934,2870
5649,0
20596,0
66,79684
24359,24359
31907,57552
48,67145
20,21044
3,0
3,6627
4,0
28124,62367
1092,89569
1,0
347,345
15331,15051
37,41197
62436,62451
33602,118870
12,0
5,33824
3,86984
96769,96989
61,0
345,0
16,24998
28101,0
2560,0
35,76631
3370,0
6,0
1,62132
8821,19851
610,68871
514,0
2,54681
24218,19522
24,25
8780,0
111,65048
12,27397
98532,86200
189,0
10,0
31,0
70,0
7989,15817
28,0
26,0
102,60647
10,0
3259,66027
2475,50393
2545,0
1,0
520,0
5837,0
191,0
19122,25124
842,0
1,0
1892,0
56034,56620
92,0
41342,74748
4,0
2,22955
1,0
280,0
117,0
63303,81218
1,51437
4,0
170,13930
1,27522
6,3821
1674,70420
5706,22412
1,0
3,0
203,0
564,89322
55,0
34122,34122
196,13347
194,194
24,0
2,0
393,0
98860,102700
28,0
71,89360
125,0
6,44108
98,29832
613,0
1,0
1,47765
23,0
4,-40620
22,0
4461,0
9973,9971
22140,16835
161,40940
6,0
458,32925
8,8416
2474,32856
15635,59335
31056,28220
1,0
98,0
3870,0
2,0
113,0
19,0
1,0
46821,0
120,0
16013,11792
91980,67705
256,111396
284,-36327
2,0
500,0
691,21251
68237,143743
1,1
94,0
3,0
812,0
139,0
24449,24438
12670,66712
4555,0
5658,0
250,77531
119,99046
17,0
42231,61012
2,46331
79,0
2515,54147
2,138
28,54229
72777,63804
3221,0
1,0
86491,78285
18,0
1,2998
2,0
19202,0
28,0
24,0
10,0
20,0
5364,0
32300,69094
911,0
672,0
5,27730
15,0
2770,0
21,-3254
413,0
400,0
30545,79443
51,35428
1997,0
7690,56428
776,0
1503,0
284,34629
5412,0
657,18074
10172,0
89,65888
8337,61027
686,0
21450,58995
27146,0
1,0
3,0
3,0
184,-1632
724,0
490,5741
299,0
261,0
161,0
4658,32375
368,1336
1920,0
35,30610
35359,35389
3,61116
90769,58086
8320,61262
6731,59463
102,106994
10544,0
2762,74005
24,69930
233,20337
77,0
165,0
38,344
518,0
3625,0
96,0
22154,52835
64333,77984
26,0
4247,0
2474,0
2,0
3,0
526,0
11658,34975
57012,59671
81657,92265
57,0
19564,0
7,0
1,112728
1,6004
78296,78295
5,75933
15306,0
123,0
11206,0
1071,66834
1,0
4,0
1,0
6,0
4645,0
1267,0
3822,0
1,33464
11,0
94553,136703
8244,0
1,4845
726,0
7240,111380
8,12123
45200,70772
1427,93339
8499,66035
1,0
97,0
71368,52139
11807,74279
125,0
103,0
14117,0
2,0
141,0
37,0
210,0
5,0
3384,12919
17,0
859,67288
12,0
51943,53056
4,0
2088,62311
252,102846
50,47464
221,0
13753,50280
10409,0
2987,0
86361,105410
696,29693
7212,7319
959,12920
13,0
15182,0
1,0
316,23356
1,0
115,0
65,0
1501,45623
6,71738
3014,0
1107,0
39,6689
1331,0
5,45551
59,0
299,0
1,0
16,79079
280,0
177,1024
35,0
13938,14442
1,0
12,0
3,30927
95,5902
271,0
705,26644
4,0
2,0
145,0
14822,14849
1,0
204,0
6,0
241,0
121,57416
1491,1458
1879,0
14343,0
7,0
774,0
4952,42447
131,0
1,0
4,44427
3778,53812
25,0
132,0
20,50246
1315,0
3091,0
1,26354
23,0
15,0
92,0
7645,0
8001,7993
56,0
1066,73249
42542,26826
9204,9939
219,49425
1,41580
12,71347
7470,0
20,0
4,712
81482,73729
24244,21119
1,0
86,0
835,0
1952,0
13,0
4537,0
2,-33872
854,0
6,0
88088,85902
2512,0
6,0
3,0
19708,35880
169,0
4688,86710
5962,75594
4813,0
7,31444
6736,0
3158,0
1516,0
15,0
1,7912
33716,0
81,0
2,0
1866,0
6,0
14,0
18103,33699
579,0
30,0
544,0
8,0
9,2406
2,0
72,0
1,0
338,1136
33,110844
5,0
697,27949
63,24303
42419,91752
3869,0
1722,0
1111,0
883,0
249,0
1,0
415,0
48985,76833
7,0
4,0
91,214
3,0
473,53952
5789,35207
16579,9704
1283,2612
85,88645
76,52386
45477,44334
3,0
2,0
20414,36980
552,0
1397,0
11,0
1266,1255
47,31454
2822,0
2210,0
116,0
353,0
1,47962
23692,0
2,112035
5,27526
4691,0
179,31341
1,60379
2519,28708
11,0
24,0
1183,1267
2,95094
71,0
8671,0
1,0
439,57723
1235,72571
6,6
26358,24416
38531,0
6575,0
1532,0
13,75279
9784,12916
18952,59277
2,16
79480,79308
45,74280
19673,8223
1503,0
14704,9141
12,0
5861,0
1221,0
42,0
14,0
114,0
664,0
2,0
4,58016
40,0
3034,29602
2257,9424
11153,11095
206,0
4585,0
4,0
16116,0
4,0
2,0
3789,0
274,0
8384,0
301,0
5368,20450
80,0
1022,0
24,9833
26,0
1502,0
225,0
2624,0
12804,60193
753,0
167,0
53,20174
43,0
5804,763
116,0
11220,28928
2,0
1,0
2,0
3673,0
540,131033
1,0
67898,74537
117,0
27,0
2,0
40122,46010
3,0
6,0
6822,0
39671,100913
30,-703
148,92073
11,11
22753,26531
52661,103846
1322,36038
3,0
14,0
132,0
1791,0
1528,0
23697,45881
2,0
38,24235
2,0
60,71333
75,0
78,0
36,43471
74791,87739
2037,0
94,0
1,0
55741,70172
2477,0
117,0
5,0
89377,86887
6,18071
3745,3522
46,0
236,56577
1,58384
1897,0
3,50698
35946,46668
2,0
25509,84958
220,0
5,50525
80787,100498
7228,19390
1237,0
1,62045
35305,60274
5,0
22644,0
2,0
7,0
3846,0
299,142589
3549,0
17242,49357
9121,57703
11,0
31930,86284
65,0
20,571
5,0
252,94596
151,0
3,0
1,0
3527,117119
22,37508
4,46741
12625,0
89,0
7,0
6,56227
15,0
295,0
35431,0
4,2684
92578,92565
28186,48676
7619,22555
1,0
1,52668
271,81729
518,80296
2,0
7251,0
162,0
7,0
1285,2978
1368,52641
12,0
97,0
10,0
310,35943
11147,37869
2777,52552
87444,53570
3158,56300
15128,0
3125,0
35070,55226
5220,0
5449,0
41,0
143,0
25674,28090
1,0
139,61709
1,0
10017,0
2269,-6786
9852,17137
39,0
2,0
58,15028
12,0
1904,0
48572,0
54,43147
41,0
800,0
282,0
1716,87963
266,460
613,54991
91065,83160
69759,51412
1941,0
139,61608
10625,53449
40519,59444
135,0
3,0
5,0
21726,0
12,0
16,0
4,0
2,46266
6,0
6311,0
1,0
7,43913
12830,0
60296,59627
117,0
1,39751
2,22359
3,0
503,0
1,0
1,81470
33,0
205,0
2,83876
70,0
2,90717
12,0
6629,65220
157,0
36804,41507
33,42869
1,42306
5,0
24721,0
9,27350
1610,0
4,0
11,0
3,0
76439,77552
286,3624
13423,0
5,0
655,0
686,0
23,0
13376,65072
441,0
3,0
36253,73115
16863,96673
365,0
27596,43531
7283,7275
22507,0
2,0
1673,0
1,0
175,0
4,0
1,0
56,0
1291,107789
17,0
107,0
1,0
1,0
51898,127760
3590,0
7284,13113
32793,52294
21446,21740
1,15458
658,-33071
287,33627
8,0
4,0
31346,72088
320,0
2,0
13,0
2609,0
1267,0
434,0
1,6710
9095,0
2,0
74,0
1,0
2,-4
96236,99265
2,39259
6202,0
69570,66159
54069,72205
3,6465
6,0
29073,30064
3,0
592,65308
18,0
25774,84294
12284,82432
40,0
1,13191
78632,94189
335,61550
24,0
14,47718
1678,89794
59936,46878
5337,0
405,54254
57,4852
30835,30831
30,0
4453,3508
2,0
8,0
1172,0
31891,0
986,0
47249,0
871,0
7569,12100
9879,9879
2,21308
1,0
1218,0
57,-13122
1,21689
13,0
5101,40972
54026,54439
9711,51914
50,49
21241,23692
18,0
393,61644
2,12373
15,0
8681,35984
3,0
37,0
4,0
10,0
460,0
61,86918
1,0
998,130455
64,5030
2,57549
2126,0
294,0
1855,-833
1792,1507
54551,54551
8,-209
533,0
6,101325
22739,69736
214,0
1932,0
25194,0
1301,59686
2562,100773
1,0
750,55720
588,0
349,0
143,96767
142,524
425,55136
3,0
43,28502
2,0
191,0
722,45133
127,0
420,64812
12,0
3185,0
69387,126699
1,10872
88673,73415
36929,130417
618,17923
10,1888
16,88418
3,69152
91,14825
1507,0
3312,45737
35,50769
7,0
7103,0
3,0
11,7617
2826,49360
151,65854
10,50399
61293,59260
10362,25794
362,43207
4,0
45050,50709
461,0
432,0
4,0
505,0
5,0
42,41525
6246,11750
1,77428
52082,71251
4,0
309,0
1583,23794
28412,1961
3522,26375
2,88200
6035,0
26,0
109,0
2,0
9506,0
4279,0
7,31230
40362,83580
609,0
81771,81781
9,111529
25545,22688
84122,91531
24,0
20,0
30740,26907
107,0
17513,61087
1,0
45,0
1,52965
1,16630
3237,81952
57823,48909
1,17840
24120,0
2610,0
67,67
1,0
13,20
159,74557
40,0
80236,85650
36,20625
160,79471
1336,0
54,0
94,38551
41,0
6,304
38,40
1069,0
627,0
618,90857
56369,55885
166,134028
7425,47704
2926,0
1486,1471
13,0
2,0
9040,0
14435,12236
44,21124
2,0
2368,0
796,20121
188,0
1,0
39412,0
1,15788
10109,0
23604,23802
26,0
288,11578
23070,62439
31837,33940
1300,0
15187,97176
1473,0
322,0
1,78638
239,0
18697,0
1,0
75,0
228,0
3,0
1,66296
723,60848
2,0
89188,90267
4534,0
7363,0
4,0
1762,0
280,0
1025,0
13,0
6772,0
1,56746
28557,47902
52,0
104,60651
4,0
376,14686
4529,0
13,0
1,0
1,17629
522,522
3,0
19266,0
1,1
4050,0
1,6831
21,21
77202,82051
37,-62
2162,0
6,0
152,0
183,0
140,0
12133,21220
1,0
1,65978
2,0
3,0
16349,25184
46,117054
17,55919
58,0
1,0
878,55460
1127,0
1224,61689
1,0
2912,0
177,403
1660,0
10,0
1,0
41982,45126
1,0
56865,56860
3,0
4496,4496
1,40573
2,0
47,40563
363,0
15,0
580,0
652,0
621,0
88,0
37519,92216
861,62752
2,36484
169,0
1413,-9016
2,2530
7,0
2969,0
17,0
5515,0
8590,0
64,20959
2,0
116,8517
9,0
15,0
21040,0
1,0
60580,59669
62,-4190
436,-167
101,0
21336,0
39717,116263
28,0
1,96270
1,0
197,82061
12723,0
1,83448
10019,44783
193,193
1,553
7,10
3261,61817
149,12354
834,0
1,0
1,0
2,0
18653,110203
8,0
4637,0
6,0
30,-25913
39,0
50623,76913
1545,0
3,0
14,22084
74,0
446,63937
1077,4327
6,0
20103,60829
209,0
4034,0
5,0
3,74918
801,78640
1,0
3735,12691
23339,0
15,72046
55043,65415
25,0
46,85521
27913,68910
3542,3431
6224,43311
1784,0
20090,20089
1,10687
14218,45313
333,0
31,0
2171,-17026
2069,43284
737,81143
71140,101850
2,0
67,0
39,0
521,0
860,6407
13,82398
17936,23807
14146,0
36,95226
9,61898
3699,0
95,98850
17289,21100
82,0
1,28133
3,1728
34,34
175,12715
11,0
1,0
85822,73953
1,0
43618,121915
45,-6204
768,0
366,0
402,0
7571,0
1687,0
366,71529
9638,18303
1,0
670,0
5,42994
230,508
1811,32512
53,53
25,0
1732,0
2449,76421
139,7754
322,92493
436,54618
227,437
1,77963
11,0
1,0
756,0
7246,59575
67,0
90636,123599
7,0
110,0
608,70090
82892,125494
1,18400
154,0
86879,86602
67913,101073
1,0
3137,41381
1,0
5,0
9816,66655
91,0
1897,4154
14168,0
2030,0
35783,0
61,0
5255,0
1,0
10090,26781
429,112988
488,55216
149,30344
234,0
108,0
27,0
41,0
315,48271
53242,78210
1,110122
14,0
404,0
776,7994
991,0
1,0
6,0
120,0
7,54564
61,0
37,43594
737,0
78073,68361
59,0
38,-3571
4442,51274
1,108879
50,66843
75,0
32,82371
2112,0
67,0
1268,68536
66964,69633
69,120357
25719,24548
1,0
311,0
462,0
1,0
1814,4890
934,0
419,0
5892,0
1,0
33146,60433
14,13912
11703,0
1,0
12872,14821
198,-1281
168,0
5,0
48,0
2054,1417
8,0
550,0
5,0
2,6934
5256,0
43,50063
54008,73817
54790,94732
5,0
14,59215
878,0
1120,0
603,33132
6,101976
3853,70838
88339,119732
1852,0
25948,0
5,0
3385,99749
3962,0
1,0
7,36358
26,0
116,0
183,3970
12,37945
26,0
579,1022
16259,18700
7,0
7,0
15,0
18,0
5,5124
26,0
15001,0
80,0
8785,0
1869,1716
3359,0
1704,0
43,80
234,-38222
145,0
17,0
2262,0
1043,0
28,17264
14571,35161
10671,60078
646,40066
1,0
1419,0
51831,52560
4,0
42,0
17985,0
1883,13842
16,22930
2,0
1166,-45494
53,-14
34,9626
1,0
68,0
42,0
18,65937
1,0
82,2106
3,0
13,0
2,0
246,0
1,37575
1,1300
2317,0
3184,0
17876,30639
4,0
8082,0
1152,1152
93174,123310
3973,0
1,0
1094,0
6,0
1044,65377
35,5803
1,0
63234,100796
83404,143949
4254,0
306,0
522,0
2,19593
18,0
1,7858
117,52705
1,0
39151,90672
69,44665
836,32377
33860,0
2474,0
461,45771
219,16324
258,34622
1408,20079
22296,55040
188,88041
1304,0
1,0
270,0
200,108359
175,0
1252,0
1337,89680
22,0
103,0
6,115197
4063,59280
52377,0
1,0
130,0
4,0
305,89031
543,5513
47138,52591
34992,34992
7247,7733
1839,73983
15,-11648
8389,7280
10,0
66,399
1,0
2,0
1,0
185,0
3,0
2490,49955
74174,69302
158,10409
345,0
27,23330
82897,67822
9,0
1,43557
2,0
129,0
1347,0
3184,35543
1,80457
20076,92491
5,0
131,0
777,3521
146,0
350,5044
1,67722
40303,0
546,0
4024,0
2,76987
10237,81194
48,50810
7,79140
15,117894
2,75638
127,0
455,0
833,0
11986,-19624
21,9891
239,0
5477,95110
186,53231
175,86256
3,0
5,70885
19,0
355,0
15780,0
152,0
3,0
57747,77000
13,0
41788,0
1,0
50438,33437
100,13011
1059,0
257,70631
123,0
7,0
3,0
10,0
51,0
3374,115934
56987,80988
6912,-4486
58544,69694
50611,58657
1322,0
28398,45671
1,0
26566,0
3104,16840
47,0
99,65904
70604,78932
2,0
30,39509
41,0
4384,4489
64,0
3463,3674
15,40723
57182,58171
17728,0
2,86399
16,0
8,0
3,0
1,0
42949,42734
2,27070
55,0
2,0
53,7705
297,0
2,0
5187,74473
5,0
69,0
33,42248
701,0
7,0
536,0
2,7249
1,0
434,0
498,0
1052,0
71439,97189
22,0
20,10874
4,0
2799,0
10928,16091
74,0
69657,69954
90,0
19034,47527
16082,4249
241,64483
4021,0
8447,8447
1038,0
66120,78723
49990,66195
272,0
1053,0
89714,63440
33243,50031
19585,28361
48,0
4,0
59461,108807
74,0
9090,10043
290,83232
2774,76954
17192,23891
8156,54375
458,87444
3235,0
777,16359
5,0
3188,0
1236,7259
51734,136576
1960,25449
15,-3985
71057,74003
427,0
2248,57771
27252,88482
29,0
28727,38010
822,0
8302,0
646,0
810,52560
4,0
449,51245
41275,75061
555,0
3163,80126
2,-6
46729,74488
3,90675
6,0
21,0
1,0
25467,0
14,0
524,0
1,69203
20,39714
7444,0
3,71751
1007,35725
32559,47347
30,64408
96629,106901
13877,40251
39,9370
1,63007
44,49870
5,0
176,74755
12378,92016
1,69321
9054,0
1,21429
44944,67666
2,0
2584,0
10,0
1110,0
3,0
24576,0
1,0
6822,55645
230,0
4918,10134
52,0
13,64573
2,0
17,39703
2,0
11677,11681
1,0
2,131110
159,0
5,0
1983,0
15,0
4,0
3234,0
594,94863
440,0
41,65162
41861,51574
149,63284
24,0
3,0
233,0
1,0
56664,76891
4,121885
20272,0
12843,41800
1777,1777
1277,0
12,0
438,0
3,0
13065,0
11,0
149,0
2,0
45250,52592
1,0
1,0
1509,0
8323,26474
53638,57681
32,0
13283,9646
13,13
12701,0
375,1367
316,79986
1,9916
744,87752
340,24773
3,0
26,63742
5,0
968,0
22365,22885
11,0
3,0
2,30772
12,38299
90923,90302
47,0
170,0
8,0
1056,868
415,0
116,0
35045,70688
12,0
192,0
972,31503
16,-17731
20614,122829
9866,0
293,0
5,0
4,0
5,0
2500,0
32,88215
30,60375
23,23
952,0
1,4487
3476,0
80,0
10417,-3124
1386,44004
1140,27513
668,0
15134,50176
9190,55594
62390,50370
9593,0
1660,2008
99,67304
178,48486
2,0
7,0
3063,0
62,0
1071,0
15,0
546,0
76571,75935
12,0
15,0
261,0
1807,0
102,0
3067,0
1,0
111,112
7151,45681
39186,46048
2234,57075
4939,0
99,0
217,0
7,34802
3988,0
8363,0
17,0
1818,1984
1269,25126
10575,10502
25,88167
1,0
3,46817
2,0
2996,22527
1,0
65738,98998
81617,82779
52664,36776
2832,73265
1,0
1,87891
1,0
161,82148
3,0
22,0
76691,100619
6,0
21785,0
6119,53204
47,0
5,0
24481,24482
74300,85444
2013,37616
1,61660
1093,0
94947,109450
76808,76639
736,0
35,5525
802,0
43026,95818
4,0
47907,53980
7,0
44,47952
613,0
3409,-1637
1780,68917
2,52540
135,0
13578,90590
8,53547
1425,1820
2834,4146
44,51184
1,0
1,0
100,0
10905,0
2,0
8345,33599
20739,47499
127,91
3,0
5,0
4,35209
82,0
1667,72848
89,201
69237,0
1,0
40,0
46,43
110,0
2,20126
30965,101073
337,39882
43002,0
51146,14479
70,0
184,-33879
7,74302
1626,0
34434,46858
36,0
1770,1832
29,0
71043,73745
2291,0
810,113556
38225,76282
432,81736
6747,0
13,0
9612,0
1,0
3195,0
9287,0
1,2418
5,0
4,0
1,62439
11,54624
3,1248
128,34411
190,31620
17015,0
7,0
700,32482
142,0
225,63920
3,945
195,0
87,93004
841,0
682,0
7,46594
370,0
8028,0
279,0
15350,0
116,0
72755,71281
10931,48756
1,1289
138,0
596,0
2,0
1141,0
1,0
5,0
3623,0
30441,24069
5238,0
9,0
90,-490
60900,121842
299,0
152,0
19017,12207
10400,8208
2,0
57,13095
9,0
2,64618
6618,0
1,56640
43,0
1504,0
8,0
16268,0
5,21518
1,404
285,0
36,-4100
3622,8853
2,0
103,88670
2,33539
92339,83132
31850,115345
4714,47407
639,88132
358,43984
15,0
6209,63110
11,0
3726,0
5,44569
5,0
1120,1119
2393,0
1,21984
42214,42210
2678,0
3827,0
1,38514
4519,0
3035,0
15,26275
62,0
8,1875
135,52306
81,4120
7,83801
1,0
3132,6931
60,0
82,0
260,19285
32,0
331,0
100,0
164,10157
59708,60804
1,0
352,68938
15910,15910
61578,59532
33,0
349,0
33,0
5,0
161,230
707,0
4,0
2,70175
2,0
10634,56120
933,92240
1786,19930
35,0
3401,0
10962,0
831,0
2323,10044
20,0
4,0
30,0
13,0
1,69621
17751,62166
25,86341
2003,69776
16436,0
2,0
13,56888
833,0
70700,83569
1214,1214
6,39170
7,0
7338,0
52,0
4407,57888
1,0
1,50860
83880,71129
11449,67427
1,0
31606,31614
1143,1151
564,0
8823,0
14548,15865
91522,90623
9738,0
910,58269
19755,23008
14,0
6308,0
45,0
299,0
2640,37401
16,59006
1965,0
1,0
234,100820
978,0
209,0
28341,72220
239,0
2,0
5,0
86,0
140,46874
476,61360
36,0
1,22443
445,0
1415,0
23,-205
39,0
17,317
41,0
97,26713
18,53291
288,0
13768,13775
17958,0
19,0
1480,1480
4219,0
2751,0
19241,19943
13682,18116
2393,105545
2,0
2,-7540
1,0
1,1
394,-12457
48,4181
31,27760
3,0
74,0
295,-8355
64,0
58,0
58,44088
108,9165
150,0
366,0
25,0
1020,0
151,0
1,0
10,90002
36,0
16864,3418
62,0
256,0
1700,2526
5444,79581
6,15526
11,28452
5665,0
79,0
26,47534
628,0
5851,0
171,0
11,0
1,0
312,0
2,0
48597,79272
1,31077
3,0
55796,83363
33034,35074
27409,24557
3,80101
133,0
93,0
13005,87218
2,0
95,0
1,47442
71,0
11886,0
135,0
4362,0
11,0
2016,0
312,0
23171,28377
885,46807
3,360
32530,49619
1311,4316
2,0
1,36176
9186,0
997,29842
63034,0
7,33772
330,44792
7988,0
284,22162
311,17814
91313,96394
2,33048
64,0
51053,52815
228,22360
51,0
7,4611
33,0
46,72050
3,0
33,0
29,0
35804,37332
5282,47258
24,0
3926,0
1,42814
31,3987
1,0
9,0
31,52557
24721,84755
8,0
24,0
8865,23661
10876,11777
31,172479
13293,41357
148,0
994,7276
689,78689
1189,0
533,56824
22934,0
13017,78229
37,74072
38,22821
21,46616
5,0
3,0
1806,0
15,15828
6179,0
6876,49578
22,0
7133,0
4,0
1,0
23,0
9,0
7,0
6,0
7984,10311
18,0
6,0
2,51528
24585,27612
1,0
3,0
2096,0
1,0
54,43311
22086,71613
4663,0
386,0
2818,0
5500,0
1,80769
40578,46225
65603,65098
58,599
2916,0
3,59467
16441,0
482,68678
1,34591
2,0
121,0
1,38081
1,0
1545,0
18,0
324,0
9,0
82,0
65,36535
14887,106897
16,0
2271,0
3524,123817
151,68152
14,42651
4,31798
237,0
2,0
19,0
69,0
1,0
10,0
780,813
1,53387
3,0
2,0
35,0
15615,43322
233,78728
1,0
48560,59086
3801,0
3,0
92323,99436
114,69443
1,49138
3,50326
1,0
5379,5000
16736,0
1343,1333
32,0
3,0
18932,0
189,0
39,23173
6,45798
245,0
2,74062
454,0
1474,0
4541,4541
14,0
1659,59480
2,74947
7,101533
78,0
95836,104012
343,23097
4,15218
5,0
59,58879
35110,30315
38,19747
30658,64366
430,0
457,0
3817,0
1,15414
6,0
1,0
175,25070
38,19255
112,0
5117,0
2329,0
2,22852
4118,2658
386,70443
6560,59736
37223,55793
14363,35702
3850,15251
51438,51952
65,-21925
6,0
148,29575
168,72362
30576,64331
9,0
1769,0
3,21435
222,0
738,0
1817,3645
13,51770
91,75201
8918,25879
61755,79113
43903,56058
8446,0
169,69034
185,0
39477,27868
327,18798
5,0
67,138453
12924,42906
32421,73317
73,0
2,31782
1902,72863
140,60339
5224,69944
11,25457
36,0
1535,43078
68258,77486
57540,61341
2867,0
2,0
1,30982
12484,35599
7931,-1059
326,24728
28681,0
78627,80523
5123,42755
6156,87439
225,266
14,112641
19,0
6668,0
878,0
77670,61467
123,61685
44,8263
9752,0
88,7678
8,0
8902,89994
1142,0
519,38312
236,0
2,0
92971,92907
1945,0
4253,27107
38,0
28,0
831,0
133,240
15500,24607
12,0
15067,48918
3111,0
1357,0
2330,11590
68,1631
1141,0
6,0
1317,0
1,91024
81,0
3,83123
12132,12227
28528,51395
15894,10881
6726,6774
8913,48850
82513,57009
15743,0
434,72760
4170,0
32203,41974
143,0
294,0
30,0
1929,0
351,0
8,40900
10,0
76,0
122,0
27086,28511
10782,0
121,54935
310,0
5828,33440
14,0
9094,0
1873,0
81,0
7735,22750
1,28
4,60678
544,102295
4,0
47,38763
19,0
2,1050
12238,0
63237,63226
423,0
34,56071
5279,7413
30695,55386
2,0
38,0
59,65433
6,0
26,22597
1,0
19370,16590
77,0
58050,83711
10,0
966,0
299,0
26,52015
56,0
52,42991
2,0
269,0
98012,95862
25,-6485
110,52550
5614,55611
3244,0
4763,0
26321,60576
46,0
63829,59757
57,0
108,77702
68,0
16,426
18073,88036
2,0
3,0
35127,57398
33,57188
5,0
55,6359
1,0
199,76353
1551,43855
416,0
56,0
1,5932
39227,39443
56341,46492
1207,122219
1,0
33876,77459
3536,36857
4488,0
132,0
431,0
1,0
27,0
3,29835
64,0
789,1155
224,2258
12992,0
40,0
1191,49511
101,68792
1,41594
1986,2753
54,0
272,14797
58,43158
75,0
1,35320
6,0
2763,7404
114,7032
276,0
1594,0
26370,46661
56,78378
1465,1577
12141,115662
46717,119092
3791,3741
36153,0
168,0
3045,33515
1507,0
12452,23665
24,0
1,0
10660,0
6425,43218
50722,56037
587,0
24690,0
10,0
3,0
1,0
2,0
49,26748
63,0
411,32210
116,0
12,0
1320,0
19679,18701
316,9927
1,0
1,0
1,0
49,41349
102,0
5466,0
4393,0
6496,0
480,480
2,13294
111,0
4,389
3318,2916
43,0
15948,16235
1,89293
106,70180
546,0
1169,0
2,0
1070,0
11193,41983
6,0
56,0
1224,1173
6404,0
1,0
13,0
17,-17
225,1941
183,59507
15,43026
854,75562
5,0
928,21232
10791,10340
15,0
2941,68083
58,0
1,21471
6,0
9033,0
29,0
3,0
2507,0
18367,0
70,0
1,0
393,0
181,0
1,0
2134,0
1,64262
5798,0
29549,0
8,0
10295,0
1573,63308
3994,57863
1600,0
4775,0
188,186
220,0
1,0
1053,115020
4,0
466,1305
345,0
4590,67581
1,0
8473,0
3606,0
5,-224
994,110532
29390,118329
11846,19973
218,0
1,52235
2222,0
6665,0
52,0
99404,99461
3344,68723
9171,34706
205,0
8559,0
14,0
14726,86738
18,0
64,50198
1,0
959,960
73636,73636
3650,50370
14,23669
3452,8707
23,23
14,0
282,0
347,0
22,0
20220,18767
14,0
266,0
2133,0
17,5538
228,0
64,0
19729,0
1,64143
3741,103344
4864,10135
70811,74777
59932,59932
17,0
4804,31149
5617,36840
2399,0
584,0
12307,0
29807,150209
3166,0
11,0
40,0
1,13896
5,0
4897,0
144,0
40,0
5,0
289,47559
9,13557
421,0
4,39326
169,9743
255,0
3962,42537
7,0
2,0
7,0
21,0
21331,38392
74638,80245
7,114851
1710,40689
12,0
1354,77998
1,99396
118,3274
288,0
61461,120461
961,31564
2319,0
2294,54380
1164,70724
699,0
1074,0
34967,0
188,0
241,64057
349,72854
1,0
1,56052
2317,0
485,62993
232,0
6,66123
11060,61332
199,83966
6823,47738
1,28124
446,6417
558,0
49,2502
328,38503
1,0
4242,0
1,0
2356,83879
6542,0
367,0
3986,0
1,0
14037,16518
8,51610
30038,73322
390,0
18353,54612
309,0
24209,24130
23771,81999
11332,11342
3749,0
1000,0
1930,44412
13,0
13504,0
18,0
1511,0
4,0
1,35507
12239,78081
347,66769
1725,24455
237,34364
77,76865
1,0
27,77260
4,0
833,19707
16473,43779
745,0
8,0
2881,0
65827,96251
8759,0
1,0
6,0
167,0
1616,0
59664,61771
35,0
20,0
822,0
28702,28815
6,0
11903,0
55806,93780
2520,0
14,96495
6,21321
132,58232
54,0
320,0
3507,15079
2996,125969
6,0
40,0
33,563
10059,0
17452,37171
8,0
2628,90854
37057,40848
1,0
18,0
763,0
1,0
1519,0
22034,47611
10,0
1200,0
10810,80913
93531,94108
7,0
2963,48727
342,-27610
42205,38857
6011,0
22,69888
650,0
2,0
1062,0
28147,0
81,0
70,137436
8,0
2602,0
82155,72087
12,1117
762,0
1839,0
19028,47628
1663,0
9259,68827
4098,55511
1345,0
54,-43787
559,0
899,899
787,0
9147,0
21,0
11438,42490
1,0
484,0
1218,1213
57,8120
26,9587
1,22
5,0
15,63953
661,55264
1,68096
9,0
5658,0
770,0
9337,13134
258,1905
1175,0
1,0
29335,30899
1,0
69,23779
16,116686
553,0
6306,20659
4,53018
6,0
169,54827
1,0
4,0
42,134054
4,0
2819,63904
7102,0
8397,84341
9284,101721
20546,77245
16630,14686
5765,77131
13629,104050
56,0
69416,79196
1,0
28,30378
2,61964
12712,0
107,107
1,0
3,-14387
14406,19762
21004,0
47587,58360
392,0
2682,0
5774,0
29827,29629
396,0
139,4990
7678,0
187,67075
6,0
15378,0
53721,60584
1,7522
36076,120687
99,81
30,327
122,970
67386,64111
8292,9366
45442,0
1554,84087
20380,16263
9,0
293,46583
1,0
28,79095
58007,46137
199,0
49608,53020
3398,0
3,51562
32,52514
9,85046
17,75201
89,0
959,0
1,0
1,0
28152,51376
13,0
83,0
1,58907
17,74226
1350,0
366,0
1,0
1,32431
78,113240
1580,48775
239,62187
87752,99018
1,46134
36,73684
31702,103423
8,0
1,0
23,66095
5,0
2530,43984
607,0
682,0
70040,70040
15478,0
5516,64134
1,89038
272,0
3513,0
4647,0
227,69700
10312,0
28,80559
100,0
1,0
353,-205
308,35140
717,0
663,0
701,0
80051,82478
1,0
15,66364
420,61103
12570,108501
116,0
3872,62090
1,90937
88039,87344
27,0
1,0
38,0
23,0
11472,0
27,0
26,0
1932,3289
118,63735
8,0
313,0
825,0
1,0
21,75198
22,29094
34109,0
15326,72777
5,-4996
495,-34889
1,65782
10201,0
58,0
1058,0
198,76845
3315,0
6,2702
1433,0
22,0
1,55552
3,32385
75,0
1,29849
64320,68613
309,0
73,3163
2096,0
3,25259
250,170307
247,0
2,0
5162,0
18291,61945
1,0
51,0
1,432
84910,71311
59547,57300
4801,0
70499,70271
1231,0
82021,74018
14,0
4,0
1,38848
5,0
46828,83270
118,0
19276,34886
699,31902
1002,0
1905,0
1,0
1189,0
21,103986
10518,0
220,51156
1283,0
244,0
28365,28322
1037,0
5720,0
34,0
1917,0
136,4084
11,0
55768,47798
22,134394
12,0
94,7612
3905,4278
11,75663
29847,72222
32,43387
74,0
4,0
3,5419
18215,27359
25662,46925
36,56614
155,0
10,17834
17,49716
35765,46943
24664,0
107,0
4409,0
9,0
6870,30769
487,65806
541,0
37,0
137,0
16925,0
38,0
21518,82751
1337,0
719,46030
3234,58141
12754,12754
9,45750
1182,0
6,0
116,0
17896,0
52,0
6381,0
2084,0
9,0
3,0
1941,3840
1207,0
5001,0
4,70036
102,0
58,0
185,60846
96,32834
7771,61322
1,-1714
250,91307
3626,11594
324,0
2377,0
17300,24751
59,59
7882,0
1,0
82670,85893
344,18544
285,52212
423,27626
3,-9635
1,0
2,0
13160,0
1,60505
15006,39760
1,0
265,24318
1685,15997
1,0
95838,102723
1233,18805
25115,36446
44797,50860
743,0
20,0
93,8398
65505,94310
65,0
8,97933
9254,55407
2561,64662
29,-24003
240,0
2,0
240,40976
669,0
170,163
662,0
3619,121328
2521,0
2617,25014
1097,68945
3,4810
214,0
2485,0
1,0
778,13453
33,32679
1232,59896
48,0
16,0
42,31954
118,0
3783,0
26264,46531
9463,9522
38619,97457
7944,42853
220,0
1067,1067
1,0
3,0
21,0
4572,4114
123,0
3949,0
966,128122
3608,0
410,0
13,0
659,0
40116,38475
46552,22748
47,1130
21,0
1,0
5475,0
117,0
29891,64494
12,0
11922,0
1107,0
5301,0
16193,0
316,11320
34,0
24182,6973
6335,0
8,110608
2536,36253
1732,102570
2143,0
2,0
2,0
1998,0
496,18864
30,47984
56,0
1,79601
62942,52452
96,0
21573,0
8098,0
55,0
7310,7320
41,0
90,90
1,0
103,0
23355,0
1,0
185,0
26576,71884
10,12965
8950,0
64,62693
56,0
127,73990
8,0
2,0
16329,105751
15242,58683
260,92136
16176,41062
727,0
30748,31186
13365,0
13727,0
2359,0
4143,79637
2105,0
55,0
68,0
47490,53400
12603,0
55265,61546
13671,15506
54,0
1,0
4,0
37776,51046
9630,28785
34,240
33,0
1467,0
5,0
8065,8065
16512,0
21,0
18,0
5,0
23664,94673
4,0
48010,80337
2,0
631,12740
47,18557
50064,61079
7558,7558
23773,8627
307,0
659,57156
60,115348
2493,0
6,0
1779,70307
2,0
55961,70669
81,0
16196,97656
468,0
1,15401
57,0
1,0
5,0
1,0
249,0
4,-8234
6,12638
78,13214
2,-22910
80941,89912
362,0
76,95258
466,3945
8895,0
8,0
141,0
12320,42031
11,0
665,0
27306,59263
717,80481
5,5
1413,0
32,-1943
90,0
1381,1381
3,0
82471,84017
2,14329
14412,14305
114,122017
131,0
3742,0
5,21235
232,82615
2,0
5017,-2612
1,0
1,0
6,0
4541,0
55,0
6236,0
379,0
1,0
79100,92154
3,0
70,67610
127,127
1088,0
3,0
4,308
14,0
1715,0
81,18383
6,0
74,266
16686,24462
1053,57413
17999,59356
1,0
8,34434
23,0
15,0
397,18166
2,0
2019,93852
54,0
22,32725
2,0
2808,8376
5420,0
4,0
62,0
3,45094
7,0
84,0
2,2533
18,0
114,8697
258,0
4297,79368
364,0
177,40327
3173,0
16,7760
5,0
1,0
5999,0
21,0
2793,37433
30070,58637
121,-2045
8,0
4,0
340,0
1,0
236,34729
95406,100359
65923,77590
22,57054
5563,0
2,0
34,0
38749,38745
47,0
91969,84316
21929,64069
285,6406
6,51354
7319,39906
20,0
529,96815
5,70161
39,0
19,0
2060,-3319
12736,11657
468,468
14,0
28695,76744
925,0
900,0
1,3457
76,0
9339,38932
25,0
55671,61584
8,41145
994,0
3,20549
35592,55055
2,0
27,0
3,2287
4638,18912
1320,22530
6,117911
457,0
38,38
17,0
25,0
430,0
546,48610
290,13443
79,45676
32,0
13,0
20233,0
21781,72465
16489,0
11,65309
50360,55584
3807,-25477
1,0
2377,64495
3,0
2,0
44220,39909
2,0
1,61011
1,42518
1454,0
28679,76050
1,0
20565,0
5,6771
11,0
1,0
844,38802
1437,0
190,0
16,0
7,0
81672,89814
655,15398
1,61001
1,30002
196,1107
96688,97026
164,0
1,0
2,2
39,0
6029,7488
28350,49789
70675,66969
58,127
12,125237
123,0
751,15516
411,0
14,0
110,0
20,0
10,0
1693,3316
1499,0
269,0
1410,51964
9,44021
2,0
7,8
13,0
9,0
49,0
68384,120152
4073,0
4662,0
197,0
1104,56840
2,0
920,116161
45735,109886
1418,22968
98385,97892
60039,58890
21,6365
3,0
4,0
29098,34161
8843,10406
94577,117805
810,0
1,58046
2,0
8,0
14185,0
34382,0
4398,4397
38665,72693
81,0
344,68694
13910,0
6274,0
57,0
14388,0
11484,92949
3,3371
69,0
41457,77099
10,51194
1237,85232
5934,0
11120,0
200,0
44644,51302
30,0
7775,7775
21,-322
17,0
45,0
315,72842
37,0
4847,0
98,0
2,0
918,0
12,0
2,0
4,0
3,0
11846,18999
1,63758
510,0
8,0
611,65992
6612,69620
4,52949
14,0
4,0
3,0
5,0
3845,0
10,101941
1677,0
4,0
9,0
7281,0
316,0
4,0
25734,25476
1,0
941,0
142,48225
479,1022
25594,78415
5,0
2,0
36,0
19,0
9,0
539,113486
1,0
11,0
8600,0
82,0
1167,0
7,0
812,0
32752,19864
4,54487
4,0
312,0
3,10583
3,-137
6,0
8194,40498
2,62986
2,575
14,57743
19145,22726
12614,0
3790,0
55227,145172
14,0
1,88291
7,0
419,419
1,58252
30,58493
66,0
2304,59381
11370,8783
74921,52891
43651,42392
544,60538
4,131773
196,0
113,52270
11,106839
344,0
1,44235
5,0
963,0
1,0
3499,0
328,68722
176,33327
24,58598
49,0
2,0
1,0
99311,147791
1,0
97,58592
70,0
14226,39034
1,50838
80431,79327
3255,3910
7,0
2,0
6,0
15,47511
277,13542
165,17092
36,0
417,0
7,0
610,0
1,0
24,0
1914,0
14173,-22753
3982,62757
13989,0
1407,0
2,0
47559,83589
392,0
452,0
4019,37524
10,0
1229,0
10,0
28,0
2320,0
4324,0
432,60414
351,0
3827,0
2,0
243,0
3472,0
1,12359
123,0
12498,97224
33184,104978
2,18102
396,67902
54,0
78727,97781
14,47967
3938,0
38,0
7453,69601
70,0
4,0
37,54015
697,695
4957,0
3616,11775
2,56336
115,71693
4,8522
162,0
15998,0
500,15495
1,62743
6,0
7093,0
840,85830
96565,88663
1956,20724
15942,0
31419,31035
9678,0
55140,60671
8084,8036
18,0
1,0
4239,0
1,3922
67,0
4,48918
574,0
157,0
248,0
18,61351
129,51449
39696,123510
331,0
65,0
61941,69606
7091,16910
1,0
1,0
1,0
482,0
606,0
771,13448
14,0
21037,51134
34954,108628
5587,0
6440,0
81528,78391
734,0
24702,46210
121,0
77017,78057
127,0
49,5652
1,0
623,0
1,29365
3199,0
3348,3348
16,0
704,685
1,0
36,49695
16,0
686,0
14,811
12,43625
7,0
1,54871
27588,27268
15064,19170
31149,-2419
4582,64430
64,37088
7,32886
2350,0
4479,4533
20149,0
2,59383
1206,70345
63,63
704,64551
21381,21350
1006,0
14912,0
168,0
175,0
4,58899
32,0
56,63787
6063,0
19,48665
17,0
7471,0
68544,59830
586,0
12,72428
90450,79419
17,81045
1394,112338
261,0
502,0
52296,39769
2662,0
1,0
390,31594
9,0
1,0
4,0
49,0
13900,0
3,0
989,81690
2,0
25102,0
99887,100193
3,0
3596,0
104,87
2,0
8027,6989
2,89584
22507,55281
1567,3598
3,0
455,424
1034,121485
61331,74522
94,0
1279,0
110,128759
4951,0
657,54400
130,0
3,17078
12594,0
1347,0
4,0
613,0
21,2908
10,0
89,23105
1,1
65476,95765
402,280
1045,0
1878,31117
6,82414
29764,37922
68622,85210
121,77649
333,17999
488,0
4,0
17362,81979
83,3873
2231,69562
19,0
585,0
202,0
37685,0
15,41651
1187,0
285,0
44340,71420
2,0
496,0
4,0
60006,80464
1,0
42,81707
60255,81562
3,0
3,122758
23062,0
51,46156
2,0
34374,90102
2,0
245,0
24250,36439
95,57628
1,0
136,0
6,0
33104,0
6,20903
88,0
750,0
3137,65712
3,0
40,0
771,22816
2,67220
57,53425
64796,68343
7468,0
206,0
1,68576
143,0
1,90158
247,60297
10,0
14934,21016
925,11570
201,0
57,0
101,0
18,0
192,0
28,0
6490,0
5,0
1,0
834,0
222,78258
7,0
5,0
27,0
1,24292
27677,0
3,0
568,-8483
11,0
35302,56768
1,0
44,0
1,0
4768,54214
35593,36747
681,0
819,49929
23277,61089
1529,0
116,43129
55,115183
5,64095
8,0
14746,0
2955,0
327,0
5648,5649
3,2
2,0
64,137417
49,20531
5,0
322,10841
204,62322
25675,0
4872,0
859,51836
4,0
1,66856
517,0
37310,0
43542,60374
94535,97290
42303,84240
897,0
3,0
29,0
2115,0
51,3410
28151,0
3363,64322
27879,54031
314,0
1157,8442
8,0
24,60190
96388,92029
33,70573
913,0
230,0
3,0
1,14210
145,0
16795,0
406,0
12286,45904
13633,13067
531,0
18570,54459
4,0
79291,107676
107,33687
21113,64163
2,95963
311,69965
126,0
6,4076
18,56563
9,0
646,54660
6,76762
1,0
5283,0
8,8
1902,0
175,0
1499,0
27823,74594
13,0
609,11089
5055,0
15,0
470,0
269,68060
106,83260
31831,88967
168,0
3,0
59,0
7302,7495
19,0
5529,0
11389,24589
7,0
35504,0
18,0
1,0
106,0
2,0
6727,111052
2,0
2955,11692
2,24493
1,0
21,0
1,0
12,0
10,67630
5,104234
1,0
5,0
49000,76117
22,0
17,-30089
81,21649
3057,0
22767,16318
44,44
1572,0
977,0
75036,101964
1,60215
31287,0
126,49059
19,0
113,-3444
13,0
423,13814
22,0
61,60761
133,0
8,8306
7478,0
200,0
143,35054
1,0
4,0
333,0
7,-53
58,0
1435,0
9,0
63740,63740
25,44002
891,0
38,0
140,0
374,0
8637,0
7,-1325
77,0
1685,0
6769,59885
214,64177
8965,67618
1,17367
9445,20553
1594,0
4120,0
18239,61740
7824,27595
2943,4111
47444,121417
8186,-6313
980,0
58151,97732
4,0
11038,0
11936,0
47,0
423,0
38,0
3,0
15,0
68122,94981
4647,79681
2,34425
695,0
14181,13610
50073,146356
80627,104781
3525,0
4900,7666
2,0
78221,78728
7876,3368
117,58391
20,74126
2236,0
60,30210
10,0
255,0
8083,0
40,0
735,21712
48744,120769
19,0
4,4
2579,50445
1532,1921
6,0
1271,9446
3129,0
102,0
1542,0
1,0
281,0
248,0
314,0
1,0
87060,89369
8,0
11241,8987
8227,0
22622,0
1,0
60065,69973
14067,75291
10465,0
12441,0
279,0
18728,0
3,0
113,0
3,0
1,2125
475,98689
8386,64471
2086,0
1,94345
137,0
35529,0
26943,44660
5,0
4791,11710
36,0
1,0
27,0
123,0
38779,88118
16,20451
47181,38868
6261,48326
1159,0
68,85145
1,24943
2265,0
98249,96906
178,0
331,56685
81151,84337
136,52688
42,0
20734,15884
3,0
31,0
257,0
16,0
22,60329
928,0
238,0
3347,132002
11878,0
225,44659
793,64510
1,0
28,0
1215,0
1,0
357,0
1,0
1253,0
64,0
26986,21391
443,449
592,0
2,39603
239,0
1,0
2,60325
41,61218
483,0
26,0
4,0
1,0
1,0
477,484
1,9794
1,1
86,55714
13835,0
4051,48523
1,93550
13231,31185
91,96921
471,19023
2,53639
16,78953
1,0
28,62080
2642,119422
1,0
57217,68560
49828,64871
168,0
36,0
1,55801
155,0
26,0
520,0
10,0
1,0
9,0
6,0
13,0
49330,64707
71,81986
1886,0
130,0
790,791
288,13133
22,34
720,1477
1123,0
2577,0
27,1166
1019,0
486,51311
166,166
94145,73555
149,0
10726,0
164,0
3311,120253
74,48263
22,0
845,72545
53,5255
2103,13332
2659,124425
47570,66776
2,92980
2778,1906
182,0
5,0
12850,85708
240,0
11029,32087
587,845
185,0
4,3532
118,0
12012,0
104,0
9687,51587
68,764
145,36902
29,0
11,0
3,0
3568,44966
244,0
93291,83310
28,0
2,82986
98,0
369,0
287,37069
8407,0
57331,64236
33,0
1,76076
89698,94440
4903,14529
1660,0
93,0
784,56681
2,24912
137,0
20058,55647
11391,7415
9243,0
82814,103111
89653,91346
14179,14529
1,60122
89299,87230
1,97027
34177,41203
1,0
15187,61955
17,0
3,0
342,0
74524,77433
109,0
2,0
56,-11733
52,-213
4713,4238
20,0
83693,117987
1,0
1024,0
3,48537
3,0
132,0
1,0
6259,0
58,0
8678,87866
37,0
20884,78536
54,0
30,0
38597,52000
295,0
1,0
197,80926
2,0
109,0
234,0
838,0
7690,7872
2,0
1,0
27217,0
147,60458
6579,12518
9,0
28,0
8,0
4263,6435
2907,2921
576,0
13611,0
7046,0
45,0
15878,0
2848,56770
537,0
36452,43572
14,-33098
330,0
7,1411
232,117297
79,60729
5084,78027
6,65514
1,0
37140,67702
2,0
28425,9912
19,0
24,0
8337,0
56,95701
10,0
271,0
2,0
10,0
89440,88119
21,0
413,2062
1,0
619,119993
862,863
4,102740
9388,0
223,19837
3,69395
4,57022
4,16706
6909,6693
290,0
300,0
9,0
1,-21117
610,0
913,71689
1398,58048
3,63221
13,7079
3407,0
23,5445
9,0
28,0
127,0
67,0
6914,0
136,0
413,0
16749,0
5560,30364
156,58339
600,57962
979,45673
3426,0
160,66911
1143,0
26930,72690
11,0
54152,57570
2838,25433
35248,56672
5724,0
48483,105821
2,0
6498,0
8066,0
503,0
22,106
1569,80716
29695,67238
115,90976
2,47237
3839,0
614,3607
10,83721
13009,67269
13,0
4,0
5982,46465
1,32473
1,0
745,0
22,0
66,116
25,44006
48234,48709
30645,62285
272,24278
893,2170
53388,67941
3391,3375
71,0
6,0
461,0
9667,15016
400,0
18,0
7,58743
1957,0
836,0
8,0
3,0
26327,30379
56403,58827
27,0
46,71268
15639,0
1,0
190,46910
1230,23585
51,0
3974,0
185,0
39883,37016
1736,0
27,24
148,0
411,24701
9271,0
13473,56774
26322,26475
1,26286
2469,0
2939,0
5,0
1,0
34559,0
5,0
6347,17781
2524,1643
398,0
1,72650
194,0
4,0
9878,0
26425,0
2828,12766
39,0
1,0
54701,111868
2,23045
19207,63918
1,0
72602,77639
585,92573
85336,117774
38461,26333
14,0
26541,25595
204,294
1,0
4459,0
73,41209
14527,0
3176,0
4,0
141,0
5,46738
6441,0
17,53923
132,98867
1877,52438
14,45080
7541,28716
2,0
28,66569
11,0
26,0
2,0
6571,0
940,-35838
2,14032
169,70960
16948,0
4368,52816
1,61091
1,36304
3400,1541
3,37181
6,0
2,71098
1394,0
18,21603
17,0
931,0
8930,8941
1439,1631
1338,0
126,0
1330,53511
105,0
316,1039
599,0
8096,0
233,0
92,38860
764,9418
11,0
23511,50330
12,0
4175,12437
837,66976
3,0
2,0
21730,21928
70718,75555
15,13909
429,0
2,0
2318,0
3,29658
4138,0
1,110696
628,51800
4,90928
9456,10278
60,107390
80884,108562
5,0
19,0
1911,94673
858,69091
20408,21492
170,9064
35,20987
2,0
359,214
2090,0
41,42364
27,95655
101,0
6851,-37060
14462,0
23586,0
138,66617
282,30856
227,0
4,0
80,50412
1317,79131
339,0
2,51327
402,90487
5458,0
232,0
2548,0
177,0
95377,102833
1131,3912
2464,0
1,29514
945,0
1,0
680,52728
625,41711
3,0
4099,4102
2023,24819
6482,16636
7300,0
110,0
708,0
6,0
7022,77802
13,0
47,0
28613,41447
4,67486
3,0
1426,0
23,0
8,53391
566,0
345,0
5731,0
569,0
1,0
2,3
73308,136291
1373,0
945,146813
377,0
1,76353
1657,0
17,11776
10662,37048
2931,22550
12,62150
21,23862
28,12644
6873,20016
11223,0
67,42532
1100,0
7,18578
47843,63615
32000,37474
5730,0
237,0
3,0
8906,0
23,59423
20970,71459
79343,55093
59,0
11250,66644
1,57584
380,33826
11863,11865
1,46758
1,0
1096,0
2760,0
3,3283
4,0
29315,0
383,0
355,0
229,0
121,10000
1600,0
1345,0
20060,96469
9007,25043
20749,0
208,0
11435,26815
51410,93547
29,0
11979,83373
1778,52241
21,26498
885,0
14796,127453
15418,0
23,45112
1797,0
1,0
16,66330
153,0
6383,-3713
4,4421
101,34811
19,0
12,0
4,0
2,0
14,75522
142,0
23,69004
70,0
51,54937
14,11172
1,0
174,0
4,0
117,0
1,0
2,0
28401,77891
98386,134439
2,69576
7,0
99031,61066
35,0
6142,0
1,0
18653,0
17,114561
19135,19163
9,0
165,800
13,0
1,45218
1898,0
208,190
7,88770
584,89843
407,0
3309,0
51,0
450,0
203,0
1,0
96,157140
20,0
1,54075
452,8804
48,66580
2329,14280
19453,66169
772,0
60878,120570
55,0
156,25018
1965,0
58793,100214
102,6490
55541,55136
202,0
3,0
12,0
82937,75313
744,0
1,0
42544,39872
2,72270
9,53632
58,0
83759,101071
49556,84281
19946,62538
321,321
65,0
311,0
123,0
899,4405
6,0
579,0
1,0
4138,0
154,184
219,49665
738,0
98365,85169
1187,0
271,120612
22916,69401
538,76453
96629,110998
353,0
7379,0
1052,0
1,0
654,68901
2,0
543,0
27267,77636
50915,95605
226,0
5,0
8842,53714
4,60125
57,0
4699,53142
97529,115142
1,38672
527,0
17793,18255
1,-237
1,0
5688,47520
17552,32029
31626,0
4884,27663
1849,2118
5585,52230
63,0
756,0
118,0
88,115065
10,0
1752,20007
60,0
133,19426
4,0
11,15794
159,0
9925,87287
74,110466
22595,0
3299,0
11,16511
1,0
19878,13280
46798,46808
20,0
2,-14
15710,0
1,0
493,55759
51346,48999
1,0
424,0
44239,79514
6206,0
42038,49938
3327,0
23,0
35350,81935
42,46364
5,0
20,91189
242,0
1,-22373
50837,50516
3,108634
7323,10653
42827,0
700,0
5146,0
849,1551
5308,0
134,70833
3,0
37,0
280,0
6837,31776
1,0
10437,9692
53,0
1454,0
401,0
750,24111
23916,30055
172,0
8,109404
2,2158
135,0
2147,0
9,0
320,30997
4,0
28076,28044
1,0
2625,0
91,0
4703,41811
1,0
39102,24625
9273,42223
269,32768
5,57884
13,0
11,0
58088,82016
5,23305
538,0
75,25208
668,716
12,28408
3,0
2091,88391
222,0
376,0
2893,-4851
1204,27451
2700,-446
1013,0
834,0
3768,11646
1,0
30,0
11,9356
44,0
9,0
124,0
18907,61969
76,48276
120,117
40639,85549
5957,0
6806,0
2,13905
1,10375
19640,19607
162,0
18,0
38,0
41173,45944
18,0
1408,3515
3078,0
20267,75178
97,67659
1,0
15292,16406
1736,0
42,0
34,0
1,0
3388,50946
3,0
68,7151
6,0
7597,0
5,0
44956,71533
28786,0
1,0
264,0
29,50418
4,0
62746,86656
1644,63601
209,15670
51,0
514,0
197,0
1915,0
10,18642
38,0
40,0
2461,52234
26,0
1,0
22,0
150,57754
11555,0
17,0
59,71167
7122,75802
253,0
1,0
55,0
7,0
1284,0
57,77355
39204,36099
8,60626
2220,0
361,21956
62,0
31,0
88,0
61897,81065
199,0
4906,0
7,48931
46429,63286
2876,0
17,0
5,0
2188,0
2,0
3239,0
48,0
106,28129
1,32360
2,0
192,0
3316,75764
2,556
959,27347
1158,0
3704,0
11340,0
2,109721
639,71238
137,59973
16262,88652
89744,109708
1311,0
13,76332
86279,78279
2776,64271
60848,76789
1,0
16,0
43,0
756,0
454,54007
12,6051
24888,22534
586,31928
2,0
809,0
11576,9765
64745,62632
1701,106610
14038,39694
7,8935
22,0
10111,53117
4341,5572
66945,58396
93,79638
6478,0
2711,27274
2366,23644
3,3
62,-44011
4,0
5051,0
2,0
3205,0
1274,66112
37106,77290
2536,6807
69,0
5324,0
38,38
4,4
3385,0
288,288
42221,42851
153,0
9,0
1,10316
327,0
3,0
97961,93582
3,75549
37571,121296
976,682
1341,0
2288,0
12967,0
307,0
1,0
17,0
5,0
26,0
666,0
8,0
7,0
59,0
241,79998
8717,15424
18283,0
156,0
2181,0
3,0
525,0
31957,0
207,28094
1,3048
651,0
20,4715
10282,0
245,9934
6,0
3958,0
5,0
517,84080
3,0
13,0
11,0
3,0
120,118360
1,0
9825,55364
68,0
1968,0
2,23006
567,28733
1,0
566,106630
244,0
24,-1533
401,0
63657,68044
101,75032
5,0
1,0
118,50844
21464,0
528,0
1,0
3,0
742,0
2,0
369,0
2983,2840
295,0
2,0
133,0
3,60536
1,0
1,0
54008,56524
3,33473
47,28693
41,0
13050,0
1586,806
18,0
130,0
127,0
32,11517
143,0
179,36356
1,0
83095,111145
14,81829
385,48762
5890,0
442,0
2,0
2,0
15,0
2393,89044
10,0
1,2026
16105,39240
39850,47406
15,0
2277,0
4,-5163
1,0
2,69
25833,48293
439,56103
98,27131
44,0
78,0
768,52955
1,70373
39,0
74,0
4,82233
93,32154
2,0
2085,40540
1852,0
2,0
1,0
445,25862
116,5315
76504,71012
27,0
30135,33243
1,0
29375,31207
9601,17327
13,12870
29669,70915
42,0
254,0
32749,53942
60,30628
792,0
20,25928
88,4012
7,-120
552,0
40873,72166
1533,0
1062,82429
18517,18587
50169,39567
2395,29531
6,0
2974,0
67142,67207
15749,15911
578,0
468,0
33,0
3891,8938
30264,41677
3360,0
11,0
5,26243
3019,3461
8,0
18093,0
1494,0
1018,0
2,0
262,0
10,4253
543,0
118,60491
1,0
463,0
3,8582
2648,2745
157,0
2,12679
6,15861
48,39246
41848,41443
628,0
1,0
1128,0
2624,35191
27,0
43750,61224
60965,58735
2192,44308
36,48646
1,0
6534,94247
1,53211
1775,0
40,0
2,12438
2906,0
93937,86092
3053,2909
15,39344
1,0
306,56685
40,0
2764,89309
2,0
5482,0
2385,0
81,37453
3320,0
21836,79868
2,0
10,117736
384,34020
352,0
8028,118283
1749,62796
3,28423
1,19358
302,0
377,71213
3414,0
1670,73068
89,104816
4,42264
8,0
8312,14082
109,0
39,0
6,13787
1,0
91122,73465
167,0
62,0
37006,21777
32,0
77,43751
9,0
31,13385
256,0
47869,93633
1130,23934
302,0
10,0
10037,0
12,43
7175,0
10,0
172,0
22108,50370
2313,43929
69646,10602
1086,0
175,0
5,0
450,49342
51,16065
2,0
5,13535
193,48148
30,30554
28,0
34,0
7,0
2789,0
23964,0
998,0
16126,77424
1038,0
6,0
59,9171
110,0
10367,54965
588,82168
631,0
33341,26367
6,53294
91,0
885,52767
34550,34586
112,54713
489,0
63031,103632
178,80611
278,0
1,0
47,0
95844,95966
8,0
46,0
63298,89134
22,0
1,0
16020,0
5,0
949,11829
19,75046
24,0
370,0
41884,41884
1199,81377
44494,0
919,42193
16,38449
211,0
12,0
4,-3349
1,0
27691,74620
14,0
40,0
55621,102661
219,216
16,80910
1,100435
6094,117975
45,3376
19013,51995
2556,46124
1631,0
286,0
1041,0
1190,0
13,79050
10,0
1,24084
67,81599
64715,42346
68,0
66479,69284
1001,0
26612,27916
24607,10686
2112,0
16,0
251,-4044
53189,62206
2258,74923
84542,84523
13,46913
25448,0
25,52873
2,0
55763,67992
1,36878
1,0
10137,21890
5944,45434
9263,0
79,0
12,75120
98,0
934,0
22666,22670
82,0
1,0
21,80309
41,0
1,0
80,56244
17569,19571
6,77740
1515,0
41654,42093
1363,48034
150,0
1,0
10373,12143
96375,95885
386,9995
11457,0
1990,29859
22489,23999
108,0
6410,23920
6,0
301,0
2134,2047
11,0
9,37082
15,36808
1126,1123
4,23431
86564,102953
3149,0
6,6
16,61742
1,75170
14,0
14,59056
7,0
731,63940
1406,41317
595,1669
76,0
2451,2753
1683,0
5,0
23,0
436,0
50347,49978
97725,96162
6168,0
13,83644
690,91909
596,596
437,14468
5,84309
2,76901
7,0
215,21759
984,0
2,0
10513,30686
3,23862
9,72676
1,447
1751,0
7,0
134,10814
5,0
1,26776
404,39562
3851,41919
32,53502
9,0
1,0
21,55648
1,0
1,0
374,54292
36,0
52,0
2496,0
17,0
15,0
18253,0
29136,0
70,0
3,0
1306,0
2,28391
30702,92411
1,2729
6537,65163
683,0
194,61663
13379,0
109,0
5,7406
1650,1922
96120,67884
62808,77680
17140,12867
47,0
24181,94221
136,0
1,0
41722,53575
44,0
421,0
12,0
3,0
1,68637
1969,2081
3,8912
11,0
85,49498
347,-26414
20345,53845
48,0
3,5617
14,0
1,0
10262,0
2,56490
4,4
207,0
58923,75680
4721,28210
4528,0
6,-11626
19373,57803
16580,38074
89,119978
389,0
58,90852
304,10382
30,0
70,0
11061,-16744
11399,0
69832,58270
1,0
705,0
63,0
54610,49271
22703,22878
56,0
1101,101916
36,0
1,0
22,0
538,145653
10089,47532
323,52156
3866,12196
25090,52271
1,0
16,75253
3566,0
65664,60085
1,-26994
5,106590
972,1314
40,0
60,18960
20,21864
853,0
3,0
5783,0
3477,0
2,0
3,0
1,0
421,0
4,0
9,0
199,0
91,0
3,0
17,0
2,0
30,0
73,0
1968,0
27391,0
20,28467
1,0
27515,0
10054,11305
230,0
182,96411
1,0
1975,0
16845,57923
4194,0
7902,0
92,0
10,0
1,101644
1499,0
15,0
11,0
19038,80145
1043,24476
81749,73358
4,0
293,61828
13,45510
44,0
249,22057
71,0
1031,0
3,57936
119,0
17746,64698
5078,0
6786,72270
49398,98938
145,69475
2,0
12,0
3101,2782
28,0
14,0
11,63097
1,55951
140,0
6,0
10040,0
52,60098
9445,27921
11,0
86,0
194,0
1,0
18847,0
158,0
7013,20590
2407,85857
3490,6404
6909,0
6860,2302
349,0
23,0
2,0
17684,0
32203,26197
9,0
94925,111538
82594,100625
1,30878
187,0
6835,0
35825,58650
68,0
482,0
38971,67241
756,0
55,29267
52944,65133
3151,9019
27,0
134,0
85340,105891
2634,0
4,0
7,0
1636,0
106,63148
94162,85161
18,75323
96772,110842
12,0
4165,0
24,94728
181,0
5,70242
1,257
4,0
61,0
3,56479
8,0
6,0
12156,91134
45,6199
28,76832
165,166
240,60476
2,75187
131,100607
48360,55557
20871,20225
72,72525
4547,0
1,1028
145,0
29,54451
409,96181
862,0
51906,55465
1474,0
11,38901
8736,81988
1,0
2567,0
1,17478
9,0
1,0
837,0
37243,66123
54,0
31266,39393
98,142644
90204,90772
11042,62716
209,0
2,5135
1102,102226
1075,41205
52,55410
2134,40828
2809,0
569,91884
81317,84895
1,0
87,0
754,0
253,0
3760,0
16599,0
4,0
1221,0
81,0
8,51189
4110,81588
24358,0
97,0
6,23552
3,46040
37,3769
2,-3060
100,0
28646,0
4,0
1,66800
1,0
120,0
80,0
41180,65251
297,0
35,47762
2609,13691
38020,73379
9,52218
14,72218
52468,79851
1942,71972
10743,0
51775,59061
17,65379
90,240
3598,65883
25,0
5043,0
5900,0
4440,-29004
216,18585
7,49885
12,0
45332,52390
1,0
36362,53103
233,0
16,0
17,0
12,0
9807,13524
74,0
33706,0
1,0
72177,0
5,0
615,33901
7,0
267,-14975
136,0
3211,51027
5,0
61288,85572
7833,36329
7,0
900,0
12,0
15966,76288
41344,49930
49,74701
2,0
3,0
73,43341
31,0
402,0
10,0
4,73971
90841,109761
137,0
96,0
6,0
1310,0
55316,80395
1,70782
3,21913
15,0
31874,53120
41129,63622
23,0
9,0
3,0
2,0
11,0
24,0
1,0
25,45497
11,0
157,0
3614,46930
135,135
1650,0
1458,0
39,0
34544,83794
3,47381
1726,0
1,82628
620,103466
176,0
3945,61620
1,4
677,0
5177,34744
2,0
12,0
1,52172
9,77130
53484,81134
1464,37612
47655,34206
2825,0
30,29365
389,0
2446,61018
8,80591
1,0
30090,48325
2,0
22,33380
9,0
96076,106980
2314,43988
14,0
1,0
5816,15257
432,0
19,36727
1,52324
22135,0
174,0
15,129575
29,69148
131,0
585,0
7,0
485,0
37,57853
4,0
1,43591
56391,100753
2,67839
20,0
10744,11969
7583,0
4779,0
31,3101
2,0
1612,0
2336,0
2,-488
5737,64896
33348,99467
16,16
11,0
4106,4697
35,0
27,0
5091,10825
27,51933
2807,19810
7378,0
6,92818
1,0
5,33364
1818,2232
55,0
22916,9343
66422,75476
211,27662
1713,0
1785,0
4437,0
1,3416
39,0
3,40468
2698,2483
21534,16949
186,67297
12,0
106,77017
115,0
1158,0
38,97341
5084,39327
3033,0
44,0
1,0
7,0
14247,14443
18441,0
10,0
735,0
14171,0
40,0
4,0
28091,41449
8,0
1277,0
2,54396
49,0
134,0
3,3634
4,25687
1,12211
137,84723
1,92333
22278,87474
40337,74246
2,0
1,0
164,0
14475,9293
239,65042
25343,26618
14,0
4,0
14423,65289
27,0
156,0
23,23
30,55586
1886,0
3,43128
1143,0
95,0
1,0
31308,29832
2088,2160
5,59944
12,0
183,0
9,0
45,0
24481,96283
78914,67281
20,0
151,0
28,64927
21,0
2345,48126
198,198
3,0
2,0
9362,0
63,0
70,0
2,0
55916,102448
2,0
1,0
1,0
31010,91497
5,0
10123,0
1,0
7124,98672
1,0
376,0
804,65424
56,0
2,0
6,0
4423,-29225
15730,59013
467,53895
10,91675
182,20975
977,25418
32115,0
67211,65432
2364,0
287,0
1,117500
6642,0
11677,4512
7,0
510,27992
28,0
10,0
1,0
79086,91920
55992,57502
710,0
4,0
6,0
590,50303
1,0
441,0
15086,0
6,252
17,0
40285,0
3507,6184
36970,77352
568,49490
19,0
58,0
13,37628
11,82805
4,0
38321,89878
176,64499
1,13456
2,0
28,56942
381,454
24223,32566
69,13998
86692,83274
13728,57617
8,0
2433,101857
21,0
590,0
71,0
4,64212
843,2464
582,0
1468,142614
79058,43468
5,0
41305,0
6477,32400
2899,0
2244,6177
5868,0
8183,34907
2,81719
7,0
353,56721
11539,75096
22,0
1,0
2,0
2,0
252,0
32159,8329
162,68918
14992,0
1579,0
2437,0
1667,2431
509,71662
1,0
79231,76122
691,11355
1090,28917
3,0
291,33162
77,5552
2202,69792
9888,101
900,58339
14,96251
76974,57496
92776,95965
2725,0
34,0
109,99184
485,486
4656,0
6995,0
6,0
138,0
1,0
36241,56560
980,0
7,0
166,0
28335,81497
13,0
3,51191
3880,77686
92971,82692
18,0
284,-83
46,0
5894,19275
3659,65255
2,21686
3,40923
1376,53297
668,18360
8534,0
16039,93688
1,69878
2407,0
9784,54069
2,59389
2,0
9234,0
536,2766
1,333
17,0
33916,93727
34842,60677
158,138
2,34933
92374,161202
1,0
70517,93804
82,0
2017,31059
1028,0
3,93992
424,19447
1,58888
968,0
78222,94375
152,0
1142,33111
46228,97678
921,29738
34,5704
90,86145
2,0
6,0
69,70748
859,0
1,0
8,8093
10018,11789
2,34734
43,34680
2,0
2405,906
2,98077
126,0
2,9287
52,20268
1,65313
12,17770
6381,0
1674,0
3,3
3666,24743
68190,68514
64981,59115
1428,0
21,0
45790,48581
1,0
12508,69582
1337,0
189,0
19974,0
58120,81611
2473,42382
19235,0
10020,0
3326,3377
1,0
241,379
90612,96815
14519,56537
4,84970
23,0
26,0
335,65187
140,0
121,0
1139,68201
353,0
840,0
85,0
52,27034
4,0
55046,112528
7,0
2460,0
3,0
9,0
4860,0
23,82370
1,66951
3,0
80095,89040
153,0
22874,94870
9,0
4138,52192
79,105054
653,1778
15,6097
1572,0
78805,84870
5128,14325
7042,0
11528,39392
65414,94962
91,0
1459,0
109,115409
6,26690
17513,0
23,0
395,0
8,19404
9,50740
2,0
2757,0
1,0
190,28694
4,29517
2019,0
206,52140
26,0
6,69219
40699,40639
2398,50350
5,9991
14788,0
115,-2468
22,84630
3371,23083
1,110953
1,62361
13,0
53455,80861
108,47609
1012,43470
58,0
3,0
11,0
15,81153
191,0
8308,9065
475,0
130,130
5539,0
860,23125
5380,5013
10,328
6292,8948
313,0
3919,0
41845,93869
84,0
761,33547
4,0
1682,45750
483,0
17303,54666
3,0
7443,57322
615,22860
7,0
3,56316
170,0
11467,12849
13,0
17,0
16,106399
8209,8304
202,39456
27,45068
22113,28617
10,0
28923,62579
6,0
2483,0
5541,0
4591,0
4,24698
2,0
92,0
855,0
1824,1768
6967,25553
86014,82890
2,0
1173,0
1696,66355
7017,0
6406,17183
1,71451
334,360
99315,67179
150,150
2468,0
15,0
1662,0
2,-28
1132,0
240,238
28,0
193,44888
118,0
18,0
7,0
17724,51807
2467,0
289,59733
72,0
172,59126
30353,0
10528,10420
2355,0
1,0
46,0
71952,81095
391,0
40,18200
198,0
3142,0
1103,0
1014,1398
223,0
1,154345
96,0
8028,8055
22266,22309
6334,107163
7,61870
39460,43096
1,56366
1990,0
2,0
1716,0
5580,0
47475,46298
4,0
58,49118
597,0
3,132096
83,0
2,0
13,0
23,0
21105,0
11,0
14176,0
57612,73320
2,82896
3430,51630
3841,0
23,0
789,0
36016,43540
21807,0
2767,0
86691,100284
92,0
18176,11461
82,20741
79603,87612
38955,0
25,62218
183,0
115,0
9,0
2595,0
1,59299
17,0
96,38992
9955,27085
4,91189
6750,-18667
41,59729
21,42116
271,27119
43,94469
5,0
3,0
5,0
56628,70851
38647,65819
1920,0
192,77812
6,82408
3622,0
1,0
6,0
7868,0
1,30692
54764,55642
4396,0
322,30813
4,0
3,0
213,0
9262,89210
7242,0
19844,81850
1384,64675
430,8900
10328,0
1865,2764
1930,0
34450,72946
574,56709
343,0
11,0
952,0
45,0
36,0
8898,8006
15,159
2106,58118
144,9711
1,0
11,0
12837,30280
18,0
3183,0
3,74013
230,0
10,0
9,0
175,0
1,9768
1168,108004
924,12108
7,7
9962,0
2930,0
595,747
28,92472
246,0
1126,54796
3,0
12,0
99498,64387
557,61395
1005,0
6,54928
13062,0
664,57342
98,16880
3140,0
3,0
162,-1999
15272,57645
2846,0
2,31945
11,0
72146,91123
229,0
3,0
229,0
1,64695
592,593
122,0
6,0
15213,0
49134,51103
37157,50292
1,0
9557,15759
1540,84883
6063,22492
181,283
6170,61702
1,70240
26,0
9939,57150
11,0
13,0
1768,3561
302,0
26,0
34672,54128
10004,26301
274,0
28,47151
783,5843
7649,15044
32451,30579
2,0
532,0
4061,0
1,72405
4,0
1,69671
603,606
520,0
9557,9532
9036,0
3661,35755
2045,54860
16,0
8070,93202
6951,51264
6358,51734
51798,108138
1907,58594
2631,0
8164,0
61,0
17,28445
91794,185315
3130,122560
12940,10831
1161,0
5,0
3,68474
5919,58228
44457,47928
21709,15776
11,0
4,8089
1,10259
40145,39292
10,0
37917,88522
2332,-8591
23,0
5729,0
174,110766
5058,5058
1,0
127,0
353,0
86462,59099
11,0
322,90735
3,16002
1,16103
529,0
1494,59060
29762,60797
93693,115097
300,106162
13538,28259
580,5434
1,0
11,0
381,0
12236,65042
112,0
8785,0
21497,44319
41624,44108
188,0
318,66081
14,79115
20103,38415
387,0
16769,0
12,0
47,20350
45935,66865
26,0
1201,921
16,39662
407,654
5,47535
14966,79975
61,0
1534,19583
1,0
3762,0
47,0
8,1456
37,83450
4,0
214,58648
2,0
1739,0
29226,62030
116,0
6042,46404
46818,57362
1,48832
57580,109831
3,13922
304,0
1,80227
152,24194
76240,107376
1602,28440
723,40262
5,0
24,0
18,0
64791,125298
2000,59631
24965,0
473,14374
1,34658
14648,0
75,52001
3,15501
4,0
104,0
1,79
256,14546
2864,0
3,0
46,79180
6496,0
6779,0
22268,57266
57378,109013
10741,8741
770,0
98114,134802
17,60797
2086,38293
3,0
1,9806
3,0
55,71826
81,0
95760,72137
84,0
401,0
1,0
45253,65611
57,0
192,69785
859,107474
352,100764
1220,39888
1,62630
1,-2323
974,10580
5870,5904
845,0
24657,75721
1062,59351
10628,10770
36453,0
2,21
7,68813
23634,0
3248,0
9,0
222,0
2343,0
66037,124923
66,0
7,0
80,80
1,0
3101,0
1,0
4328,4305
5,0
1,92504
327,29244
129,109
6329,0
5106,0
24127,30595
4,0
11,0
10,0
28758,54004
6972,0
79057,115124
9,16333
1999,47357
8461,13600
313,62016
7,0
7,0
17,16793
7,0
2,0
2581,97050
25,0
502,0
11,49189
86,0
2,0
72,70742
2,54856
1144,42294
36,0
1,0
22493,0
705,0
684,0
42,0
5,0
1,0
4,0
8,0
1,0
1228,1236
178,0
32,0
3179,10962
2963,78489
3951,15115
3327,0
79,0
25538,0
8482,61527
239,0
4574,25079
354,123986
1,59743
27,68286
7,0
25663,0
328,27644
33,69366
8336,9877
5919,0
2,0
896,0
447,13538
6189,0
2,0
1331,0
2,0
112,0
38,0
4,0
1,0
1,35599
4,36555
185,0
8,0
76806,75217
15803,137613
366,0
2168,23406
49,0
90366,84250
10,0
13484,52722
15095,58271
14,0
36,0
343,0
14,57089
3,0
18,0
288,79684
11975,0
92,73297
15,14734
281,31629
19855,55783
7142,119875
51364,56032
843,85409
2,15979
1138,19823
70766,151974
378,116450
1133,0
132,0
2082,0
45,0
623,0
2,4964
10,0
1,0
89526,104130
1544,0
96,291
6550,0
25294,0
6647,8233
2961,0
251,0
5536,66955
2,0
11480,11894
20,50961
1,47264
1461,21367
9,0
1346,0
30049,0
65910,67934
41,0
6,0
30767,30756
43405,124660
730,81887
4292,4292
1,0
2566,0
7,98
64,-33215
664,0
79248,96409
55060,92452
4,94085
32555,44545
11,0
321,0
4,0
95680,96797
225,0
1112,0
2,0
1,46027
115,81197
15231,15300
76439,81843
9914,0
2002,62313
179,0
77547,91484
9,0
1,0
150,70816
945,0
4515,0
1,0
3,75897
1,0
1,0
2232,74066
5129,38484
6,0
558,0
26,31524
37820,19381
6985,0
4,32568
1487,40749
61,0
10646,10647
3,0
1,71415
1407,8565
75,68026
33,0
14,0
2,0
151,1036
2,18700
956,38920
43293,43290
36,65194
8,0
9,0
4,101629
429,64723
297,84563
33,135756
96,42974
20160,49179
2,0
156,0
2,33850
24,0
4380,6970
113,0
300,0
5237,0
303,305
1,0
10840,0
4,27530
18,0
1686,0
17066,0
4,0
62,0
1,39707
16,0
185,18008
36221,101477
1969,0
72379,67939
124,124
5155,45096
80,0
68964,85907
36,0
3,0
49,0
13,0
12102,26203
9,0
302,0
2842,0
1637,83700
53283,78672
33,0
1715,0
29530,0
4572,58992
48,0
49591,44137
1,0
8815,7259
6494,0
1,0
476,0
51,52591
93247,87978
4,34432
149,0
1,0
52006,39994
55659,100774
107,78646
215,0
1658,98825
467,77201
31,0
163,93777
5,52824
840,0
3,0
9278,0
89575,115936
43031,67867
6093,5087
59325,86605
6,66425
8,0
1,0
65,0
54,0
4038,0
425,425
3971,58817
55382,56878
1409,43781
79386,79548
41,0
81,0
72026,91654
4,0
7,0
8850,16532
5895,0
17,19716
543,92188
15,0
4,0
18,21
7028,29748
31,12168
101,22420
554,0
5689,5779
8079,0
8,0
9841,0
15092,17331
18,0
803,0
5,0
6269,0
2,37023
1,0
2136,0
7,69821
73,-8809
2690,62617
389,2973
1,0
588,0
73943,98801
1,0
6,0
126,57995
48480,49007
1,875
9,0
1445,0
6,60537
2230,0
1,0
46289,103953
15,65409
1,0
53209,58433
4,0
7478,0
49148,91545
3932,0
14319,0
3,78385
1,61424
10132,102961
8349,54539
60,0
2,68201
3875,8754
2,0
1,0
4,4
555,0
1098,0
15,-2917
7,8785
43,0
50,30785
48,0
25,0
16665,92108
8,0
648,61524
6,1361
2,0
35989,51545
4,0
13542,63825
13801,0
1,25514
4014,23992
1,68155
982,0
5474,84565
9890,0
5,0
112,0
32011,49208
11,43901
77,0
1,0
14151,0
15,0
3,13867
625,311
1,0
2,47060
70,71935
1695,31556
1,0
2736,0
592,64958
8481,0
165,0
2,0
293,2193
12,0
50349,58423
81205,81205
28154,58572
1327,43230
442,0
14,0
3519,55558
39,0
1,0
423,535
10142,68890
11099,10220
2,28472
6001,0
133,0
3,0
62622,53968
12,62154
1,34097
49654,16669
118,0
939,0
1,0
8959,0
5034,8299
4,0
6159,73719
23,81274
4,0
12,47511
3,0
1856,0
19,0
37168,129778
222,0
39421,112860
40,62628
5809,6144
267,0
570,0
432,0
8009,0
477,0
201,17635
22,0
632,0
510,0
21,0
12,0
131,0
13543,0
8,0
1,0
589,56715
10553,0
30,0
43269,71112
2,0
26369,37723
55,0
226,0
87,0
6,45635
6290,6073
71,54441
3,43711
328,74510
5,0
15,0
337,92245
6426,0
6,15316
4537,0
116,89227
65,0
1469,34187
1,0
524,0
226,0
4,0
880,0
165,132425
1,0
2911,23675
86,0
43524,23307
741,0
3220,0
2,5473
4,0
91107,117488
13,45605
22030,76861
3,54715
1,0
3,50653
790,28556
7582,0
2,123964
4,0
1,0
57,62281
1,104053
3426,998
2035,4614
1256,0
169,63961
1212,52988
5,45939
4,0
15,68355
46,0
780,0
3312,0
6290,43868
1,0
45,0
196,35126
41,0
163,0
414,0
10200,66124
1,0
2,75300
370,0
287,121523
27,26
941,0
46,104285
13,0
1,1
15,0
185,54051
31,72317
2,0
9,0
119,64590
32,62489
1,93686
6871,9972
145,601
61143,76586
353,23155
49017,49017
27098,27085
1103,0
1614,0
4,0
43,15666
1,67347
6201,0
2,2
104,54035
971,0
983,0
11,73369
22,85029
37713,37734
5,0
4,9
26,60588
17952,26163
15,0
39193,64393
2,2
1,3727
25053,87826
14,37682
800,56349
408,0
645,0
1,38384
137,0
595,22478
1,0
677,0
16,76715
3,840
8,22996
33576,0
17752,0
4,0
12,46646
25,0
211,0
46074,62734
14014,48682
19066,0
3175,0
21922,101376
38538,65487
317,0
3,0
20151,66535
150,0
806,0
2323,27967
900,0
12688,125606
25852,0
4401,0
65,0
467,-8160
10547,0
160,0
4444,66075
1658,0
17475,0
859,0
1,0
65263,65278
4,1962
2790,28201
15,41477
22,44827
3,100190
821,0
58891,115433
104,0
5,0
4,17729
1,72815
442,3555
3651,111938
1058,0
1,0
22620,-17672
679,56408
2,65238
79,0
29144,0
1804,34956
23,0
29,61467
4,0
154,312
885,0
116,0
15713,0
4745,37567
16,45780
80196,160541
12,0
2187,0
33591,97589
4988,23919
11347,55188
22381,0
504,71321
24,0
98173,106688
3945,0
5,0
1513,1421
3456,3457
3350,84396
14617,14043
12779,0
6,0
78,0
19647,30557
1,57907
4410,849
6,0
3,0
20,0
18926,18638
53,0
2,0
14554,33044
394,0
4,0
2,0
2199,2203
30168,0
5,0
5921,0
20208,55177
10870,42842
21219,31466
10,23345
1,0
1,1
9206,0
80,22632
4,0
209,0
1514,1513
849,0
128,0
1056,0
6926,4607
12,51647
113,0
24152,0
6,0
10,0
1,0
439,60031
928,0
26356,45494
119,128
6195,0
3462,9129
6129,28048
13935,13935
1053,0
220,0
5016,0
371,0
56574,50755
72330,124878
1,60087
26,0
4,0
19440,71701
1,42856
47898,0
7627,109791
67429,67238
9713,22063
7,61439
6280,6280
1586,13353
8,0
5694,0
33844,33711
1868,43213
9105,33377
2652,67647
51283,0
2909,0
26,0
7,0
80510,62109
8446,0
9,15130
22,0
1,0
576,19359
394,0
94978,97212
30192,0
1,0
226,536
1459,1459
5891,0
44327,33249
15,0
1,0
4,44893
21,0
15,10035
651,53263
9559,0
2109,2850
1902,0
2,0
251,104507
1,43660
41174,41174
56334,62310
2418,183912
1,3357
723,801
11,51439
1571,0
10042,57559
33,32
52,68485
1192,0
4663,0
31888,32283
7,4716
96,14403
10226,0
23,0
2739,0
4,0
530,26306
96651,87340
76350,81957
72,17804
7329,0
423,14904
1351,1489
109,0
3970,130006
69,0
21,0
2,0
2,0
8700,0
1,0
1399,0
700,36983
22,0
15963,0
178,0
12,0
92882,87136
58667,69841
760,0
28097,66626
59,0
75,0
67,113322
1,54367
4,0
93476,87272
51,-8366
69427,69845
55647,74910
47338,76322
1,65204
53929,78886
437,0
32998,82801
251,0
53503,48627
10022,21674
39584,18863
82,0
1,0
12,0
285,0
53602,158474
22852,31937
531,0
13732,64680
260,0
146,0
9,52702
33908,54968
571,0
1,0
56,56
257,0
70,0
3,0
11,0
54,0
586,0
74,0
42064,38673
4,9024
4,56850
18378,76020
1,59794
2594,0
1,0
67,0
36,0
333,0
116,0
1,0
402,0
497,11269
1357,0
20526,20224
141,0
293,0
213,47895
28,0
202,0
35000,50622
4514,0
1,0
47,61361
67603,69277
537,0
1,35264
264,0
45,0
2648,0
104,0
38,61373
1,45502
2,44632
2,0
38,0
2,16594
18239,0
20487,0
8584,56824
2,0
2,-506
2594,0
164,0
243,0
230,56217
11342,39920
18969,81343
342,0
2234,0
3877,0
25385,79804
12,0
36498,44296
1,68644
80,0
3,0
222,79383
1,-44799
3,73042
94168,34141
25352,32820
79662,91189
12570,30398
1,0
3472,0
360,0
137,0
419,48990
303,298
48,59265
1604,0
1040,0
323,0
52,0
8582,0
1,-169
561,0
19125,100108
165,0
4732,0
5,-584
76978,113279
2006,0
68309,66570
410,0
2,0
2,0
2,112913
2284,6074
8,0
739,0
9841,86160
4239,12951
9116,38252
9,59232
3,0
20638,55723
147,54114
7009,0
63874,64581
47,760
25,0
1,0
26,2267
1,0
14,20701
3677,4323
396,11977
8,0
46,0
458,0
1159,15916
631,66853
57,74370
10515,15399
32934,0
22,51617
18401,8716
153,0
1086,0
118,0
45,0
18354,59677
21,0
6537,75438
16301,0
24522,25343
3541,8727
3,52684
1676,0
5,38844
2,0
2,0
258,17383
57,57
19794,45178
68195,78020
43,4293
28262,45406
17,13969
49,44042
433,0
21584,0
28,0
1815,0
63721,66857
9,0
42,0
86697,90668
26,0
12894,92350
1,0
96601,104507
4,67212
304,0
1,0
138,30926
3090,0
397,77538
8,10758
56,0
1,0
66,0
469,0
5,0
120,0
425,0
1,4434
1,54008
53122,46706
48295,72722
51396,62595
65111,63407
5,0
12,0
27275,0
210,0
367,0
1130,0
10259,0
1046,0
332,90452
4084,64007
12845,47627
13001,13432
4,20184
2,0
42280,40866
84955,115296
56,0
80,0
12,49652
10919,40299
1906,0
30029,30028
47,47
4,0
26,0
3,0
8,58408
84,0
4,0
41,0
1,32244
54,0
25087,0
1,0
10632,22935
29011,60682
1114,0
275,595
37671,0
2,6307
3872,20450
796,2928
16859,0
14,0
515,22338
3608,35681
1,0
30,50748
1005,53398
2,0
1013,0
371,0
2189,25868
3,0
19,90131
17,56765
26566,66657
4165,52984
5,0
71,0
75,5828
68,0
164,15620
4,61104
2503,0
133,59956
51825,51280
2,0
21,75196
1,0
43,0
20245,50577
213,0
5,31333
2,0
1,4006
1,62603
2,51534
715,0
716,0
2,0
27812,0
8381,48319
1,80143
4083,0
247,79619
2479,0
5330,55504
5043,0
351,10938
1,0
26744,71591
34,19
298,550
2052,165649
32,0
3,7275
2103,65003
570,59839
2,0
6961,0
29446,62714
1,0
689,692
3775,6100
5004,0
1,10445
271,373
1,0
8,0
10,0
8066,38457
3,0
637,44941
18,0
269,0
816,0
74,0
110,0
6,69579
5362,82802
5,43594
49,0
5925,50885
1,0
160,67801
336,139528
71594,71524
221,5
4981,18622
49324,60961
48,0
324,0
185,0
10288,46358
8,0
18994,35164
7,0
33,0
81584,99704
142,0
5,0
3193,0
353,81308
21,0
8,0
4589,0
5312,36429
9,57860
4,132369
3894,0
3678,66357
11,87348
56,0
41,0
716,0
340,339
14,0
517,64245
13,0
8,0
1,58939
1,0
19,0
16,0
20054,43604
14,0
1772,0
6189,0
1,0
1417,0
67,0
1,1980
135,58468
4023,37950
587,0
171,0
13750,13768
161,0
9857,0
3489,0
6325,0
4245,0
29,0
1,8649
8,71907
2,19309
3,69719
3,0
8,99196
2256,0
769,849
1321,66683
1,0
5478,72138
58,0
4,0
95,0
12,1031
103,0
54422,159940
1,0
85832,87435
4,0
302,71701
33,0
1635,17349
7920,97185
1398,30646
6909,6414
2,0
2474,55835
8626,6329
5241,21507
379,0
132,18876
32,0
2380,0
15,0
1,11687
4514,59445
2,0
389,0
431,0
57,0
1,0
5083,47160
90403,86939
2467,80788
39,0
79,0
1,0
632,0
1,0
18112,58412
1347,0
7370,91921
579,28982
9587,60977
2205,0
460,0
31,0
232,55200
37,80816
2,0
91153,107055
8910,55171
25205,0
368,0
23,38947
1,0
176,131
4,0
6,0
2285,0
12613,12613
374,0
112,9952
7191,0
164,0
641,12748
1809,-694
2,0
20,0
49,0
1,0
2,0
5531,55242
28937,27553
28153,29927
1794,40354
5563,12069
24828,59413
667,0
263,0
80,40222
1046,0
6,3444
125,0
63,0
12,32302
20166,21351
138,138
60,108690
21,47486
44896,65718
27712,47880
63,56012
38,0
1,76787
2,59162
37,0
8049,8049
33,100169
2,0
25460,27298
10,0
6,0
75231,75243
1,0
23281,14905
1,0
87101,96564
1308,0
1297,0
18,0
707,0
545,0
2153,3010
16,0
7,0
36,0
89183,96241
64,0
8,263
3177,3134
7,0
3027,38
93994,93206
110,-8164
5,0
3508,0
81,0
20151,32570
7809,0
27,0
69115,60988
424,0
194,0
1033,123884
5,0
91,0
8,0
85,0
270,0
7,0
23153,0
10534,39390
4590,11016
1,0
36,316
29,0
2911,13997
1,0
11910,47536
5690,0
41,0
70,45505
2,0
61,0
1940,0
324,0
7,0
385,0
17481,0
4,16833
1116,0
2,0
16753,81528
27,0
26,0
1,0
2,70
1,0
2,0
7418,17435
3,0
587,0
23826,23831
1,0
13723,0
70,0
65954,72870
79720,89415
2,0
16557,0
1,96
34,0
1,0
1,31006
65686,113444
552,0
102,49217
2,0
53253,55543
1421,-3618
7,0
2035,0
488,0
41,0
646,0
5356,0
62880,64903
96,0
2509,0
21,68242
10,51323
1397,1398
69431,69746
1,0
1254,0
7061,12553
295,0
2,9866
443,0
16,27496
491,128919
9,0
125,0
1,0
3,0
19,0
1,54369
12206,0
41,0
4779,13221
913,985
88226,88240
2,0
137,0
557,50314
125,0
1,19913
329,53899
96,0
1,0
111,0
384,0
18,0
8067,0
916,29549
48,0
49,0
1,0
61,16650
5,0
1,93921
27,0
404,0
1920,0
2,0
87140,112111
9,9692
462,0
7,0
20,0
2097,0
3,0
1,19
52504,64895
2343,54585
12,0
357,42235
285,56871
162,107170
6,0
5865,5928
89662,0
2218,47043
173,0
13998,0
1,3697
48148,0
1553,0
65,0
6386,0
38300,41064
1,0
112,26174
4,0
2555,0
19,0
123,6992
114,27613
47,44074
639,0
8,0
146,47953
25,95
3,55265
69,0
22,56026
162,389
34,0
2,89527
45,0
13562,0
17041,67351
365,0
6,0
89,0
1,67834
1224,0
1,0
13717,53315
1,19
1,0
587,0
4,0
116,0
51,0
865,0
2593,-11987
30371,34467
12,0
70,70
9379,18899
2,0
3,-3
25361,67425
72972,112757
23,74200
2011,0
453,0
1,62010
364,2119
442,72537
796,805
451,0
1,469
47086,55826
1,0
373,0
10,0
4913,0
1224,0
1544,0
53,0
834,806
21,6380
353,0
1314,0
20,42015
21658,0
5398,0
7934,0
833,0
535,0
2,0
2776,0
476,7584
4346,50168
2831,0
1440,0
8,0
2,32778
58,0
1,27690
92586,97486
21,45466
287,463
128,57738
1,0
3,0
245,0
23,48633
1,26477
143,0
3,0
943,0
4510,46241
100,38383
210,56082
16137,0
40,0
31,9830
1,0
9285,10984
8392,0
18,18
43712,47892
82753,89938
270,0
16254,57526
171,55297
6,0
45,54060
25869,89185
1,0
1242,59432
12,52837
571,0
57,0
22,0
7298,0
2,0
1010,0
4,0
50,0
134,0
3419,0
3,35313
86,0
175,51003
61548,0
3,0
12,80126
17547,67156
20,0
26945,0
2,0
627,0
18,23012
2914,0
48,0
347,0
47247,51668
4,0
1620,0
23,2028
50847,71471
5,1280
117,0
280,42370
45,0
4,52046
1,11197
5,56533
1,26252
15,42468
3089,24212
14811,22040
105,0
35,0
522,43671
7487,0
537,13853
1,1
26408,40251
36,48674
52376,101379
254,78069
725,0
3,55630
344,2954
1881,0
18,65262
1948,0
45724,89239
12,104387
3,0
126,0
257,82166
1,0
263,66804
381,0
2793,0
30933,0
2,0
7798,0
1,0
1,0
7936,0
1,45562
5,0
14,0
3,0
51310,47453
3,0
647,-871
64530,31235
30656,43117
17,0
25,0
43,65297
112,0
695,0
26,0
81174,87927
2385,0
24968,38602
51,3924
12,0
10504,11376
2,0
14,0
32,0
48,1901
13393,52071
1,0
1,53533
1737,2007
39417,42056
2,0
13,0
24029,58344
3200,16552
528,59206
51683,53505
14,0
315,0
35,0
349,0
40,64471
18,0
11,0
4,19738
6,0
2838,0
1,0
54826,54752
60,0
38107,42789
92,50517
31230,26921
2974,0
10501,0
75554,94044
30873,37885
35641,58659
42219,58771
6955,0
2,0
2,0
241,0
21,0
77774,77599
5,0
1,17446
180,0
3512,66103
1,59674
50,0
3221,0
4,0
405,99927
14577,0
29354,29354
322,0
23304,74199
2,48475
3,0
1696,48138
5723,115867
1,75547
2499,0
4558,0
240,41324
6,0
448,0
1,53505
4236,0
1710,0
1,0
34,0
4536,85212
9,20588
86,0
16461,0
87808,82368
14,0
82896,83558
3,11216
9,83005
37,0
41640,42633
1,66589
7,0
12,0
43,0
20400,51737
35774,66384
132,15354
1,46557
10801,0
7428,7569
2,0
38,0
1,0
9650,0
458,0
182,70388
82508,90051
238,0
79,6948
82919,104506
43,54451
35,57022
54,0
94,13521
25,0
96,5440
1,0
367,16644
950,-175
2,0
1,24544
108,0
86,90104
3,30129
2091,14946
385,0
11,0
14072,60031
2197,0
4,40071
18,0
1291,84127
8,57763
451,0
1106,0
24025,53142
52,0
1,0
108,66667
7583,0
1,0
1260,0
11254,0
45,0
541,0
1932,11317
12308,71036
13015,13085
1,0
120,53256
20061,0
35923,42811
78,42154
2713,0
6978,0
2142,99229
43754,58647
27216,86876
3,0
1,0
9,0
3,0
10830,0
12,0
2579,0
3350,71480
3,51482
11962,11964
8462,59419
105,-511
1,0
1,0
2,0
12528,15638
2,55703
47,0
955,0
1,0
623,0
1,49117
3131,29516
85,118655
8195,110053
10,101959
18,0
50,0
9,62488
278,53984
6466,0
51630,54195
54910,85205
193,0
36958,109719
91,0
463,0
17136,85517
11630,36734
514,0
1749,1776
16145,16145
419,112677
1,74209
1,10273
919,2725
66,0
19190,54961
10554,75664
625,74574
685,0
83,0
1,7321
22980,115619
25,0
2,0
21,24502
10805,43724
40,92418
590,40636
68697,46628
29,0
203,0
931,0
1,21666
16389,16249
191,57846
532,72568
2,11588
2106,36393
15,0
13,0
408,0
1,24511
61,60333
3857,48591
145,0
3042,0
55,0
5,46346
15694,15694
93,0
476,0
1481,0
40575,53158
44,0
23033,68209
1,23611
4,0
8666,0
2,0
4282,0
240,0
11,0
748,0
34,0
45,63731
45007,95249
55619,53449
5,0
3,0
12342,17163
6784,18092
3,81012
23,9239
30,0
20234,26195
1,35517
211,0
636,42947
1652,44682
700,0
110,0
4,0
3761,0
413,0
6050,0
13723,55286
2295,62009
2362,2362
71156,60089
80,62
68,52541
18,0
494,494
355,0
5420,0
21,0
140,0
1,68630
49,0
322,61323
5470,0
6,0
1,0
1,6227
1375,7576
95,21540
36,0
769,82493
217,40299
19109,0
635,0
693,0
3,48808
342,0
22,19810
30,0
294,74496
1,91590
563,0
325,0
11,0
13,0
7,0
3380,9440
102,27442
208,49209
569,0
6504,54526
546,0
549,0
485,304
118,0
7,79510
3,8569
12798,82351
10,62536
2,0
2958,2146
30065,39824
36,0
214,0
2,51731
6,0
2,104347
12581,49547
9779,4488
3,7521
1,12555
9,0
102,74738
7040,0
77,60759
179,0
14936,0
16,0
232,48435
79670,80680
31,-121
698,59500
4,90581
16705,61587
554,0
1,73786
39614,77521
22,0
3,0
53,0
1,0
2669,0
1,0
7,0
9945,0
3,0
9,37055
1,70990
4,-588
1,0
2,0
26867,38239
1046,1389
33,0
393,0
402,0
3,0
7792,68320
4,27605
65959,84382
49,0
17525,0
31,0
13,5705
7902,0
2,0
4544,0
214,0
38635,108587
1,0
15,4915
9446,0
2332,54330
104,73870
3,31640
30,0
4,0
8,447
70796,89824
13,105499
11,0
9829,0
2,0
107,0
22493,48853
115,35286
66748,84937
11118,65300
24,0
1,0
26278,0
3,42136
4,16984
5,11217
1,0
3,0
48,59758
9028,90640
87,0
2347,0
74,0
4136,6962
2,42176
2,0
7894,7975
21,48246
6,9964
6,0
5,-21082
7,0
52,12153
36209,70389
11006,0
27493,30918
3269,0
501,58776
3936,16556
28836,54534
58,0
39,16387
4,0
40872,10898
5,99418
28053,71959
5,0
3,40747
1505,0
285,0
97,0
1,89128
62824,69319
48,158166
9528,53576
17,0
17253,105359
274,0
2499,0
1,99001
1359,8258
600,0
10,21374
6626,52374
1136,-62238
2,0
1478,4083
72572,71842
26,0
13,70255
140,0
120,0
83,0
168,0
87,264
1,-1143
370,28305
182,0
461,6895
8,55582
38448,37045
1462,0
1399,0
2268,0
5850,-14844
5,55833
12,0
1,28397
2,0
365,0
1,0
7,211
20048,57006
2741,136351
12,8162
9701,104405
2,0
54,60017
20,0
2,0
11,0
6,0
11686,63378
66,0
1,0
80350,75271
702,0
210,77261
54869,45052
4232,0
4579,28528
53,51143
59375,56563
178,47281
2,0
92917,126429
42876,42864
438,0
1,0
121,80710
16020,0
1350,0
19097,99037
7107,4678
8,0
12,0
600,33907
3039,88127
8,0
898,54269
57794,64952
4,0
5,0
169,0
73868,77838
3460,0
12515,76867
12,0
1117,0
7281,42469
752,0
5497,111991
1,0
50,65106
7968,0
1680,12046
11,69184
63,0
734,0
13,0
22626,60352
499,0
47,0
16733,0
10,64344
789,56479
33,32
1,0
5,0
9685,89415
75,0
23091,22718
15,0
34,27
7323,60923
666,0
6,0
197,0
241,47676
61,0
4,0
2020,0
39258,66260
9,0
16049,0
2,0
677,0
213,94303
89189,86446
479,0
1,0
5,26330
2,0
61758,61945
3969,31059
65,65
8127,7711
30,0
10,58873
53,0
59,0
7611,0
1,60241
11532,0
54,0
3259,0
207,0
3264,0
688,0
7,0
159,0
5734,0
26162,25967
7,57576
2,0
6,0
1271,0
3,0
1,0
3,46800
1,0
15362,0
1,95125
961,0
9286,9284
8,0
5576,5576
24,24
864,0
63,0
8197,78662
19586,92765
11,0
3,0
1,66366
55,0
780,0
2,120229
16056,39829
3,80
789,0
20739,0
30897,30897
7456,0
2,0
10,0
20,0
34198,40849
20077,53376
354,20195
5121,0
1494,42102
29,3680
2,0
45,0
387,0
4129,70825
151,0
1,0
4,68905
58436,62520
5,49925
2,2268
6,50602
82,0
814,0
290,0
5698,0
7,10581
3154,0
806,0
373,0
19,0
21170,59659
415,73617
3,0
49721,71503
14,-24969
320,0
510,43100
38762,89396
16306,23668
120,0
1,0
1234,14169
3,46527
380,0
4,0
5716,0
148,59728
1327,0
3,0
2,0
2334,0
5,0
92,0
5492,65339
2837,0
51,27833
207,0
3519,0
358,0
2879,17614
4,0
43987,0
8,59127
44,11140
137,0
411,0
8,0
778,0
167,0
47245,92691
137,64087
10,0
2,0
4027,0
1,41769
495,0
15,0
1,0
45,0
99678,126947
4509,73219
1,-1382
156,0
136,44415
815,0
2512,0
3,0
57,0
10,0
27174,72228
1,0
14506,0
61,65324
3,1070
19,0
3,0
90,0
6983,65373
2,57272
887,68885
400,44916
19001,0
4,4
6,0
1127,3715
132,23956
1,103318
2276,48127
3547,69287
3,0
2,0
97,0
44,71431
359,0
63861,68983
1,12945
158,37500
5658,0
5414,7046
5448,0
91,0
13969,41782
44,17514
614,53032
30564,30657
942,0
16390,0
63279,61449
120,47713
27918,0
3,0
214,1630
77318,119906
5038,0
140,140
23729,0
29923,0
14,0
12084,0
3,0
1068,31677
112,-400
1619,0
2,0
7945,0
899,0
184,29321
16923,45203
5,0
7,0
1969,28002
1590,0
1,0
29,0
5,40281
2863,0
240,0
726,0
20,54497
1,38085
803,0
2,51739
11,0
12707,33736
1,0
898,0
125,126
878,47148
1,0
1,0
5,-8988
6,0
46818,94074
874,0
3,47920
81222,81286
5,0
15,0
7734,0
19,0
3,0
96854,86289
7136,70286
10,9377
8,60929
194,0
166,86072
1519,0
516,0
4888,13919
55,0
23,0
71259,61067
10099,95239
433,28225
287,0
6,80930
12745,0
2,0
5,40
4,10831
20983,21498
6593,0
2,0
1,79558
178,0
3397,3397
83,0
6,-3298
7,0
332,0
9,0
9386,0
1,0
23406,0
829,0
29,0
1,0
896,0
300,-505
3,44626
8224,13580
1,0
29,62965
2725,0
21712,40575
9,0
3,64603
1,0
997,0
7743,61887
38,19010
5,0
874,0
3,0
14,0
8,0
2165,0
7,0
4475,0
5724,0
1,0
152,80531
43,0
8,0
3,0
247,0
67812,58416
43146,107286
52281,67566
6,25462
5,10886
8,0
551,0
1,0
49,0
12328,77956
126,71031
68,0
4,0
11,0
733,0
41,47329
562,0
87,42340
5,0
1,0
6,0
22239,75004
961,39283
56,114933
1351,55664
9158,0
20021,0
5245,0
1,63079
30,52623
2229,23094
2,73328
457,0
49,49
13,0
6,29171
2,0
101,26429
822,0
3,3
895,0
535,2458
5400,69334
111,24428
6568,20499
18,56575
1,70109
219,3332
4,0
2736,2333
27060,28809
49163,56134
1,0
2,0
23,14637
2,0
25,0
520,48247
408,0
58,0
40,30822
10497,13124
60406,53321
1,0
3,0
35,0
14868,15912
7327,0
89155,94380
68,77117
11,0
3,0
10607,25220
1,0
118,43453
1127,1125
2,13940
5,28278
859,10823
42,0
4858,4780
51,0
671,671
56,13990
112,0
4534,3714
1,0
144,0
1,197
4,0
23923,14548
416,0
24831,67168
8,0
6697,0
8526,0
885,47053
3335,8723
20,0
105,40775
120,0
14,13629
246,0
6433,0
144,119993
4882,33552
3,0
91874,66255
1500,0
2037,44201
74034,74026
3,0
60588,60476
5,0
1189,0
77802,97641
9,0
611,0
810,118
69,0
17,0
58,74138
3403,0
11874,0
285,0
2556,0
13,49964
745,0
15,0
1388,0
1,0
69,31771
24228,0
5,0
35171,35138
189,0
20850,29078
10435,0
38459,0
2298,0
978,0
1,79774
9635,0
59,5045
6,43169
4611,4611
687,0
2575,0
673,0
8608,6356
545,0
1,124205
2,0
29286,53856
4,0
1,0
425,57062
2071,25540
13,13
5648,12508
219,0
349,2214
3352,40725
1,0
1600,0
600,0
12,0
7386,7393
15,0
4,51301
2,0
84,-20973
1588,1955
35273,95628
7004,18658
7,43928
600,0
32,0
1171,0
6182,46608
2,0
487,0
1,0
179,16491
1,0
87857,79734
17,0
82730,120633
1,48845
16876,16887
44470,0
6,0
462,879
4,57019
6,60312
2,28905
39,0
8920,85694
3711,0
950,51529
215,7125
9304,40906
94,97145
107,57983
2307,75562
4,0
51,0
7,0
2,0
48719,50182
195,0
7,11865
1,0
205,0
1519,0
44916,49349
316,65493
11,5546
42426,0
1821,0
20,0
15,4082
5658,47790
91,0
8,46656
37066,38009
18197,25279
233,0
3357,0
2502,42967
18790,21094
6723,22765
867,55855
1,20752
16,45989
22,32349
3,849
582,0
7750,0
39280,43629
963,0
1,0
19785,8368
1,0
49,0
3371,43237
3,0
1,1
252,0
13,0
498,4825
2,112742
21024,13877
1,68142
27,0
8,0
1,20371
1,0
8,0
6223,0
20,5663
21960,0
195,51124
94,67768
1,0
2902,0
854,21578
1,0
7,0
38,0
8662,0
54264,66960
136,67099
1,0
1,4230
8,14494
73,477
2112,98420
1,-622
236,0
6513,0
8068,0
92677,123486
144,78515
3,0
5132,47023
31979,0
426,0
2593,0
1,0
14,50800
3,0
43,0
1,0
1103,0
4385,0
740,0
118,0
1,42370
1673,51780
2,-118
2,0
17736,15581
4,-6
152,0
918,0
1513,0
19465,42285
1,0
2,84972
11324,0
44,0
54766,51040
3202,0
95552,106675
248,71277
23696,27342
1,27178
19,0
28,24458
9075,37470
1,30293
31,0
4,43964
2,12354
1719,0
704,0
109,48613
55,73875
24,67279
1050,60114
62045,71832
2044,0
63,0
60,66
1642,74884
45488,45491
13991,19508
94641,103960
307,1028
2,0
1,0
395,81782
755,2734
10,0
31218,42687
5,49712
1351,1282
1,0
2,57239
18505,37637
544,0
4,0
2046,0
18436,34464
1,13255
7165,29378
2703,0
1,0
8822,21991
1,101795
8,0
199,0
2500,0
184,85498
18251,21701
2139,0
488,0
30,0
33,0
545,0
1,2223
1,0
6073,26571
8,-49750
5524,64721
285,0
4117,12502
38340,0
5,0
187,0
52114,87268
84,60510
12,0
131,1519
1,0
9786,6413
99899,103721
342,0
30,0
22923,45120
9,0
5881,53669
6,94773
236,0
24445,53769
464,76855
15789,0
2,31468
53,4540
8,0
1059,0
25,0
2240,-5496
458,87752
10926,0
379,0
59,0
137,88591
2,38758
387,0
1,29299
7050,69248
26674,26675
27,0
1,0
9308,0
9,76682
11,0
95,0
1,42765
2142,59223
1,0
99199,111686
142,0
32,0
16,16106
13393,-28554
14,0
34,0
7,127817
1808,0
1002,52550
409,78996
61124,66569
17632,57083
1161,0
3736,0
2697,0
1198,0
286,15725
94,94
408,0
102,44772
7842,0
13170,0
134,1611
22046,122526
22713,0
94,0
1,64913
29,0
826,77435
2424,7679
28,0
383,0
743,94211
25,0
9,0
8,0
379,0
2828,0
2,89975
2,0
28042,0
21407,66474
98,83901
10,0
43639,84402
150,49552
121,0
1,0
335,0
896,0
33280,36224
1117,54717
3,0
781,45669
7,0
1082,0
24163,0
73,0
58968,62575
15313,15209
13,0
23147,64173
1,0
41327,48542
8,0
90,0
13,67586
26,0
238,0
191,2495
2,77742
10116,10105
23,0
102,0
365,0
36631,40395
76,0
8,42822
50520,50526
85,0
78048,157594
1,0
8625,33299
92241,83727
7283,0
2527,81534
73,23844
95079,100747
2,15966
816,0
33,0
3,66136
4796,0
15,11301
17297,0
1,0
9784,0
236,0
1,61483
273,0
6,54479
3,0
589,18269
1,0
284,0
2,58075
27,0
2893,5553
1,86174
19,0
8,0
1746,0
145,0
390,0
19620,0
12,0
1,0
1,0
3,0
322,-4319
1,0
14,57503
7,0
29127,73024
3,0
61042,60195
1,0
1,99651
588,0
302,0
2,18699
32105,36774
7,60565
104,0
8,111974
16562,0
101,0
4909,0
183,71548
2214,0
52,63639
2523,0
44469,59890
10357,0
57,25760
1884,0
2000,7401
7,0
76,0
786,0
45138,47742
4125,53738
42,0
208,0
222,0
45208,116761
36884,35960
2021,18652
30334,63452
465,0
1,0
17,67080
3,7099
398,0
5,0
25,49223
150,0
1,0
29,0
1,0
12292,0
31,0
730,0
144,0
3,86468
27,0
32,64095
69,46743
286,0
173,0
17,0
17175,71297
1151,85873
74874,104704
668,16914
51,1578
433,51968
3142,0
46744,69660
17,10551
44903,46463
4975,7465
16183,69079
39260,45572
1419,0
2,0
513,57729
63,0
1123,0
1,0
7,0
1430,60876
23634,34606
64,65258
6393,4041
826,0
3,27167
28910,32845
34,0
5,0
805,42144
299,0
4,116657
99,27729
15,0
5,0
1519,0
4,0
59552,67398
10164,0
5763,6552
4778,4863
2,0
1,0
1,0
1,60729
190,50547
1859,50660
10139,38461
1,0
5333,42690
50241,98955
6169,6460
125,0
14,0
1198,118916
72669,86255
10,0
7,70768
80949,83854
9,45177
1499,0
52,14278
5757,58432
2064,0
84,0
704,326
92,0
1447,0
156,14714
111,0
78,0
105,0
11047,0
22,0
147,73135
478,0
13462,63112
24,0
2587,0
2,0
171,0
2,0
16,12672
85,0
1603,0
4847,18943
3172,29746
4,98498
1271,57994
7,0
84,0
56061,53416
73568,80008
633,27617
2,53479
51,56283
29,0
48,0
1757,56573
197,78066
1,53556
1,0
36,0
1045,0
38,0
268,0
55845,63671
3,0
9328,0
1,46717
3,0
41615,68249
254,2942
18601,0
5279,0
526,88262
2,0
38,0
1,-7243
1740,0
22206,58576
13,0
1,0
13,55748
1,80315
139,55989
143,41745
10,11519
6,78385
2,0
9,63402
158,12745
1381,10956
7,0
1,0
133,0
4395,8482
1568,9263
1,68487
3,0
8679,9984
566,40595
43,65375
508,19688
1,64455
203,0
124,0
2,0
11992,16039
411,0
16,100070
77132,76443
37,13735
1,0
887,0
9013,9012
1,19405
2,6418
798,65103
27488,15043
1,0
3200,592
54270,55885
3245,0
15276,77103
1915,0
17,0
19,0
8806,0
22,0
11959,12140
114,98559
17,0
21508,0
20044,0
22,51810
29721,82231
126,50438
5,40109
362,49683
1,0
36,0
82,0
1412,0
10042,0
12,0
2,0
1367,0
831,0
13,58405
118,0
1509,6423
1,41879
5,299
2,24
1,0
1043,66378
1331,69431
3323,63885
68,0
7,0
4,97998
25,0
302,0
3435,3467
14063,0
2555,2555
172,-8587
3,0
23,79374
30324,30394
503,4454
30269,70306
1,0
24419,55018
2900,1075
22,0
22,0
32312,0
719,0
449,52566
1237,135978
2328,0
376,123787
18917,18919
4,0
58,0
2,0
6718,0
7391,0
2114,61098
13,50352
3789,83407
7959,0
30,40180
17594,0
1,44541
27052,47340
41114,41533
71409,71683
467,100145
1389,0
271,0
21,0
43,27965
23423,37950
4986,52838
89138,100496
19,0
62,0
6924,16245
27,-265
4119,59873
3,0
15121,21617
544,0
154,0
6712,0
1597,0
433,0
136,136
687,0
2567,0
38,60802
1069,0
1358,0
13278,0
2,24
4097,0
1,76762
2020,0
81,0
52,54
45249,53684
1,53048
32321,41007
3,0
63,0
5,0
80764,78619
89,0
65,56773
11193,0
61,0
1,0
44,0
304,0
819,0
52637,100239
5549,0
64,55766
12,56027
10,0
53,0
295,0
68031,108496
54101,49629
4,0
1932,28687
3196,78929
1,0
1311,0
12,0
13,13
3069,74190
48,927
51685,60321
9103,6852
2,28371
46783,46783
119,0
1,507
775,85855
1977,58332
3,77246
1,0
6135,70696
24,51
36,0
14,0
2,0
9,0
4,0
73838,95005
1217,1216
94,0
5,0
98555,102292
86,0
1,0
59743,64893
64268,64043
3276,0
152,68008
45783,55086
6805,49954
3,101370
467,0
1983,1983
1253,97514
85,85
3344,0
273,0
1,0
26,0
26,0
1549,8259
481,0
11,0
142,0
6,0
1282,0
11108,0
79,0
716,58323
10887,0
181,55043
17,81272
1104,0
18,0
6,0
52443,112078
59,-2640
1,0
78307,83641
186,0
42,0
3,0
4318,90139
40,0
38904,47289
7,15854
1195,0
2860,71346
16207,61240
75,0
3338,0
4,0
1589,3484
26,0
6096,0
997,0
5048,0
60502,71467
20389,59429
26,1669
3,0
23,84040
21231,0
2,25648
21,0
18135,15103
42322,42334
61,0
126,48874
161,0
32,6580
205,19439
1,0
14044,0
62854,71638
304,0
11145,0
27348,41953
365,73313
84480,82633
1,0
2,0
488,18349
5,0
2,0
28,97162
1041,0
24,0
299,52976
561,0
6,0
98,0
4,70521
1681,10763
32,68655
1,67178
13,0
1027,0
1,0
1,32436
17,16052
11,0
13,68819
56,11306
1,0
9,0
2,-1207
11313,55333
41,0
11,49420
8947,0
18459,56117
93,24093
24134,0
24,0
1,564
4771,67548
2219,53707
1,5643
74517,114435
10,0
997,81668
20378,11168
22414,27843
16,34786
32158,78957
31,13672
48,46812
246,0
35010,27683
13,23105
6,12041
14367,0
170,0
2724,98998
5483,0
17075,60320
5,0
2,0
20015,26469
6,0
9204,57038
57542,57439
15,0
6272,71604
32,30348
1,51
15,0
39,25938
22,30927
21,1984
607,1310
796,18788
1,0
12317,64641
1746,36508
54,0
57,0
2,1776
4,0
29122,29574
5229,0
26,0
118,0
88964,110088
824,0
1,0
54604,53764
5,54236
444,0
5,0
551,0
550,550
4,0
6617,7228
106,19620
1733,921
767,0
2,0
49171,60517
30438,27594
1,0
1,0
6,0
930,17308
2084,35506
765,14991
5624,0
1383,72347
1,0
57,58325
168,0
1,60488
54738,54499
68728,71358
121,0
200,110793
273,111533
17,0
4,61446
25,45004
1,0
2,0
8718,19138
2,116381
3832,0
1,69341
124,0
22,0
65,0
1,0
7038,0
16,36926
4,0
14,7274
14069,65122
4220,68206
2,0
12713,0
24,0
1,0
13,3284
22,0
3,0
4,0
2911,11333
231,0
1005,69501
5,0
31,0
53180,68674
4,0
26,0
46966,69988
1122,0
15732,0
67853,0
8,1540
1,0
24280,54750
1887,91075
3,0
146,15346
12,0
1,23742
811,0
6,0
32318,144137
2260,8783
3,0
2865,0
49,0
2149,2149
70004,82767
4,94109
1,0
4899,0
53722,122140
1120,0
85,49022
9,77273
62,16163
13,0
70547,80979
122,0
15876,0
154,14347
34,76249
369,62646
86,0
20734,-3283
297,0
1,0
52363,44105
1270,0
17383,0
8804,25812
1,75688
2,50277
539,0
276,0
715,0
44458,57280
1,68531
1072,84146
604,0
166,0
37,0
6646,29955
585,0
2,65271
1,0
713,0
1715,0
1465,27633
17,0
26391,109658
207,94123
9743,49317
5,0
3,0
17465,0
49,0
15,65499
13,0
5,24527
32,1748
4103,4103
31,104007
23,-2392
12,0
2635,0
14652,15174
1,0
30765,29375
1300,0
139,0
7,7
37,55499
20261,93758
54,0
2,0
511,513
63056,55522
27,0
16416,0
41673,78885
51,0
20,0
42,129774
65867,0
24,36867
11,0
37585,51154
102,0
1579,0
8,0
1700,0
8146,0
111,0
11,0
4041,59711
1,25435
164,0
27,0
68,0
5,5
343,0
5574,54467
1,0
12370,68560
2158,0
3,54849
48089,54423
10188,9061
1,0
19,57990
78,0
54536,104727
81,0
13,0
62021,75580
115,53500
74537,82525
35,59717
51096,0
138,0
38984,0
1138,0
11,0
89,105366
8163,85825
84,0
33237,77052
1062,65144
1330,0
2,0
2,0
1317,35596
39333,74631
1904,0
68,0
916,0
18,54949
336,0
17,88930
4,0
22,44608
2,0
82,0
46,66699
10481,61776
3118,76378
57,55641
5,2387
17,0
20,0
1,0
3,0
53,4108
49577,59800
12,0
30155,46934
286,0
708,7990
1,56365
14,93236
9,0
25,17984
4,0
35288,0
6,50447
5918,5912
1,70173
4231,0
19068,79357
38,0
4,0
125,0
1,0
6701,50184
3,91129
10568,18526
8,0
23702,99875
852,74299
1,0
1,0
3887,0
35,68119
38,0
1,0
66193,65373
14,2315
79336,112610
86,0
226,0
2,0
2515,0
222,0
1,0
45332,64861
87686,74631
48168,59495
232,0
4,0
1,50289
2249,0
1341,0
25,0
45429,49622
3,0
715,88670
1,14414
785,0
8003,64195
117,0
2166,0
1207,50746
83054,80522
57874,69319
10,0
243,75771
73544,73305
11377,0
15792,64314
9,0
236,0
1,0
28,0
47,45622
12,97068
144,7252
56277,70094
1,187826
14782,53768
4,0
21939,27868
3373,0
3157,0
481,5120
65,50032
62,125143
87,0
76,5660
7,0
175,0
28363,-32200
1792,98570
6,68346
73309,70180
10435,10435
149,0
3029,36852
383,0
6923,0
105,0
1,0
2,8
1467,35211
45382,78972
421,91072
1287,0
27,0
53159,78810
2150,0
2130,112457
1271,0
1,0
5310,0
1133,0
536,45318
64238,64592
38231,38231
97,0
497,0
15558,0
2,0
543,0
923,3342
51,42691
33,0
13186,16834
17630,0
38,0
454,0
7961,0
4751,0
83,0
14,0
79,25463
3,21415
5182,23433
1,0
6957,53465
1,0
5081,33926
1,0
163,0
3538,60083
325,0
13795,0
20600,0
33745,120813
491,0
77,0
16244,119992
390,0
18,0
77011,106447
44498,50896
37,61404
123,0
258,95197
16,71847
778,0
3192,3192
7298,7282
72562,88331
66,4643
27007,0
44839,68343
9,28727
5624,0
38,24769
191,28362
10334,0
27950,58599
3,0
85,8148
9783,9704
6832,0
965,0
15345,101924
2,0
366,127306
159,0
39076,60094
20,67187
48955,120958
2794,63241
11,0
152,0
107,0
31,0
1,0
2698,0
11,0
7919,0
5,0
20,0
69618,60588
2,5981
1,46137
13099,61196
725,42502
896,56520
2,0
503,6768
1,53880
744,0
58119,66610
71,41056
20723,0
4,0
4,0
3874,0
804,61911
91,0
4446,0
3,0
8168,0
203,13854
1,0
2354,0
1322,0
166,0
8067,54428
102,59635
18,0
7086,20403
514,0
2,0
61465,61394
2,0
14052,0
2177,53406
389,0
1,0
220,0
40913,0
43,76417
44,84713
8,65061
37,0
4807,0
16168,37220
733,0
14,0
5,119249
31,68367
2,54462
12452,0
1,0
1,0
246,246
192,16293
1,0
59,109148
6,5964
2,0
11105,14935
2012,1895
16,0
20,0
1,56334
16467,0
115,0
4923,59641
31,46075
168,70157
6,41112
686,0
41224,31101
10868,0
6331,0
105,25796
15,0
2252,66320
48959,0
8179,0
22589,148917
333,505
12,0
57815,67058
2111,0
4125,2923
1,0
33642,0
960,0
41,0
1028,73631
4,0
11825,76959
50,0
2,61740
2157,2136
2,0
38488,95970
26,0
29195,0
79,69468
14898,14488
43290,0
2823,59075
3,26679
275,46036
30206,36421
9,82791
16,0
1,0
7,0
53,82944
121,18598
68,83
11,0
19,0
93,0
28,0
965,0
20,0
8309,0
343,0
3,44186
76611,78924
16342,0
1,15817
5801,60741
460,0
2950,0
2,0
38,0
38,0
50,53592
1,96725
58,0
1,0
768,0
429,0
10525,50932
4,63871
13658,0
12094,0
1166,6109
410,0
3,0
11,0
3056,0
98,99
3,74287
11036,59856
13,112929
5582,63436
22,61034
1,0
2,107991
22934,84574
2904,0
56507,59234
17277,0
2,54714
4737,0
37,8259
312,0
6,6621
3418,90434
19561,48875
1,0
72,0
1,99775
7,0
2439,83132
21795,68745
262,0
126,0
144,0
68704,61071
29424,32086
703,42174
13818,0
839,0
28,49393
33,0
99,71915
26730,0
12712,38099
689,0
1,27264
38,0
47726,54605
255,147361
29,0
1360,69570
2480,0
2901,0
91,0
208,201
22,0
119,0
11993,0
16,0
10,0
24,0
84,0
36213,64814
3,0
59,0
12,0
17825,78233
504,78098
3,0
77946,60377
2,0
2,86289
12,71425
7321,0
80,0
37041,0
1167,1167
43,126570
3,0
11571,37029
1565,0
151,31521
257,81941
24464,0
1,0
5,0
9017,9538
1,53099
69337,59165
1772,0
139,0
5858,0
487,0
46,0
1,93758
39815,0
275,44024
5909,0
120,64364
32,3355
5,0
7586,0
9332,103959
327,0
7,0
333,0
120,0
39633,40031
1,0
562,40233
1866,4828
2,35359
2417,0
138,69610
656,68431
15771,24080
32605,0
1,1090
1,63674
7,0
133,30931
12915,0
727,0
162,57686
314,0
40,41
471,60698
25174,17710
6265,64853
200,0
76,0
19749,120152
36189,98628
8631,0
1220,123387
20625,0
1618,0
78707,132589
1937,0
303,39753
4095,0
22751,22900
1,0
69,0
94984,95392
51,0
1,0
2,3209
7003,0
4,0
1,0
186,30943
2343,0
10,0
24303,22706
41,0
6,0
32,0
1,53298
17903,49861
70598,0
479,479
4,55312
320,0
4,0
9446,51361
4,0
28000,83760
11272,59526
3179,56115
5,0
41426,61932
43,99927
467,0
165,121531
584,75530
10686,13269
6,0
171,0
3,43469
16,84855
133,0
2,82727
846,0
164,0
40782,41343
5,0
2042,0
35513,0
17,0
1977,0
28,62203
75720,76294
10818,0
429,0
5,54853
3596,0
212,0
9,0
6,0
7,92022
5,1048
18,0
1,-10033
76003,74176
2,0
2,0
3,0
6019,40369
23,0
386,0
99464,89750
18951,20769
16878,33543
615,80414
298,47597
133,65625
420,41047
1,62956
10,54662
1121,99475
207,15385
78845,104626
381,381
1,201
19481,0
54709,89091
397,61511
1,0
19,0
16236,72335
28,24175
63074,87107
17,51548
51159,51159
2,0
4,0
1,0
1113,0
56,47285
9428,0
1,0
33927,26108
853,0
4307,11876
1987,0
148,0
3,63951
10,0
1,0
3610,3722
5,103104
108,0
91403,131737
504,0
3257,3257
6,0
4635,74972
1,50289
2,0
3,13711
612,131212
3,0
175,0
144,7277
8,0
1,31459
627,56138
32992,40357
183,0
40,59501
82,0
37745,38049
1972,0
108,46501
667,0
612,0
52,41742
8845,127784
45,17175
74,0
12195,0
23,0
75723,51944
535,0
1896,54407
26103,26103
69007,87574
3368,0
9,0
30609,0
91,0
1,0
285,0
10,0
9,0
36522,0
109,92386
3,0
316,51315
1260,1209
23641,0
8,0
5395,0
2038,0
25,0
13,0
5502,40929
474,73592
75554,73168
3,0
11885,0
52404,59616
1692,0
2969,0
25,82030
15,0
3,0
32691,32691
7591,0
29,0
1,17020
18617,16972
2101,0
598,0
43473,23497
68,71860
74,97702
107,0
7,0
1825,0
3,0
9,0
16,0
3606,0
312,54305
897,0
418,0
21,4131
12,3839
84,0
3,0
82,0
4458,0
2,0
1,0
174,23619
40,41
9605,60046
41609,0
56729,83108
6008,0
333,47348
44,16481
6,0
551,0
1,0
363,10167
5,50024
4687,24777
36327,35775
17143,0
29,106488
38,0
23,0
94823,123681
763,0
1873,0
46916,56423
5,0
2766,0
3646,4360
16358,0
1518,0
51,0
6,0
1568,0
2,43275
712,0
232,2172
140,0
1,71249
774,0
258,56647
12,38790
30383,48763
947,23996
19951,64900
1,0
4,0
246,51595
1,0
46,50451
445,0
33,0
487,0
9248,40112
1,104002
108,44922
2,0
190,0
9290,65521
84,0
1010,0
8,670
9,0
36731,0
21941,81203
85996,88228
98037,111644
35164,0
30411,0
51019,47644
2182,0
19,0
21008,0
12,12
11175,84201
2,0
76,0
56,0
3822,0
722,0
7175,0
2174,0
1121,1121
44,44
21,70917
26,46349
10461,0
67,34669
724,0
2176,52708
229,0
1,57261
1510,61779
1151,67897
76632,94050
17,0
1,12504
82720,81393
4315,19118
23200,0
1,32341
10,9
808,0
3,0
2123,0
13,0
158,0
22,0
82763,130228
71077,68422
1,116396
3105,0
4960,0
7,75909
1175,0
46442,60292
753,64079
19778,33282
1000,61340
481,0
5,73645
824,12860
27,14718
8,0
125,12359
1782,0
1242,29249
10,0
16,0
366,0
1,56638
92,959
1303,24924
16476,59929
273,0
386,0
1,43849
232,51617
2081,0
1,54682
16165,16165
267,0
81,0
1019,0
1545,0
7377,1824
14,44181
117,42220
97962,127292
1,0
2275,116344
4,0
46,-281
5,0
2822,51242
180,0
38306,46692
58,0
2172,0
1,3114
1073,0
9,0
1,0
127,59455
33128,82905
855,16090
1,55050
30107,69754
2649,0
2,0
17264,36814
2,57751
5,0
646,0
2976,63960
1729,0
6,56562
2674,112484
508,0
1695,0
72,0
6,0
10,0
10,59220
16095,0
29889,29851
1,16239
145,145
3,17106
1,0
1007,0
2612,0
10674,48226
1747,0
81,66621
1045,70034
197,41007
63586,81706
3076,0
1,0
3096,0
46,13
4431,0
32162,97779
5,0
700,51679
75518,75518
7198,37661
169,57397
1,56838
18,2845
8,0
11392,0
1,0
926,0
101,0
83028,54214
7732,21850
789,56984
1,0
430,0
921,0
5157,63240
1751,0
170,25171
4,41883
17,0
306,0
4,0
2,48867
5,83083
9,78912
86934,87134
281,0
54757,54718
1,0
134,67909
33,69334
1,0
13,0
39578,66700
16,27176
85800,68513
2,64157
4812,0
70,70
22923,0
8331,0
1,0
79951,89683
1259,0
2548,0
45,0
2776,19446
236,0
2,119166
893,0
1,0
106,69146
1,0
23,0
139,0
904,0
59,0
18611,18472
1,0
9,159675
23,23
1,0
591,54042
75584,77602
1434,0
4217,19781
34,0
2,0
16,115001
1074,0
1442,94481
36382,36448
1,76590
16,0
205,0
162,0
6,0
127,-724
193,11929
19916,0
18,50443
1,35379
16296,81705
99,0
53,0
30572,63314
1,0
56166,59635
160,44176
1718,0
810,44004
11,0
2458,0
4,5920
565,0
3561,0
179,19481
1,0
87814,79129
60435,0
1,0
991,0
9,0
176,0
61880,63192
4,0
44,29864
5013,8126
11203,0
85605,113187
91,0
46833,62246
54,48091
6,70659
52603,49561
19,0
8,10666
3,0
801,0
4689,0
3325,0
61,0
982,32281
905,0
1,0
75,19463
8,31548
31752,31278
2864,0
5762,0
90430,100048
5,40596
145,1420
320,77965
15084,0
1774,0
7840,67388
52,0
159,0
8,50444
390,64827
14,0
3,67454
187,0
11,0
1730,0
19952,60864
250,68938
8,0
17,0
248,0
30,0
74,0
11,0
10,0
1214,0
1,54144
942,1100
133,0
463,0
46990,146722
139,0
1,0
1,124570
94665,98849
10,0
182,53700
16905,32147
37,82474
17,0
244,0
15480,0
2108,56409
59,0
7,11526
131,0
12,69334
3,0
48,0
43,0
376,0
3325,76153
2197,0
97,39729
13,0
1695,0
7131,80788
8,8
18,0
7,0
1758,7608
5,67342
39280,66862
34458,41996
16,53024
2,18919
8,83543
1,0
198,0
1,0
5,40694
1,0
4,0
48753,44633
6803,0
1602,0
1421,66517
1,0
1,0
7765,0
56,0
19236,0
11,0
2,52771
1,0
8,10294
6316,0
1014,0
8368,3036
31,0
135,0
13,374
539,0
3,0
947,0
29,0
39410,74057
6116,0
2,585
2,0
9,89727
5,0
1491,1569
43,0
5,0
319,308
487,2751
4506,0
1424,69515
814,54962
1,0
5676,29727
5,14924
227,46622
12458,51637
9138,10191
42264,60462
12745,0
28020,40290
1,0
25,51269
800,0
17,0
4,0
459,26258
40384,96805
123,0
1,0
29,2336
130,0
4065,1683
23232,0
34499,51538
36293,0
479,0
7,0
7,61723
25532,20195
38267,127796
217,0
1630,0
1,0
71194,92216
6,0
26,0
2380,56454
1,0
1,0
24,58330
10364,0
69,50003
2,0
21828,0
1,0
9643,72024
1136,66496
27290,25979
237,5199
9442,0
11,0
1,0
374,0
88,0
6,0
20029,84191
3,0
16453,0
14,0
47257,58312
1051,40761
708,0
1,0
33305,70263
73,0
70,0
18,0
1124,0
2,0
13473,0
19278,66628
15154,30422
52,0
3092,40803
279,0
1,0
1315,0
1,0
19355,54431
2,53554
42201,120573
24,0
3063,0
1,120117
1919,49586
83,0
2,0
899,0
6514,-1147
29,0
5,0
14464,6379
10942,0
3,48925
2250,-7143
8,49132
42,53054
5,0
169,0
1422,0
304,20807
1,0
9100,8888
1755,0
48981,81918
74,56292
2825,0
12091,26204
31384,49654
3,0
9,0
3,10915
85004,59720
4,15876
1,68769
24,71467
23124,0
61221,73911
10,0
87085,112666
16,69717
1981,0
17255,37677
5845,0
1479,0
1,0
1,0
10,11151
1,0
19,0
2520,0
142,140462
354,0
8,0
695,0
41749,43719
268,0
1,0
3,0
15,0
2953,58492
20,32538
2865,68761
1121,0
2,5179
1,0
17016,53957
1691,42108
3,308
52,0
36,0
68,0
53490,72985
194,0
50,70889
15351,15345
3,0
1,0
1,0
36750,85463
53,131534
155,25943
8801,8465
925,32167
130,0
6041,55417
765,91797
6247,68827
523,0
1,0
9023,8873
13253,56595
11090,37217
66847,86422
17,7774
79656,79830
69137,85825
9,69337
1736,7027
783,0
4,0
46,0
2,0
1477,0
53643,76521
21,0
265,0
1,54871
15435,0
4527,53379
7127,0
172,0
1,0
8,0
27327,0
11,0
230,0
2,700
5,0
31,61583
139,0
2,73015
2,2
1,0
579,595
268,0
617,3925
80019,94013
7,0
62,0
22204,61091
38042,80096
50,0
85,0
4692,10162
1,0
38,70212
3,24375
1723,0
4,0
13,0
418,419
40472,32699
11548,12809
21,15725
29,49702
9016,55889
738,48380
1,5775
1,0
194,0
22312,25995
1,0
31,0
3,0
2,0
14,0
1,-3
1,0
112,0
3352,3427
331,93597
15630,0
139,0
20389,117138
18734,77929
2,0
970,64911
180,27653
23557,32175
28032,0
39,0
101,60929
1,80582
1,0
33141,82534
4,0
16,0
4456,28426
11,42847
2974,2881
83567,115132
32712,18207
4,0
31976,28890
99517,96347
21371,22606
1,22434
15,12271
1632,0
4580,0
16,63022
1,0
9,-5304
105,0
3873,0
2676,0
163,67391
56639,57735
113,120731
9,0
5,0
2,20613
6,0
3,34488
3,0
124,34188
1,0
13,24963
10,58756
42722,0
90434,105878
30,0
12964,0
3778,58563
4011,0
1011,0
2066,50597
436,0
20488,89602
87662,100036
1,0
36,18058
11017,0
3,63667
996,2293
17,0
7,13
739,0
35,35575
7,0
2319,0
28,0
22,9241
1,47881
320,0
20348,21128
3150,7839
1,0
6352,10978
450,0
16580,20942
7126,8032
1,74852
3819,0
5065,37952
51883,48968
10,0
228,5947
2615,51753
2,0
1,0
37367,0
2,0
129,112072
4,-135
14426,29926
21,47602
1,21183
311,0
17106,0
11,0
98,26174
35988,121873
1,50187
10,64337
1829,83621
1,0
10099,0
7,0
19714,82087
32104,65571
1506,12495
6865,0
26,0
3,-14358
17,40389
23,0
2,0
57,107658
1920,0
1,0
2886,0
28260,45493
9,0
5,45884
6206,129775
10,0
17239,0
17702,88688
2218,0
546,75089
1560,0
248,0
37135,70101
24,61902
95,88202
19800,24794
1,0
207,0
2,0
37789,1111
100,0
19,19
13267,0
7,0
48,0
3,112545
6075,0
24,0
24443,0
352,0
7,64056
1988,0
16196,33937
10480,20170
367,0
346,60378
2185,0
14397,0
167,29642
102,57342
4,14014
57052,118474
299,0
20,0
12,42726
3,20023
18487,56805
1,0
3122,12781
84,6133
20,0
781,0
21,100924
5080,118806
915,9155
84,0
1,0
1,0
11118,0
1140,45219
165,0
398,0
72422,89339
4,36993
42,0
78481,80259
1529,2769
2,0
6504,54755
27441,35071
5,0
4,0
1,0
1521,0
4745,0
176,0
6461,0
367,268
57976,49580
8,0
17,69035
5676,0
779,14330
163,0
10,0
929,0
54,0
2,0
6,47696
2,86852
163,73759
1582,0
1,0
14616,80149
61855,102135
1124,9339
78778,78709
47,0
48016,0
15,0
223,0
5217,70026
9,0
11378,0
9,0
3,0
628,0
1354,0
1,0
3,0
1299,41496
326,1853
1,0
786,59471
39,0
2912,0
51025,28605
249,4327
36040,36044
4546,0
813,0
480,0
30924,92701
1487,0
95,0
322,9354
3,0
5,69947
2458,71076
2,79528
223,47007
76,79101
765,0
2211,20459
3559,3597
317,64346
345,0
6850,18948
10,0
2,0
1,0
4004,0
2,0
1,0
189,82360
49960,50096
664,0
93,0
212,0
12,0
2203,0
177,76607
132,52954
6,0
1811,26350
46527,40137
16870,72714
621,17412
67,0
2887,64061
73825,0
74,0
55074,97894
25371,68966
1311,0
10,0
42558,82275
60,64263
22080,0
12222,96258
5,0
4,55425
14,69688
9325,24574
3073,73891
20297,18985
161,0
14050,13791
4,30295
190,0
48395,96202
3717,3395
2255,0
116,66490
108,0
1,8239
58058,58082
72,0
1,0
7649,20175
1878,0
55509,82890
57,0
342,35032
3,26452
1126,-25387
7271,55950
7,0
94,257
11,0
1,0
6,8425
419,0
1734,0
1,21793
296,0
7,0
1412,7430
193,0
8924,34663
162,73451
1,0
79,46293
35574,99158
5966,0
11,0
3270,0
267,39421
132,29691
1043,16564
16,64897
330,54179
50,53833
2,102050
4,0
9,0
7333,65233
4150,19904
1781,0
2,0
2,0
14,41632
84,0
39635,29735
162,0
4404,33849
5,0
1,0
46,111654
36350,65203
10042,10114
23,50353
37529,0
8,31072
26,89502
1564,1783
394,0
160,0
5729,0
26361,105292
34438,31267
15,78270
4975,107838
9036,47020
67785,67785
200,0
12456,0
145,0
266,0
16539,0
4034,3969
169,0
79273,79201
71,46715
3197,3197
7,0
806,0
199,0
124,0
1,60659
1,68508
2514,52288
3,56957
364,4719
10389,11823
71158,66242
879,0
4,0
6119,1888
234,0
2166,0
26,0
72427,131079
6757,94505
4,0
10256,10267
276,0
926,55886
58473,0
80835,88836
35360,81528
3431,0
274,0
278,24732
5,0
33,47699
29,7435
298,56512
240,68933
2,0
1,0
1,5796
1,0
4230,0
11776,74470
8,19023
3,0
8,0
86980,94835
95260,108826
22729,25556
1932,0
2373,48078
1,0
4,0
88,65106
234,58030
7,19758
9,94371
31168,69403
2403,0
86995,85519
341,52347
153,0
2,0
37,0
5,0
1172,0
40,0
175,34415
1372,0
2,112297
1506,0
1532,0
120,0
1096,0
20,23464
10,0
57379,0
57830,82989
2188,2521
20,56493
1065,0
61383,81618
2,0
10,0
1,58309
240,77179
36,0
5737,0
14246,86093
2,0
19,56127
771,52525
93,0
1,0
325,60421
476,63754
1104,5739
180,0
1,40595
225,59464
18951,19680
279,44106
39,52836
7701,5323
1,0
1,0
533,0
391,0
2,20969
14,0
11,0
15,0
8,0
67,52882
46,69266
556,73648
43,0
20930,20931
25,0
2144,0
18,0
705,79979
1229,0
310,0
8851,0
1,0
9,90041
54,0
2,6
4166,0
871,82555
178,5179
38725,99991
5,0
107,0
2,42188
884,52221
26,0
8,0
93373,68890
45106,51957
9314,0
1289,36625
586,0
21623,0
1,0
54,19846
1,0
2732,0
58554,65133
6,0
5276,0
4,0
39,0
7,48084
15,48320
22680,28933
12564,0
87002,82511
65663,100227
9435,123493
6,0
116,0
60,82871
1568,58240
6432,24119
40,0
1,84132
62565,68535
12,109036
62861,90241
1,26263
1467,57373
27,10977
4753,4761
194,0
54677,64821
1,0
1435,0
7301,84874
2027,34994
7,0
1973,54585
3,0
377,0
16499,18683
25,0
556,0
78291,140974
4,0
9,0
7036,0
30,0
12,76139
6,0
4564,61162
45,0
12,1395
37355,45816
2,0
1707,2900
37,0
1,63469
128,0
93148,97715
4,0
2,0
14746,31348
823,0
3604,49888
28,0
10808,10829
5,79906
7,59063
18,0
804,0
281,0
20,95600
15923,43599
9506,55050
144,133
7174,0
1,0
8853,0
1,0
5,17504
3125,2243
68,35660
3,0
1,0
2,0
2544,105481
3,122667
427,49481
2,0
31,0
3,32556
9,-2231
3,46963
57,0
4588,0
170,413
67559,67559
12,0
14373,0
87,0
804,0
2,0
67057,74370
692,0
9,0
1,0
76,0
2,64364
1310,67913
23790,46823
20,1773
14,0
100,0
10426,27587
120,0
2991,19509
3020,0
790,0
837,46669
1085,0
1924,0
1152,0
2,29029
59167,58620
153,83220
18,11
3,31976
158,0
1,0
84847,83914
10619,0
8599,0
61591,62486
816,0
624,0
702,0
101,0
396,0
6417,6418
1,0
19,31222
1,44828
32596,61333
10,58000
1,0
20812,0
8638,0
33,0
47203,108736
1,0
5625,4862
48,0
1457,0
7,0
4546,0
69796,69234
1,56736
1,0
3,5418
50062,68002
38273,0
47915,68979
1,0
1543,43370
1,0
230,105781
23,58409
12313,0
9,0
17067,17067
17,0
4,8682
12315,12315
433,84246
32,7055
1346,0
3533,45245
15489,26569
38119,49540
735,35890
211,22907
9835,10559
335,0
1,0
8,7228
124,0
3,0
4650,0
17945,97396
894,61246
439,0
89,0
88,0
12818,83580
3,0
39,0
75375,173327
12,86885
4,15313
378,0
508,0
70149,68593
2,39305
2,0
5165,77876
738,0
390,11732
2,93040
23001,0
2,0
11,0
6,68223
2,0
345,0
133,91228
2,0
80,79
1,0
102,0
1013,41238
39,84555
495,0
68617,72521
1049,8360
22,29196
18769,0
4879,0
96071,98946
86,0
82202,82110
1786,46893
167,0
1930,2136
57,0
1,0
300,49529
2774,11001
121,73855
15,0
1147,0
31865,0
1,39752
20217,0
5313,0
45,325
42,0
30,0
25384,23685
54,46542
1,0
48991,0
53683,76283
11589,57141
445,0
5,0
1,0
1,0
190,88985
7108,0
27519,53896
15130,55994
406,0
2199,79708
27982,57481
106,0
6632,5006
300,0
2951,0
239,0
44410,59372
79,0
66261,101026
5369,50404
8919,0
3178,0
22,0
2448,56558
7,51096
13,28991
51434,91597
353,66579
19221,18051
1000,41387
66,47340
1,0
3326,3568
1443,0
2,150
6,45197
1,0
294,0
8,60935
1705,14127
53,77683
7582,0
44,0
45,0
72251,78948
28,22733
682,0
14137,0
1013,0
60,0
121,0
924,0
73937,70579
6,0
1,0
14001,0
24432,51511
24,0
7916,0
8,65428
13819,0
44,0
78717,81723
40583,40465
19,27353
16677,0
3193,0
3,49155
69,0
284,0
169,0
85,0
5,0
22,74471
57,22424
1,0
40,50657
49704,0
3388,3400
25821,0
1907,0
2,0
34825,48698
181,43049
5,0
7164,39267
1,0
333,58246
1111,57694
17,0
24,0
3366,73446
3712,0
1,0
12335,60941
1,0
9632,0
109,136815
1,0
2,10396
880,9547
149,0
115,0
2,56636
35306,125375
1,0
96,0
1902,55994
9936,9090
1,15745
194,0
49154,59815
695,0
30656,0
429,0
3798,58416
126,0
245,0
4931,0
260,0
7349,0
5,0
232,0
2,0
7,0
5026,0
2286,51814
5,0
177,0
46,0
7,56415
37247,0
20689,20697
782,0
16,0
7,78657
1783,0
9754,0
512,10354
3,146
42,19303
67,32581
3348,0
1006,13960
8952,0
49,59223
3,0
12108,30414
131,0
2,18188
544,0
22,29752
2203,833
518,27148
33,0
92,0
63975,84422
29,0
30088,0
4,0
35,0
10,69387
6,10766
120,0
9045,56447
522,88663
1,53541
88823,77765
1044,986
33,0
1,0
1290,927
47789,100599
858,66394
3,0
62,0
161,0
23089,0
25,13477
13699,13001
1037,0
18882,69435
4101,0
54,0
8536,0
31010,0
9,0
22,5966
13,75443
17987,17984
11,82167
35,24592
32419,82899
73,75204
9182,0
2,0
6,123604
16,0
11119,58277
10,0
20,0
3,72718
7,0
2,67548
1,6911
42141,42327
46,0
1,0
83,83
53740,64398
56933,81690
2,88072
1,0
1,0
380,92066
186,186
245,31788
11081,0
1409,62523
29168,56472
31,96805
5952,0
3760,0
5805,5804
2,0
3433,0
3978,0
368,0
9342,20645
1,0
6,0
6,0
1,0
1,0
376,55471
190,0
1628,0
1047,0
36,36
20257,0
376,0
4,0
26956,0
25,109317
31594,34043
4,62135
30,62760
14761,57208
19164,0
28,57525
949,46786
56,0
1110,44564
38120,91368
31241,0
344,0
81,31840
112,0
1,0
25,84936
6,7505
12564,64527
15,0
55,0
5436,21581
5530,51027
1,60947
44359,83391
328,55628
1,65284
11433,0
23432,0
174,53837
6954,66641
44,0
5,0
22081,68585
86,23616
18375,13202
41033,33491
64,0
26952,67663
1922,0
189,75846
89,0
9872,48109
521,46175
3,0
5,48385
1,425
1,0
8,96973
795,0
1,30223
1912,0
2995,5798
23929,131367
274,0
454,67720
3,0
3,0
68,0
25,0
9585,20513
242,0
4050,0
32290,91170
15963,15962
492,4755
3741,0
1557,0
95260,104582
610,49869
2,0
39180,133401
22,0
4,0
8152,88422
62205,74761
55064,40740
6,6
24494,0
5344,0
300,0
85655,136819
787,0
17,61228
122,76999
2,0
1453,110369
20,0
45,42
18834,0
3217,0
7562,7575
93236,125971
599,0
20048,21617
78203,56671
2196,0
30573,40292
3262,0
622,0
125,0
39,85802
1,35968
1336,0
247,0
2,0
49,0
458,0
2,0
440,0
825,0
53789,52800
12,0
1277,-163
8408,52235
11190,9339
30764,50380
137,0
149,0
4390,78673
33842,33828
107,0
19,83875
3,33800
18973,28297
24,63504
42023,45489
3682,-307
18,0
10424,49792
16,30462
1,0
183,36564
22,39912
24,0
4,0
34956,34956
58931,92876
6694,70901
33,0
4196,0
2,76910
7,0
10303,0
13,53054
5980,63887
341,0
41,0
7127,49956
1,0
1,0
9,29155
115,56951
74307,51244
1838,51235
1,0
1,0
48446,67674
7041,0
6,0
5,5358
1321,0
14,0
16,85118
16,0
458,1157
165,58159
56250,66136
30,18033
1103,0
32013,41369
52204,51520
2051,11936
3,0
1,1
10667,10801
9,89002
187,0
22147,31193
2,61171
6988,0
576,0
51664,48586
10,65477
4100,82165
1,0
879,116393
246,43817
1203,0
21,0
2,59801
72155,0
5,0
646,87683
4,56210
2,0
12683,50926
42211,72521
373,118367
2801,27762
20,13633
607,1109
1,0
4,0
3,72243
3,0
438,0
26,0
71015,70188
17229,16532
7232,13873
612,0
1,1
2219,0
83,0
849,0
2558,65623
1,16511
386,70105
9,0
52108,132079
67157,65264
26,203
1,52142
295,0
44367,83747
6238,8219
2,970
65936,119543
32956,49880
84106,85871
21,0
50272,76313
4,0
8766,0
6,0
418,0
7992,18285
2,0
842,0
227,0
19,26
346,77916
6984,27422
287,10822
343,0
32986,0
212,0
4,0
450,58237
70,-14014
9230,0
61,0
24,5493
5375,0
30,0
13,0
95873,111506
1230,0
7,31178
44,0
138,86066
39,0
1,0
20485,73715
190,0
1217,47773
27661,33385
25317,0
7,0
1,74639
32003,111899
42240,55919
45793,90848
3856,0
1521,0
109,13114
376,52877
281,0
86098,95273
1,0
17,0
41023,43654
82,0
265,42728
5,0
34766,15381
1182,0
83,0
163,0
49809,50478
436,0
4,0
25789,25426
11,0
1,28739
49439,86596
161,49467
34093,145351
1,8454
28164,62315
1,81226
836,0
60109,59530
222,0
218,0
21852,22315
134,0
619,36206
2,335
27803,0
3454,117397
191,49106
1428,57570
5,0
1,43753
336,0
47314,75575
456,75951
2248,33663
547,7360
1,-44532
188,0
87,48472
15,0
261,0
4925,0
1,0
2384,27792
2336,0
3077,0
67705,90402
1102,1679
186,0
2,10488
1,66109
1978,1978
68247,64877
37051,55709
1,75151
23,72897
145,80111
1,0
23,0
585,48700
8,50398
1,0
255,55152
2750,0
4,59477
276,0
1,0
35276,35041
9,48550
155,0
27361,0
356,0
5,0
2323,0
84993,59998
4422,13113
13341,0
5631,90945
26505,24454
64,64
41065,41014
2,0
1,0
467,0
5,0
75,5867
492,0
1,0
374,22894
54,-16690
2,60164
53894,67252
5,0
14941,52357
1,77105
115,0
11,0
33,0
329,0
5,0
2945,51467
1,0
73,0
1,0
6,0
178,0
207,0
16,0
43593,0
15,0
175,-3026
2583,41733
4,0
36268,77089
1424,84784
3,0
1,0
54675,55262
331,0
5410,0
56132,51205
81826,81794
53,0
15793,53058
41,0
50768,50807
44,0
36,48984
1295,0
416,0
229,0
224,0
10,0
3133,86639
2189,0
21396,27606
2419,0
85385,85385
42,187
2625,0
36405,95820
17,61523
2,0
14,0
30723,69986
82,0
7479,6603
12,0
6,52509
38967,63239
52,49007
20,0
10111,0
6077,5482
8,0
3599,0
2034,105355
460,74668
1638,0
12,6224
2,0
3,0
1274,0
59,100463
6746,44238
78347,80358
151,0
129,0
9,0
6658,0
107,0
1,0
734,0
12599,49719
14862,17447
1882,0
27932,74928
2,0
51405,75419
50459,51893
4,0
2,50369
3,0
3323,27015
5,0
7,0
2215,0
158,0
208,62272
60838,68247
6,0
3,0
29,0
2,0
654,53384
6334,6280
1314,0
2799,8296
201,72035
39214,78451
54166,50449
33,51614
1,0
88,0
205,153
20,48418
2697,0
80253,80235
40893,61194
450,0
12884,70283
521,38695
895,0
3247,0
2,0
1,0
94116,125903
38335,69481
7,3253
582,0
20,51751
95332,96092
62133,63290
15,-12
633,0
20,0
4986,0
217,0
11,0
1,0
1,0
6,0
1091,0
1,42917
93156,94785
11721,99013
1,0
3876,146850
9,0
22781,35970
241,29622
2760,0
387,0
46234,69088
3,0
1134,0
330,-39949
901,889
1,0
580,60285
6731,0
3428,0
216,0
34534,75697
1109,0
56818,56821
52,53718
4915,0
13976,73618
6,3864
399,47836
7,17774
4166,52632
17430,68592
314,0
1291,60615
47732,87077
683,0
3486,0
16,66574
42421,95529
14,0
2362,0
32,0
1,0
719,0
138,0
1,0
3,0
55802,111723
6169,0
3,44280
208,0
1866,0
20,0
23,0
2599,88874
3159,68212
66,0
1,46977
126,0
30,0
27735,79215
1,48151
32,36558
19,0
66267,59338
2220,0
83,0
205,12467
2376,0
48243,47289
25855,25855
3773,52414
1367,45871
277,0
1,51644
4,0
14313,26023
1,0
231,0
39,0
852,0
25045,24225
92,22167
72,4777
3358,40693
1,0
500,0
8,0
49673,40717
8,118992
6,0
2126,0
12352,0
784,5455
49,51155
1466,71036
99706,99706
6979,52721
1086,0
6232,18152
912,0
1576,0
13,13
12787,32474
12,0
5509,0
1,68764
7061,0
16,252
386,58141
22071,0
43,0
399,0
2,0
3564,3698
1,26036
987,0
44530,40489
578,0
29684,31151
2,4935
6,9024
413,82238
157,62325
4688,8126
7,0
30543,34175
1,0
3,59128
56,7255
4,51290
1,0
80,65113
3700,0
4268,0
54075,0
1066,65885
717,844
3,14017
60946,43173
1,0
7082,0
46484,78965
72,0
38,63926
13417,131376
3,0
3825,0
22004,97471
44,0
1,0
1,10241
7,0
3657,3657
1404,0
83,128
2,0
8384,58275
2,21230
1,0
18038,79735
78341,78463
1252,0
29082,19118
57,63785
10762,5062
54019,54019
10788,0
42,61052
6590,0
58,0
1,0
7425,7424
949,0
18155,18155
35,35
13,54626
3,8
2,61231
34940,80891
1,0
4,63847
4,0
7133,14024
37,0
2,0
16986,0
2180,0
1,15836
29,68233
14183,0
12720,0
263,0
2,92536
2,21608
1,1
3,0
1,0
1,62318
357,334
24837,0
28,0
51,0
2,-5350
76133,87653
1,-33245
17,8032
715,0
20144,67030
22,0
3,0
66697,68811
2049,0
4,0
77043,77904
2259,0
9890,0
17552,0
437,98928
19,0
63359,75229
14,0
4093,0
1,0
46464,92426
458,0
294,0
2178,0
281,76158
8698,46463
6,48255
8,65748
3,85046
643,0
1,0
4626,47992
8866,54988
1,0
9370,58807
35,0
10012,0
13,0
10822,10091
6609,0
5,0
21265,0
3,23583
34,92435
2,47859
84,0
12,78362
18,1515
206,2176
3769,0
564,0
1002,60466
677,0
34,0
4,13450
93,20700
206,60821
777,0
1,0
1,0
2,0
42066,60000
14796,145449
2,0
3,0
9,0
25482,25708
4169,0
1,37321
7,0
189,0
2666,0
129,30292
61921,61924
17774,0
1,-35
74,0
5,0
492,0
2,0
412,50707
34393,34159
4047,0
67,73942
1,30299
79,81049
4,0
145,101122
33012,56918
56,13
16788,150276
7,8203
5,0
4673,0
1837,0
11,101182
1,58030
1,100691
6,0
26568,27109
330,0
284,0
10,0
16,0
11,0
21147,66355
4,0
1094,38141
194,670
2,0
1,-152
24,0
1,0
76149,68275
315,0
6,51089
6,49147
124,65190
2,22437
3954,0
1,20503
99,24983
12629,0
1865,1865
42,21132
15,19635
286,0
2751,39377
19,0
905,0
1,127402
38,0
80764,93516
1853,105245
570,61687
1,0
1999,0
139,68039
3,0
3,56731
10,0
351,0
74645,73180
10038,9755
45,0
399,51363
5,0
7,50622
8,133776
176,57115
1,2805
652,21714
69779,74101
153,0
10897,0
2,0
2250,80807
518,518
38672,68172
76538,76730
42,0
159,0
32,37673
21409,0
1,0
1871,0
29,0
48,0
75,0
217,0
294,0
4188,0
21,23047
51748,52805
220,0
390,21441
133,0
1,0
23,0
10572,9642
2,0
23,0
186,758
10782,0
479,0
131,58457
54,0
295,0
17005,16999
171,59571
36,59213
2,-40
360,-3488
4,0
7285,0
6352,59861
6,0
2,53408
4640,140959
2386,96943
8,0
9574,0
9171,0
3825,130815
59748,82316
25,80444
18,0
1,113110
69870,64126
16,0
1411,0
1788,0
12,2240
2,0
23927,88047
1,56897
85679,96359
301,53863
25,62224
928,0
19,111322
9904,0
281,0
43886,90390
3,0
76,63074
7,0
3,0
4,11965
3458,9827
36,73617
38,57282
15,0
982,0
776,0
19,0
254,63690
4856,4856
18047,50125
11,13814
4,59723
40,21967
423,0
609,62746
12126,17737
2024,11492
17472,0
99,26708
18,87741
4080,0
7414,30023
2017,2016
7797,50134
3,0
69,0
77,0
19,0
20898,30761
636,0
441,0
2,71248
4,0
18985,53301
11,58428
43400,43472
21,633
66,0
1263,0
265,0
716,0
395,0
10,0
1667,43690
1,72182
126,0
48034,57906
13,0
46184,37904
2,0
167,0
436,31742
6623,53657
14377,53151
98,0
46640,46045
1791,63931
488,0
3,0
8,0
6,0
98174,88759
1215,1217
4,68026
23,132555
3,52198
1,48155
212,-27608
21,0
1404,49148
327,0
17,0
8,0
37204,106066
2564,0
6,92063
420,0
1,0
3294,0
2231,2234
144,0
3,30087
41,26301
5774,0
2,62158
1,0
33,37552
26,23088
109,61588
24,0
14,0
4271,0
12,0
89,0
26,27340
729,0
32497,61860
1,66485
41,0
48653,124442
114,0
127,0
62823,65972
18,46570
622,82590
5,0
31,67607
17802,46865
3,0
9,0
62,0
1480,0
14805,14836
137,1350
5523,0
1,0
1332,0
21043,0
1,55264
23,54871
8297,53094
2352,0
1,38882
86042,94234
58,0
7652,7570
1,0
8727,9800
792,0
2,0
18,91050
182,0
1668,0
6770,0
11,0
1,0
5,6218
1,0
5,0
39454,87414
1804,117294
185,254
5,98033
6,0
39029,105113
919,-1803
28852,124533
8904,30338
1612,1611
15,48921
54755,48125
1,0
1,85640
1,0
3,0
4868,28001
65,72129
73015,0
31903,72178
8125,26757
4,0
361,0
13,1731
1,0
52994,57058
34310,41976
88730,106204
1,6085
7,0
4870,39355
18263,0
595,0
2266,0
3,0
1260,1245
25,6566
282,0
16879,5735
1,0
6298,63902
26522,55038
9,58615
3,0
29,0
4,88107
12,0
157,0
931,0
1155,46786
225,0
975,475
7,0
4,0
64,5213
5778,0
3,0
8,14232
3,0
12,0
1,56232
1036,30863
13194,13194
714,48179
33099,29014
85,45344
52,0
38,83056
22857,0
80,0
13069,16933
10,52676
387,59317
33120,31252
3,64520
30633,62014
42897,37966
67,0
43825,70175
24856,24855
2574,0
123,16434
54,0
106,0
3117,52153
3,0
1426,54760
85,0
20,65739
49,0
252,0
2,51601
54,0
776,0
1,0
3,0
1,81307
1252,117588
9,108599
34063,33549
6974,11605
30206,73731
687,0
7,0
8835,0
13,0
1,24593
22,58717
1,3510
210,0
13470,15307
4214,0
19,0
12,12
474,0
520,0
11,0
70,49783
22896,0
6624,7283
5931,79874
60981,171830
1,0
261,0
31711,33291
4268,0
17911,63017
49886,50040
17090,17144
83341,137211
15239,39009
19,0
4,0
1,0
2,0
8521,6734
17882,0
5,0
1204,5383
134,0
1,0
37,0
61,331
9459,0
365,0
5978,81578
9159,55136
3,49208
1,0
209,0
31388,0
1620,0
5470,0
139,0
3,0
11436,40076
15643,0
1,0
21,0
1,0
73,0
3,0
127,0
1,0
1375,31130
393,105837
581,0
15,0
3,52415
5568,103603
2910,57442
1,0
5788,49759
96,4436
3338,4359
90,49922
560,0
11,100074
71377,66438
3,0
46601,51080
3908,0
30500,71538
46,0
1,100
5,0
352,17976
2938,0
22402,48634
17,0
54472,78698
6792,0
22246,0
581,0
1,0
39328,39258
29000,0
37,0
4,60134
92906,92873
6,69573
352,0
77754,76065
16,33185
7188,0
13254,62780
27987,0
32,0
4154,0
3569,89779
11,0
766,54503
2,0
4,0
2,49188
1862,28766
9,62530
2,0
62626,67567
146,0
1,76409
19767,19767
65,0
18913,53488
10222,12666
42836,41282
6,39233
6,77354
52,27362
8487,33184
312,64780
9,56
2,0
76827,97859
51543,52357
74,73817
5026,0
1038,0
638,0
11,124009
19,34184
6,0
70731,74308
4,12731
1,86704
40,0
1841,58351
3211,20531
131,10505
56,0
2377,0
10470,21642
59,1500
2643,0
83066,80234
29,0
3,0
2,82731
161,84234
16781,59032
1245,33036
2812,68446
61804,75187
48944,36721
6,0
1,0
258,0
3,64847
8,0
3359,37253
37044,37045
895,0
244,0
3126,2933
4,0
10203,0
27947,34488
10,0
12396,0
144,62127
13,0
186,151975
4269,0
93282,70550
2,53138
2976,0
14557,14140
63,89368
92489,41982
990,81943
14,39413
1223,0
4,70436
3803,0
903,0
671,0
10,24698
1,0
54805,122341
1,0
15453,27523
384,0
239,0
3897,0
150,0
1,0
24,24
1878,13219
341,41581
5,0
105,105
29282,33719
19,0
1,0
721,0
4,18
65859,75634
66256,74558
13707,0
216,0
5,0
2,10441
3,1897
762,56019
137,54957
17,62540
139,0
6407,0
2,70333
648,0
575,13734
19339,19085
19,0
10900,0
931,50791
3405,45492
77942,81957
1,0
349,51209
1,-27
69,5327
4,0
18469,110373
11361,21874
5,145307
47,65517
37,-832
3,0
3,199
135,0
1019,0
15,0
6,44274
142,0
12339,0
3771,70925
74,0
31326,27831
16,0
5,15493
1073,0
377,24842
543,106775
52683,63602
795,0
541,49323
868,83144
171,74363
68,0
21186,64452
5,45183
60118,56908
107,0
10198,0
2,0
1,0
12,85468
26,127721
81,50062
2,0
46147,51325
24,0
1215,0
1438,80796
63561,104603
21,81278
1834,0
13296,0
88332,91416
24677,24657
26,54986
1,0
3865,0
39,0
70,0
18393,15968
801,0
35057,100904
8,55131
982,2850
5395,0
21577,61443
4757,-4261
14,0
16,0
1695,29502
14090,0
58,92614
46,0
10375,24907
170,0
2,0
218,0
5,43949
11,0
25,0
30988,39361
37751,0
82887,79981
21,0
29490,28878
6531,30036
193,-1295
274,0
460,0
2,6327
9,59697
1,50279
81,0
10,0
83,0
36,0
2,0
8203,54923
31,17344
1,0
510,0
49,0
51,25755
21,79565
153,0
18,0
164,50008
5,0
82,16111
9,0
640,0
400,0
2,0
2,1808
59354,62989
2123,0
42295,73713
38666,54370
3331,60051
82604,94356
63,15239
10,0
3039,0
5,64611
109,13189
5217,42033
71322,81769
3,0
70,42114
3,88284
90126,59230
2661,0
17756,39391
5,0
4875,0
356,0
413,0
2211,0
13613,80924
933,1533
22,0
23,0
2,7038
29,0
303,0
2182,55220
73439,73498
29,0
16,0
3925,81383
84,0
5,76742
1,0
37,72187
1917,0
29,0
1607,70201
6,0
19313,0
2923,0
25,113582
34,0
6838,16275
17,0
10,0
24045,78998
2254,0
41110,48609
33,0
94,0
3,9117
11,0
2,0
2,28855
2069,54685
2,21021
3,3269
59,0
1509,0
4995,0
7104,0
1393,56009
16767,16455
1781,45233
3197,0
10904,0
1081,11198
270,0
262,73832
93,0
22177,0
37,56324
11447,11388
3,68735
21,18596
65689,127374
332,0
11091,30093
2,41151
1258,0
96827,99692
1,0
88146,80215
17157,51560
764,3929
4,74970
2,55312
69003,106844
1787,104799
695,2174
6,0
15,39299
418,43699
2,0
41147,53695
1786,10416
204,27543
2,0
533,533
91,0
12,0
5,41069
88,0
35015,0
422,8093
7840,31382
94,76281
60996,47846
9513,0
3149,0
466,0
26,17094
21,0
1,0
5158,93392
3977,0
1581,0
97731,96303
1,0
409,0
3747,0
1566,37158
15086,15090
37675,0
9,39543
820,0
8800,10375
2961,0
6,0
1180,0
181,0
87,0
12,0
1771,0
57,1061
11585,0
1138,0
1,0
23,0
9747,0
4680,14924
3,0
4,71360
56758,58781
1,94475
21877,56049
73739,73515
349,2941
42,55042
6,0
1,0
208,8975
1,0
1,0
2439,0
798,72559
31,0
234,96729
2145,0
51450,64097
89089,75083
3169,0
5390,9942
5,0
10,10219
3,34985
1,83458
1163,3736
1190,86395
44528,101411
2,71198
628,2390
2402,27850
13,82239
8735,0
786,0
216,72147
26580,32059
25247,0
42,0
1112,0
14,79443
39,62787
1,23699
1044,44480
86990,86998
53,0
9,0
72595,61854
7091,8279
209,0
3,0
66,44813
44,0
10941,73775
1,0
50,13936
89944,82267
3266,0
27709,0
9803,77976
36,0
29298,25876
95,15963
2,72920
101,64255
8670,76449
6888,15702
8,0
2,0
2,0
117,62291
926,923
29,0
26,0
3530,40634
45,20359
4927,0
434,0
11,0
5756,0
13977,60167
1603,0
16785,0
120,59588
71776,88171
5,0
30,0
123,75667
5915,65577
9,0
240,0
5,0
91116,93128
427,0
18,0
48,17415
41787,0
36937,80173
6,0
6,6
763,54139
1,62159
23378,98823
1919,3332
1,0
295,0
1,0
1,0
2,0
1840,0
1009,25674
116,68414
163,0
3,80674
70136,0
2221,0
1,0
79050,95789
2,0
11,84076
160,71206
32,18873
142,54399
19647,0
864,0
14,0
1017,0
6726,6431
1,0
41,0
108,0
13339,102470
42,20325
1,0
4,0
13064,34968
6855,0
5,-8548
67,0
137,0
2,0
18,0
40,0
2,53353
880,864
1,0
2796,2946
18926,0
609,0
790,0
28,105425
52862,67323
8952,8952
54729,52743
3516,2530
14,0
424,0
1,0
1,1
6977,64339
29020,0
19,0
1,0
4246,0
10,0
7562,6070
2,0
82,0
63794,57447
3,0
32398,55740
19961,0
663,0
1696,0
3,85416
5,47565
79571,78616
44,0
13,99852
419,68489
514,23334
5372,18363
6,6
105,11364
1,0
204,0
1,58224
77,0
32,0
31178,31346
17,0
5761,0
2,243962
959,0
471,0
12197,60600
15,0
933,70908
18837,20063
11634,54960
74253,81213
19,15162
29668,36496
114,0
2437,0
139,0
45,0
3,75700
12046,5063
390,58368
17,8107
5,0
5328,6679
298,0
8,4183
3,0
2,15012
614,119580
2870,0
4698,0
5075,0
2033,16294
1,58463
1,0
17426,0
3,0
5071,5071
69147,66368
2,0
21,0
32791,72424
48,0
234,68573
108,0
564,-4455
15,0
18106,54934
5460,11642
4322,0
598,0
3,18797
28228,73866
636,0
8148,0
1025,3048
2,0
1,0
743,0
71,0
87,76740
3951,7618
2511,-9246
32498,70507
2,0
1,122953
21,31372
7,0
14499,32595
651,646
433,0
2737,0
65,68889
1,0
323,0
1190,18751
35659,40759
2310,0
28,0
52718,76207
50465,53840
17,0
32,88582
14215,0
3,64003
1031,0
17979,22187
2,44462
18,65944
112,0
5444,5465
3,0
4,14953
549,0
2322,53881
529,0
7,0
147,49595
58,59077
47,0
15,42705
1,0
1,0
5,0
6,0
21861,21629
3954,59032
19268,15626
1,0
4,0
2874,69785
78,159600
2187,0
1409,0
140,6647
3,100542
70,0
17661,0
6775,0
218,93390
7,50950
6,2695
41660,42693
73,0
11964,74770
83,0
401,108313
11785,57678
35,0
61091,73589
91,0
136,0
22,0
59050,97553
1915,0
24772,81463
13,0
4,0
1425,0
12,0
26067,26286
93313,99312
1,36639
3,54612
3900,70375
39,0
134,0
272,0
2,0
446,0
4,42848
42,51884
2175,0
26705,54627
4,7645
1,0
3,68051
965,47605
39,0
6721,59548
31,74464
33553,38646
305,139177
2,0
4218,0
12,41863
2,0
3703,0
73566,92591
565,0
21763,54134
10,0
7,28222
309,0
838,0
8,0
4,0
9002,12162
1862,0
171,51656
62380,129338
1,0
3006,93712
7934,18389
8063,0
1,0
6244,6227
83,0
8992,61312
795,49179
5066,0
1390,8181
9628,0
21207,0
40229,47055
77689,81881
172,0
50410,61763
62,0
184,0
11,67252
3607,0
370,0
389,0
2052,0
41074,57056
3,0
4,0
18,0
48061,47018
34217,38985
30,0
51839,67291
23010,48519
10774,42027
21,0
6,49236
3849,0
22,0
1922,0
190,0
2359,57936
41182,60420
52,110535
11163,25362
9,0
108,126178
33,64634
768,51682
1079,0
4472,0
8,0
82,16004
6,75081
9,0
10,10
224,0
4,0
2,0
19630,0
36771,41013
886,19871
3,74862
18709,96786
2323,81713
93,0
2681,83616
41842,55924
1,0
1086,17869
6960,0
4457,17204
1262,0
3205,0
96881,103680
476,0
8758,113486
4,0
3487,50161
131,4318
214,3455
10214,10214
515,0
1659,0
6,0
2450,87495
37170,89630
5131,61544
1512,0
623,814
9303,0
1,96054
995,0
114,-57
5227,0
21464,67696
507,51451
1,0
2236,80270
67,0
328,0
257,0
17,85635
70661,75412
15498,0
1,49941
621,0
2560,0
6,6758
1795,16909
111,76149
31,57091
124,18860
1657,0
51,0
2,931
1,0
158,17818
1741,0
94825,97619
251,0
52252,53273
16,74645
177,0
11676,71890
4816,5043
2,0
6,0
61318,45319
3,0
93924,96265
3979,0
179,0
29,7721
39946,0
83374,101290
344,344
729,37371
10703,0
6,38363
2,0
8,75703
492,0
84199,135076
3,0
166,0
653,0
60050,97176
1,61477
1452,55983
12479,12680
2,59536
71,68083
2358,72641
26785,0
628,56789
9,0
9397,100792
3,0
2,0
22404,62644
56,0
4175,3816
1,69161
1911,0
2786,0
17554,29701
2,0
4149,0
62,0
588,0
132,0
1472,8861
163,85956
24047,113775
17,0
60,0
18,2988
32,102126
39,96031
4,0
4,52054
3,67397
24,47882
20,0
29188,41595
31,89154
7582,0
109,48300
36,0
5040,8564
3661,0
121,75705
3326,3326
27,-744
3935,79678
195,0
213,61505
25,0
113,0
948,8972
153,35997
8,0
2024,0
1,0
53,0
123,38971
43687,0
9806,9806
870,37737
6,0
50319,72790
167,0
8625,0
43610,46968
3004,74607
11,100164
99,-49893
6388,10894
6549,70050
50,0
1,0
2204,0
65,0
1224,0
16047,72347
1,0
44251,75875
3,0
3,0
8851,0
28007,23803
74631,74143
27881,0
4155,0
2710,45819
51529,54577
138,0
10,0
38378,0
133,0
72,50789
77321,95485
12498,35946
3,6246
10016,0
12,18710
1397,0
7626,0
894,0
195,0
1,0
3333,0
378,69580
1,0
409,4258
6937,16598
12464,0
1,6219
9,67229
48,0
277,0
7217,7240
1605,1610
9832,0
21,21
67424,90531
599,0
1,0
9,61738
5830,0
8217,0
6,0
16646,0
28,0
69024,83030
2,54590
17633,0
11,18549
12216,61195
732,0
44,0
3,0
380,81842
1759,65257
4481,0
5,9005
111,81
12243,0
6,69639
39072,40446
2,399
83,218
1,67208
447,0
48117,46779
998,57582
27,66336
1,81500
16089,26013
14855,15034
